Note : P(D|M) is the probability of site D given the model M (i.e., the site likelihood)
P(D|M,rr[x]) is the probability of site D given the model M and the relative rate
of evolution rr[x], where x is the class of rate to be considered.
We have P(D|M) = \sum_x P(x) x P(D|M,rr[x]).


Site   P(D|M)          P(D|M,rr[1]=0.1794)   P(D|M,rr[2]=0.5352)   P(D|M,rr[3]=1.0291)   P(D|M,rr[4]=2.2563)   Posterior mean        
1      0.0036416       0.0111911             0.00282922            0.000502343           4.36988e-05           0.284066              
2      0.000450299     0.000247953           0.000505493           0.000588002           0.00045975            1.08675               
3      5.23399e-05     3.92221e-06           2.50881e-05           5.96259e-05           0.000120723           1.66163               
4      4.8241e-05      2.49865e-06           1.84953e-05           5.14906e-05           0.000120479           1.73697               
5      0.0317692       0.0689785             0.0359908             0.0170022             0.00510535            0.477308              
6      0.000248673     0.000141389           0.000277771           0.000317853           0.000257679           1.0883                
7      0.0108808       0.0301033             0.0103115             0.00276174            0.00034655            0.334172              
8      1.58775e-05     2.26842e-06           1.13579e-05           2.11627e-05           2.87208e-05           1.46539               
9      0.000649758     0.000221751           0.000774521           0.000942515           0.000660246           1.12116               
10     0.000562503     0.000336996           0.000667604           0.000739258           0.000506155           1.03135               
11     0.0317692       0.0689785             0.0359908             0.0170022             0.00510535            0.477308              
12     8.20914e-05     4.49869e-05           9.33539e-05           0.000110333           7.96914e-05           1.0701                
13     0.0123202       0.0328826             0.0112682             0.00398418            0.00114592            0.377764              
14     0.000290705     0.000176572           0.000312465           0.000341567           0.000332218           1.11796               
15     0.000401203     0.000119183           0.000450557           0.00059076            0.000444312           1.16709               
16     0.0233693       0.0453183             0.0287104             0.0155774             0.0038712             0.516298              
17     0.0125982       0.0290656             0.0143275             0.00589295            0.00110662            0.425548              
18     0.0317692       0.0689785             0.0359908             0.0170022             0.00510535            0.477308              
19     0.000454947     0.00048276            0.000615163           0.00045993            0.000261935           0.813368              
20     0.00274891      0.00168051            0.0032635             0.0035967             0.00245492            1.02663               
21     2.45649e-05     1.85182e-06           1.07807e-05           2.58101e-05           5.98172e-05           1.70597               
22     0.000190559     7.90454e-05           0.000155469           0.00021353            0.000314193           1.34609               
23     0.000683701     0.000584127           0.000895865           0.00079043            0.000464384           0.894203              
24     0.000290705     0.000176572           0.000312465           0.000341567           0.000332218           1.11796               
25     0.02104         0.0485638             0.0236577             0.00984269            0.00209562            0.430522              
26     0.018433        0.0478237             0.0187703             0.0060587             0.00107924            0.370218              
27     0.000853316     0.00045262            0.000911308           0.00108355            0.000965787           1.13179               
28     0.000875517     0.000260582           0.000661017           0.00104363            0.00153684            1.41119               
29     0.00324114      0.00133321            0.00300878            0.00410117            0.0045214             1.25508               
30     0.000209181     4.4519e-05            0.000194969           0.000305421           0.000291815           1.29679               
31     2.93523e-05     2.40119e-07           4.34982e-06           2.15822e-05           9.1237e-05            1.96269               
32     0.00186316      0.001728              0.00268701            0.00221999            0.000817654           0.78865               
33     0.000839058     0.000521908           0.0010139             0.00111242            0.000708008           1.00664               
34     0.000181644     1.61016e-05           0.000104471           0.000235759           0.000370242           1.56459               
35     0.000366182     0.000105274           0.000282227           0.000445408           0.00063182            1.40222               
36     0.00346561      0.008612              0.00386498            0.00128961            9.58425e-05           0.372024              
37     0.02104         0.0485638             0.0236577             0.00984269            0.00209562            0.430522              
38     0.000203894     0.000118425           0.000246717           0.000278216           0.000172216           1.01544               
39     0.01438         0.0378734             0.0135905             0.00480138            0.00125474            0.379718              
40     0.0125982       0.0290656             0.0143275             0.00589295            0.00110662            0.425548              
41     0.0156949       0.0372252             0.0174433             0.00686486            0.00124644            0.412423              
42     0.000996422     0.00125739            0.00150431            0.000935374           0.000288615           0.663494              
43     0.01438         0.0378734             0.0135905             0.00480138            0.00125474            0.379718              
44     0.00346561      0.008612              0.00386498            0.00128961            9.58425e-05           0.372024              
45     0.00162509      0.00146082            0.00230782            0.0019582             0.000773511           0.808826              
46     0.00299377      0.0029571             0.00436024            0.00341964            0.00123808            0.766318              
47     0.0125982       0.0290656             0.0143275             0.00589295            0.00110662            0.425548              
48     0.000275195     0.000180492           0.000291869           0.000309108           0.00031931            1.1148                
49     0.000536739     0.000215821           0.000521389           0.00072452            0.000685227           1.21541               
50     0.000690101     0.000281604           0.000679826           0.000938686           0.000860289           1.20324               
51     0.00169633      0.00252538            0.00254219            0.00133672            0.000381022           0.596726              
52     0.000119971     2.43818e-05           0.000107428           0.000171066           0.000177008           1.32802               
53     0.0108808       0.0301033             0.0103115             0.00276174            0.00034655            0.334172              
54     0.0052392       0.00980311            0.00650872            0.00370449            0.000940475           0.533317              
55     0.01107         0.0317397             0.00959189            0.00248216            0.00046609            0.325988              
56     0.0002931       6.77115e-05           0.000286681           0.000430419           0.000387589           1.26495               
57     0.018433        0.0478237             0.0187703             0.0060587             0.00107924            0.370218              
58     0.00173631      0.00132229            0.00239049            0.00224994            0.000982535           0.870939              
59     0.000489295     0.000434506           0.00063639            0.000538286           0.000347997           0.898067              
60     0.0016997       0.00233407            0.00247309            0.00145518            0.000536439           0.654564              
61     0.00346561      0.008612              0.00386498            0.00128961            9.58425e-05           0.372024              
62     0.02104         0.0485638             0.0236577             0.00984269            0.00209562            0.430522              
63     0.000123018     5.54564e-05           0.00011472            0.000158651           0.000163244           1.22531               
64     0.000879078     0.000805987           0.00122694            0.00102798            0.000455403           0.820936              
65     0.00127553      0.000864809           0.00161095            0.00167102            0.000955337           0.958911              
66     0.0233693       0.0453183             0.0287104             0.0155774             0.0038712             0.516298              
67     0.02104         0.0485638             0.0236577             0.00984269            0.00209562            0.430522              
68     0.0317692       0.0689785             0.0359908             0.0170022             0.00510535            0.477308              
69     0.0317692       0.0689785             0.0359908             0.0170022             0.00510535            0.477308              
70     0.000594812     0.000451359           0.000756634           0.000732391           0.000438861           0.937197              
71     0.000264652     0.00014836            0.000277776           0.000344343           0.000288128           1.11443               
72     0.000121245     2.2846e-05            0.000100902           0.000169217           0.000192016           1.37219               
73     0.00880708      0.0241936             0.0085                0.00227946            0.000255227           0.335296              
74     0.000133733     2.6197e-05            0.000112509           0.000181592           0.000214634           1.376                 
75     0.000839058     0.000521908           0.0010139             0.00111242            0.000708008           1.00664               
76     3.79103e-05     4.83672e-06           2.12287e-05           4.09121e-05           8.46637e-05           1.61801               
77     0.00308554      0.00328481            0.00456799            0.00335847            0.00113088            0.732601              
78     0.00267959      0.00276568            0.00352657            0.00285049            0.00157562            0.827747              
79     0.000566065     0.000400696           0.000708375           0.000709635           0.000445554           0.965695              
80     0.0317692       0.0689785             0.0359908             0.0170022             0.00510535            0.477308              
81     0.000724119     0.000698757           0.000988382           0.000794326           0.000415009           0.83141               
82     0.000557025     0.00065395            0.000806742           0.000539444           0.000227962           0.72644               
83     0.0123202       0.0328826             0.0112682             0.00398418            0.00114592            0.377764              
84     0.000126211     0.00010692            0.000145676           0.000132393           0.000119853           0.997965              
85     9.53007e-05     2.15871e-05           8.93906e-05           0.000134239           0.000135986           1.30293               
86     0.00018673      2.66316e-05           0.000138561           0.000260002           0.000321727           1.43577               
87     0.000178656     2.08937e-05           0.000118503           0.000243344           0.000331883           1.49228               
88     0.000417739     0.000553932           0.000642234           0.000375472           9.93162e-05           0.63053               
89     3.07918e-05     4.42332e-06           1.86398e-05           3.34946e-05           6.66094e-05           1.58751               
90     0.000499334     0.000406354           0.000628587           0.000566145           0.000396252           0.944255              
91     0.000905585     0.0012539             0.001322              0.00076332            0.000283112           0.650633              
92     0.0125982       0.0290656             0.0143275             0.00589295            0.00110662            0.425548              
93     0.0108808       0.0301033             0.0103115             0.00276174            0.00034655            0.334172              
94     0.000132599     7.5974e-05            0.000156257           0.000180734           0.000117432           1.03359               
95     0.040767        0.040767              0.040767              0.040767              0.040767              1                     
96     0.053287        0.053287              0.053287              0.053287              0.053287              1                     
97     0.04404         0.04404               0.04404               0.04404               0.04404               1                     
98     0.061197        0.061197              0.061197              0.061197              0.061197              1                     
99     0.062157        0.062157              0.062157              0.062157              0.062157              1                     
100    0.099081        0.099081              0.099081              0.099081              0.099081              1                     
101    0.062157        0.062157              0.062157              0.062157              0.062157              1                     
102    0.034155        0.034155              0.034155              0.034155              0.034155              1                     
103    0.069147        0.069147              0.069147              0.069147              0.069147              1                     
104    0.099081        0.099081              0.099081              0.099081              0.099081              1                     
105    0.053287        0.053287              0.053287              0.053287              0.053287              1                     
106    0.022355        0.022355              0.022355              0.022355              0.022355              1                     
107    0.000310476     0.000186214           0.000375836           0.000423334           0.00025652            1.0057                
108    0.00192667      0.00143487            0.00241985            0.00235965            0.00149233            0.95345               
109    0.00127553      0.000864809           0.00161095            0.00167102            0.000955337           0.958911              
110    0.0011692       0.00103561            0.00155279            0.00133489            0.000753521           0.874685              
111    0.000758256     0.000494885           0.000938486           0.000996482           0.000603172           0.981681              
112    2.41694e-05     9.86145e-07           8.77677e-06           2.60742e-05           6.08406e-05           1.74788               
113    0.000233951     0.000168465           0.000304791           0.000286676           0.000175873           0.945906              
114    0.000758256     0.000494885           0.000938486           0.000996482           0.000603172           0.981681              
115    0.0014127       0.000207402           0.000836838           0.00167595            0.00293061            1.56121               
116    0.00286166      0.00108721            0.00260369            0.00361727            0.00413845            1.27973               
117    0.0190882       0.0381871             0.0215983             0.0116472             0.00492006            0.543508              
118    0.00143834      0.000142635           0.000621076           0.00149995            0.00348968            1.69907               
119    0.000869619     0.000511097           0.000923873           0.00104929            0.000994219           1.12383               
120    0.00454404      0.00283897            0.00525627            0.00552095            0.00455998            1.06143               
121    0.000359369     0.000168536           0.000353596           0.000446969           0.000468375           1.20784               
122    6.45538e-05     1.21798e-05           5.66777e-05           9.34751e-05           9.58825e-05           1.3363                
123    3.9115e-05      1.23783e-06           1.07912e-05           3.55764e-05           0.000108855           1.84211               
124    0.0317692       0.0689785             0.0359908             0.0170022             0.00510535            0.477308              
125    0.016797        0.04121               0.0179799             0.00667612            0.00132178            0.39992               
126    0.00018192      9.05879e-05           0.000193656           0.000241515           0.000201921           1.13241               
127    0.00265055      0.00156709            0.00314724            0.00349111            0.00239677            1.03432               
128    0.000676248     8.27418e-05           0.000356815           0.00076693            0.0014985             1.61779               
129    0.00174588      0.000297325           0.000961143           0.00192485            0.00380019            1.59274               
130    0.00120996      0.000223264           0.000699999           0.00134142            0.00257518            1.57143               
131    0.00238085      0.000719581           0.00188996            0.00295335            0.0039605             1.37723               
132    0.0208451       0.0430345             0.0231024             0.0118671             0.00537644            0.532848              
133    0.000415286     6.90751e-05           0.000228618           0.000455088           0.000908365           1.59686               
134    0.00111427      0.000544169           0.00116016            0.00144143            0.00131132            1.15785               
135    0.00179857      0.000341725           0.0012541             0.00230027            0.0032982             1.46524               
136    0.00149726      0.000518009           0.00120128            0.001752              0.00251774            1.37244               
137    0.000816785     0.000125986           0.000426677           0.000876163           0.00183831            1.62233               
138    0.00230324      0.000448067           0.00152125            0.00283988            0.00440377            1.49281               
139    0.000876667     8.20601e-05           0.000336267           0.000828933           0.00225941            1.75255               
140    0.00449827      0.00237921            0.00495968            0.00595785            0.00469632            1.10091               
141    0.0053193       0.00234616            0.00516022            0.00678385            0.00698698            1.2186                
142    0.00546166      0.0103821             0.0067414             0.00374716            0.000976018           0.52773               
143    0.00538837      0.00396157            0.00672546            0.00650954            0.00435691            0.966876              
144    0.000370496     0.000465358           0.000579186           0.000357396           8.0044e-05            0.635544              
145    3.34432e-05     2.65072e-05           3.91356e-05           3.58077e-05           3.23222e-05           1.01275               
146    0.000105911     1.892e-05             8.66124e-05           0.000145006           0.000173106           1.39162               
147    0.00287824      0.00150764            0.003073              0.00368013            0.00325218            1.13265               
148    0.00233373      0.000951313           0.00210168            0.00286796            0.00341396            1.28011               
149    0.00547949      0.0026076             0.00552516            0.00697877            0.00680643            1.1846                
150    0.0192341       0.0410998             0.0206332             0.01026               0.00494352            0.521597              
151    0.00196085      0.000335807           0.00141038            0.0025416             0.00355562            1.46022               
152    0.00683414      0.0106214             0.00826669            0.00586694            0.00258152            0.665494              
153    0.00225343      0.000886833           0.00206538            0.0028296             0.00323192            1.27234               
154    0.0103915       0.00580542            0.0113216             0.0131738             0.0112651             1.10849               
155    0.0013109       0.000143253           0.000703295           0.00157223            0.00282482            1.60075               
156    0.0248727       0.0481699             0.0271011             0.0158516             0.00836807            0.586397              
157    0.00198921      0.000367709           0.00128896            0.00245034            0.00384985            1.50358               
158    0.000274799     3.50598e-05           0.00014136            0.000306523           0.000616251           1.62649               
159    0.000537887     0.000118045           0.000371251           0.000652972           0.00100928            1.47292               
160    0.000263711     2.10478e-05           0.000125083           0.000301461           0.000607254           1.66005               
161    0.00202096      0.000548962           0.00152932            0.00251881            0.00348675            1.40727               
162    0.000844549     0.000107524           0.000446916           0.000961518           0.00186224            1.6132                
163    0.000487985     0.000103861           0.000359423           0.000629              0.000859656           1.43341               
164    0.000398859     4.27476e-05           0.0001767             0.000410672           0.000965317           1.69414               
165    0.00765159      0.0163553             0.00899911            0.00418802            0.0010639             0.472491              
166    0.099081        0.099081              0.099081              0.099081              0.099081              1                     
Note : P(D|M) is the probability of site D given the model M (i.e., the site likelihood)
P(D|M,rr[x]) is the probability of site D given the model M and the relative rate
of evolution rr[x], where x is the class of rate to be considered.
We have P(D|M) = \sum_x P(x) x P(D|M,rr[x]).


Site   P(D|M)          P(D|M,rr[1]=0.1787)   P(D|M,rr[2]=0.5342)   P(D|M,rr[3]=1.0287)   P(D|M,rr[4]=2.2584)   Posterior mean        
1      0.00364287      0.0112043             0.00282491            0.000498924           4.34054e-05           0.282911              
2      0.000450221     0.000247743           0.000505926           0.000588278           0.000458935           1.08622               
3      5.2425e-05      3.90616e-06           2.50963e-05           5.97327e-05           0.000120965           1.66304               
4      4.83581e-05     2.49218e-06           1.85238e-05           5.16421e-05           0.000120775           1.73819               
5      0.0317545       0.0690187             0.0359668             0.0169539             0.00507873            0.47597               
6      0.00024875      0.00014131            0.000278099           0.000318149           0.000257441           1.08794               
7      0.0108806       0.0301312             0.0102995             0.00274744            0.000344084           0.332924              
8      1.58836e-05     2.26025e-06           1.13605e-05           2.11837e-05           2.87301e-05           1.46611               
9      0.000649721     0.000221396           0.000775516           0.000942942           0.000659028           1.12056               
10     0.000562491     0.000336798           0.000668362           0.000739737           0.000505067           1.03061               
11     0.0317545       0.0690187             0.0359668             0.0169539             0.00507873            0.47597               
12     8.17844e-05     4.47962e-05           9.31125e-05           0.000110008           7.92212e-05           1.06935               
13     0.012321        0.032916              0.0112571             0.00397063            0.00114034            0.376497              
14     0.000290921     0.000176511           0.000312864           0.000341922           0.000332389           1.11807               
15     0.000401004     0.000118836           0.000450791           0.000590884           0.000443505           1.16676               
16     0.0233518       0.0453357             0.0286954             0.0155363             0.00383973            0.514779              
17     0.0125923       0.0290834             0.0143164             0.00587167            0.00109763            0.424147              
18     0.0317545       0.0690187             0.0359668             0.0169539             0.00507873            0.47597               
19     0.000454839     0.000482677           0.000615589           0.000459631           0.00026146            0.812598              
20     0.0027472       0.00167904            0.00326543            0.00359644            0.00244787            1.02581               
21     2.46397e-05     1.84776e-06           1.08e-05              2.58921e-05           6.00187e-05           1.70743               
22     0.000190347     7.87131e-05           0.000155081           0.000213265           0.000314329           1.34777               
23     0.000683513     0.000583895           0.000896552           0.000790247           0.000463358           0.893419              
24     0.000290921     0.000176511           0.000312864           0.000341922           0.000332389           1.11807               
25     0.0210308       0.0485944             0.0236395             0.00980849            0.00208093            0.429147              
26     0.0184298       0.0478627             0.0187516             0.00603218            0.00107287            0.368941              
27     0.000852957     0.000451841           0.000911409           0.00108368            0.000964903           1.13181               
28     0.000876086     0.000260065           0.000661145           0.00104467            0.00153847            1.41219               
29     0.00324091      0.00133074            0.00300923            0.00410335            0.00452033            1.25545               
30     0.00020925      4.44347e-05           0.000195256           0.000305828           0.000291483           1.29646               
31     2.94932e-05     2.39112e-07           4.3595e-06            2.16905e-05           9.16837e-05           1.96439               
32     0.00186139      0.00172711            0.00268839            0.00221753            0.000812515           0.787172              
33     0.000838524     0.000521444           0.00101456            0.00111249            0.000705602           1.00567               
34     0.000181858     1.60543e-05           0.000104597           0.000236248           0.00037053            1.56521               
35     0.000366823     0.000105191           0.000282678           0.000446408           0.000633014           1.40301               
36     0.00346421      0.00861775            0.00386137            0.00128338            9.43559e-05           0.370645              
37     0.0210308       0.0485944             0.0236395             0.00980849            0.00208093            0.429147              
38     0.000203825     0.000118349           0.000246987           0.000278329           0.000171634           1.01438               
39     0.0143799       0.0379097             0.0135772             0.0047842             0.00124827            0.378441              
40     0.0125923       0.0290834             0.0143164             0.00587167            0.00109763            0.424147              
41     0.0156886       0.0372498             0.0174291             0.00683925            0.00123632            0.411039              
42     0.000995402     0.0012568             0.00150442            0.000933276           0.000287117           0.662228              
43     0.0143799       0.0379097             0.0135772             0.0047842             0.00124827            0.378441              
44     0.00346421      0.00861775            0.00386137            0.00128338            9.43559e-05           0.370645              
45     0.00162321      0.00145972            0.00230848            0.00195579            0.000768832           0.807397              
46     0.00299116      0.00295575            0.00436239            0.00341552            0.00123099            0.764934              
47     0.0125923       0.0290834             0.0143164             0.00587167            0.00109763            0.424147              
48     0.000275427     0.000180437           0.000292195           0.000309432           0.000319645           1.11512               
49     0.000536993     0.000215653           0.000522079           0.000725621           0.000684619           1.21511               
50     0.000690362     0.000281384           0.000680719           0.000940059           0.000859287           1.20284               
51     0.00169499      0.00252509            0.00254237            0.00133321            0.000379305           0.595497              
52     0.000119917     2.42971e-05           0.000107438           0.00017112            0.000176815           1.32818               
53     0.0108806       0.0301312             0.0102995             0.00274744            0.000344084           0.332924              
54     0.00523492      0.00980645            0.0065056             0.00369523            0.000932376           0.531747              
55     0.0110719       0.0317734             0.00958007            0.00247012            0.000463815           0.324783              
56     0.000292907     6.7478e-05            0.00028671            0.000430504           0.000386938           1.26485               
57     0.0184298       0.0478627             0.0187516             0.00603218            0.00107287            0.368941              
58     0.00173198      0.00131767            0.00238746            0.00224583            0.000976977           0.870032              
59     0.000489271     0.000434394           0.000636965           0.000538187           0.000347538           0.89746               
60     0.00169813      0.00233324            0.00247295            0.0014519             0.000534448           0.653447              
61     0.00346421      0.00861775            0.00386137            0.00128338            9.43559e-05           0.370645              
62     0.0210308       0.0485944             0.0236395             0.00980849            0.00208093            0.429147              
63     0.000122787     5.52235e-05           0.000114478           0.000158502           0.000162946           1.22584               
64     0.000878266     0.000805447           0.00122739            0.00102692            0.000453306           0.819724              
65     0.00127457      0.000864067           0.00161191            0.00167069            0.000951608           0.957822              
66     0.0233518       0.0453357             0.0286954             0.0155363             0.00383973            0.514779              
67     0.0210308       0.0485944             0.0236395             0.00980849            0.00208093            0.429147              
68     0.0317545       0.0690187             0.0359668             0.0169539             0.00507873            0.47597               
69     0.0317545       0.0690187             0.0359668             0.0169539             0.00507873            0.47597               
70     0.000593383     0.000449729           0.000755391           0.000731099           0.000437312           0.936833              
71     0.000264184     0.000147801           0.000277367           0.000344101           0.000287466           1.11454               
72     0.000121261     2.27609e-05           0.000100931           0.000169399           0.000191953           1.37256               
73     0.00880656      0.0242154             0.00849023            0.00226743            0.000253189           0.334038              
74     0.000133713     2.60943e-05           0.000112484           0.000181665           0.000214609           1.37665               
75     0.000838524     0.000521444           0.00101456            0.00111249            0.000705602           1.00567               
76     3.79237e-05     4.8116e-06            2.11879e-05           4.08932e-05           8.48023e-05           1.62012               
77     0.00308261      0.00328342            0.00456968            0.00335324            0.00112412            0.731201              
78     0.00267746      0.00276442            0.00352733            0.00284782            0.00157027            0.82673               
79     0.000565787     0.000400394           0.000708842           0.00070956            0.00044435            0.964877              
80     0.0317545       0.0690187             0.0359668             0.0169539             0.00507873            0.47597               
81     0.000723598     0.000698344           0.000988714           0.00079355            0.000413784           0.830495              
82     0.000556602     0.000653653           0.000806934           0.000538561           0.000227262           0.725444              
83     0.012321        0.032916              0.0112571             0.00397063            0.00114034            0.376497              
84     0.000125937     0.000106519           0.000145311           0.000132117           0.000119801           0.99877               
85     9.52872e-05     2.15247e-05           8.9435e-05            0.000134305           0.000135884           1.30307               
86     0.000186804     2.65652e-05           0.000138712           0.000260368           0.000321572           1.4359                
87     0.00017885      2.0839e-05            0.000118672           0.000243888           0.000332001           1.49259               
88     0.00041742      0.000553811           0.000642437           0.000374647           9.87854e-05           0.629252              
89     3.08163e-05     4.40152e-06           1.86109e-05           3.349e-05             6.67628e-05           1.58972               
90     0.000499362     0.000406238           0.00062922            0.000566199           0.000395791           0.943718              
91     0.000905021     0.00125377            0.00132233            0.000761802           0.000282176           0.649534              
92     0.0125923       0.0290834             0.0143164             0.00587167            0.00109763            0.424147              
93     0.0108806       0.0301312             0.0102995             0.00274744            0.000344084           0.332924              
94     0.000132126     7.56587e-05           0.000155887           0.000180253           0.000116705           1.0327                
95     0.040767        0.040767              0.040767              0.040767              0.040767              1                     
96     0.053287        0.053287              0.053287              0.053287              0.053287              1                     
97     0.04404         0.04404               0.04404               0.04404               0.04404               1                     
98     0.061197        0.061197              0.061197              0.061197              0.061197              1                     
99     0.062157        0.062157              0.062157              0.062157              0.062157              1                     
100    0.099081        0.099081              0.099081              0.099081              0.099081              1                     
101    0.062157        0.062157              0.062157              0.062157              0.062157              1                     
102    0.034155        0.034155              0.034155              0.034155              0.034155              1                     
103    0.069147        0.069147              0.069147              0.069147              0.069147              1                     
104    0.099081        0.099081              0.099081              0.099081              0.099081              1                     
105    0.053287        0.053287              0.053287              0.053287              0.053287              1                     
106    0.022355        0.022355              0.022355              0.022355              0.022355              1                     
107    0.000310254     0.000186045           0.00037611            0.000423406           0.000255455           1.00453               
108    0.00192537      0.00143375            0.0024209             0.00235865            0.00148817            0.952633              
109    0.00127457      0.000864067           0.00161191            0.00167069            0.000951608           0.957822              
110    0.00116844      0.00103496            0.00155345            0.00133394            0.000751403           0.873814              
111    0.000757749     0.000494456           0.000939077           0.000996414           0.000601046           0.980677              
112    2.42361e-05     9.82739e-07           8.79135e-06           2.6163e-05            6.10075e-05           1.7491                
113    0.000233843     0.000168339           0.000305014           0.000286551           0.000175468           0.945156              
114    0.000757749     0.000494456           0.000939077           0.000996414           0.000601046           0.980677              
115    0.00141546      0.0002071             0.000838139           0.00168008            0.00293652            1.5622                
116    0.00286287      0.00108612            0.00260589            0.00362065            0.00413883            1.28                  
117    0.0190728       0.0382005             0.0215763             0.0116132             0.00490116            0.542232              
118    0.00144273      0.000142433           0.000622207           0.00150508            0.00350121            1.70047               
119    0.000869515     0.000510691           0.000924281           0.00104944            0.00099365            1.1238                
120    0.00454244      0.00283657            0.00525829            0.00551889            0.00455602            1.06124               
121    0.000359431     0.000168383           0.000353829           0.000447218           0.000468294           1.20799               
122    6.45715e-05     1.21498e-05           5.67388e-05           9.35842e-05           9.58132e-05           1.33626               
123    3.9267e-05      1.23467e-06           1.08137e-05           3.57214e-05           0.000109298           1.84369               
124    0.0317545       0.0690187             0.0359668             0.0169539             0.00507873            0.47597               
125    0.0167919       0.0412401             0.0179642             0.00665051            0.00131268            0.398581              
126    0.000181944     9.05222e-05           0.000193863           0.000241755           0.000201637           1.13195               
127    0.00264573      0.0015616             0.00314401            0.00348785            0.00238945            1.03401               
128    0.000677271     8.25e-05              0.00035693            0.000768225           0.00150143            1.61919               
129    0.00174846      0.000296645           0.000961406           0.00192801            0.00380779            1.59418               
130    0.00121172      0.000222757           0.000700181           0.00134346            0.00258046            1.57289               
131    0.00238179      0.0007181             0.00189033            0.00295602            0.00396269            1.378                 
132    0.0208435       0.0430664             0.0230975             0.0118453             0.00536496            0.53177               
133    0.000415947     6.89127e-05           0.000228681           0.000455821           0.000910373           1.59839               
134    0.00111382      0.00054319            0.0011603             0.00144174            0.00131005            1.15787               
135    0.00179957      0.000340812           0.00125444            0.00230302            0.00330002            1.46603               
136    0.00149825      0.000517039           0.00120147            0.00175343            0.00252106            1.37353               
137    0.0008182       0.000125687           0.000426797           0.000877662           0.00184265            1.62392               
138    0.00230489      0.000446967           0.00152166            0.00284362            0.00440731            1.49372               
139    0.000878985     8.18443e-05           0.000336383           0.000830774           0.00226694            1.75447               
140    0.00449511      0.00237499            0.00496028            0.00595836            0.00468681            1.10054               
141    0.0053182       0.00234187            0.00516095            0.00678666            0.00698331            1.21884               
142    0.00545919      0.010387              0.00674031            0.00373986            0.00096954            0.526341              
143    0.00538432      0.00395552            0.00672579            0.00650633            0.00434963            0.966512              
144    0.000370093     0.000465126           0.000579279           0.000356552           7.9413e-05            0.634097              
145    3.34654e-05     2.65011e-05           3.91768e-05           3.58275e-05           3.23561e-05           1.01293               
146    0.000105924     1.88572e-05           8.66383e-05           0.000145109           0.000173093           1.39212               
147    0.00287706      0.00150535            0.00307373            0.00368068            0.0032485             1.13255               
148    0.00233427      0.0009498             0.00210232            0.0028699             0.00341504            1.28066               
149    0.00547816      0.00260353            0.00552664            0.00698123            0.00680125            1.18466               
150    0.0192312       0.0411297             0.0206232             0.0102379             0.00493397            0.520523              
151    0.0019623       0.000334888           0.00141119            0.00254485            0.00355826            1.46099               
152    0.00682937      0.010624              0.00826507            0.0058591             0.0025693             0.664169              
153    0.00225379      0.000885344           0.00206605            0.00283137            0.00323239            1.27281               
154    0.0103864       0.00579691            0.011324              0.0131749             0.0112498             1.10829               
155    0.00131276      0.000142858           0.000703803           0.00157532            0.00282906            1.60182               
156    0.0248665       0.0482008             0.0270908             0.0158256             0.00834905            0.585328              
157    0.00199103      0.0003669             0.0012897             0.00245422            0.00385331            1.50444               
158    0.000275282     3.49761e-05           0.000141453           0.000307152           0.000617545           1.62783               
159    0.000538419     0.000117803           0.000371439           0.000653877           0.00101056            1.47393               
160    0.000264179     2.09794e-05           0.00012518            0.000302126           0.000608431           1.66128               
161    0.00202209      0.000547936           0.00153001            0.00252184            0.00348859            1.40796               
162    0.000845975     0.000107261           0.000447212           0.000963423           0.00186601            1.61451               
163    0.000488264     0.000103626           0.000359614           0.000629794           0.000860023           1.43405               
164    0.000399814     4.26463e-05           0.000176822           0.000411628           0.000968159           1.6958                
165    0.00764858      0.016365              0.008995              0.0041762             0.00105817            0.471174              
166    0.099081        0.099081              0.099081              0.099081              0.099081              1                     
Note : P(D|M) is the probability of site D given the model M (i.e., the site likelihood)
P(D|M,rr[x]) is the probability of site D given the model M and the relative rate
of evolution rr[x], where x is the class of rate to be considered.
We have P(D|M) = \sum_x P(x) x P(D|M,rr[x]).


Site   P(D|M)          P(D|M,rr[1]=0.1785)   P(D|M,rr[2]=0.5340)   P(D|M,rr[3]=1.0286)   P(D|M,rr[4]=2.2590)   Posterior mean        
1      0.00364301      0.0112072             0.00282351            0.000498028           4.33398e-05           0.282609              
2      0.000450525     0.000247887           0.00050647            0.000588805           0.000458939           1.08598               
3      5.24182e-05     3.89741e-06           2.50754e-05           5.97198e-05           0.00012098            1.66355               
4      4.83923e-05     2.49253e-06           1.8539e-05            5.16879e-05           0.00012085            1.73842               
5      0.0317505       0.069028              0.0359599             0.0169418             0.00507246            0.475634              
6      0.000248979     0.000141399           0.000278429           0.00031852            0.00025757            1.08781               
7      0.0108802       0.0301375             0.0102958             0.00274373            0.000343551           0.332602              
8      1.5877e-05      2.25603e-06           1.13518e-05           2.11756e-05           2.87245e-05           1.46647               
9      0.000650199     0.000221558           0.000776494           0.00094373            0.000659015           1.12026               
10     0.000562941     0.000337004           0.000669128           0.000740501           0.00050513            1.03038               
11     0.0317505       0.069028              0.0359599             0.0169418             0.00507246            0.475634              
12     8.14212e-05     4.45941e-05           9.27257e-05           0.000109534           7.88314e-05           1.06917               
13     0.0123212       0.0329238             0.0112544             0.00396756            0.00113905            0.376181              
14     0.000291223     0.000176647           0.000313296           0.000342352           0.000332597           1.11794               
15     0.000400975     0.0001187             0.000450797           0.000590978           0.000443423           1.16681               
16     0.0233465       0.0453396             0.0286903             0.0155245             0.00383144            0.514377              
17     0.0125904       0.0290874             0.0143129             0.00586596            0.0010954             0.423784              
18     0.0317505       0.069028              0.0359599             0.0169418             0.00507246            0.475634              
19     0.000455128     0.000483013           0.000616193           0.000459892           0.000261414           0.812298              
20     0.00274783      0.00167982            0.00326769            0.00359751            0.00244629            1.02545               
21     2.46747e-05     1.84852e-06           1.08152e-05           2.59347e-05           6.01002e-05           1.70768               
22     0.000189858     7.83506e-05           0.000154453           0.000212621           0.000314008           1.34902               
23     0.00068392      0.00058424            0.000897367           0.000790746           0.000463327           0.893169              
24     0.000291223     0.000176647           0.000313296           0.000342352           0.000332597           1.11794               
25     0.0210281       0.0486013             0.023634              0.00979956            0.00207743            0.428796              
26     0.0184286       0.0478716             0.0187459             0.00602542            0.00107149            0.368616              
27     0.000852802     0.000451475           0.000911256           0.00108367            0.000964804           1.13193               
28     0.000876018     0.000259822           0.000660951           0.00104465            0.00153865            1.41252               
29     0.00324041      0.00132959            0.00300854            0.00410332            0.00452021            1.25565               
30     0.000209399     4.44593e-05           0.000195505           0.000306144           0.000291489           1.29619               
31     2.95369e-05     2.38908e-07           4.36342e-06           2.17253e-05           9.18201e-05           1.96481               
32     0.00186167      0.00172792            0.00268999            0.00221753            0.000811241           0.78669               
33     0.000838861     0.00052167            0.00101534            0.00111311            0.000705328           1.00538               
34     0.000181938     1.60473e-05           0.000104655           0.000236418           0.000370632           1.56532               
35     0.000367316     0.000105261           0.000283081           0.000447119           0.000633803           1.40314               
36     0.00346366      0.00861901            0.0038601             0.00128156            9.39575e-05           0.370273              
37     0.0210281       0.0486013             0.023634              0.00979956            0.00207743            0.428796              
38     0.000203936     0.00011842            0.000247245           0.000278533           0.000171546           1.014                 
39     0.0143797       0.0379183             0.0135738             0.00478008            0.00124675            0.37812               
40     0.0125904       0.0290874             0.0143129             0.00586596            0.0010954             0.423784              
41     0.0156866       0.0372553             0.0174247             0.00683249            0.00123387            0.410683              
42     0.000995619     0.00125745            0.00150521            0.000933042           0.000286765           0.661817              
43     0.0143797       0.0379183             0.0135738             0.00478008            0.00124675            0.37812               
44     0.00346366      0.00861901            0.0038601             0.00128156            9.39575e-05           0.370273              
45     0.00162326      0.00146031            0.0023096             0.00195553            0.000767602           0.806908              
46     0.00299187      0.00295721            0.0043651             0.00341569            0.00122946            0.76451               
47     0.0125904       0.0290874             0.0143129             0.00586596            0.0010954             0.423784              
48     0.000275729     0.000180566           0.000292561           0.000309828           0.000319959           1.11514               
49     0.000537511     0.000215772           0.000522697           0.000726546           0.000685028           1.21504               
50     0.000690996     0.000281539           0.00068152            0.000941225           0.000859701           1.20273               
51     0.00169542      0.00252651            0.00254352            0.00133268            0.00037895            0.59512               
52     0.00011984      2.42545e-05           0.000107359           0.00017103            0.000176717           1.32837               
53     0.0108802       0.0301375             0.0102958             0.00274373            0.000343551           0.332602              
54     0.00523358      0.00980718            0.0065045             0.0036925             0.000930125           0.531319              
55     0.0110721       0.0317811             0.00957665            0.00246721            0.000463335           0.324478              
56     0.000292736     6.73585e-05           0.000286515           0.000430326           0.000386745           1.26503               
57     0.0184286       0.0478716             0.0187459             0.00602542            0.00107149            0.368616              
58     0.00172838      0.00131301            0.00238263            0.00224255            0.000975339           0.870248              
59     0.000489628     0.000434711           0.000637679           0.00053859            0.000347534           0.897179              
60     0.00169849      0.00233448            0.00247402            0.00145144            0.000534024           0.653076              
61     0.00346366      0.00861901            0.0038601             0.00128156            9.39575e-05           0.370273              
62     0.0210281       0.0486013             0.023634              0.00979956            0.00207743            0.428796              
63     0.000122485     5.49709e-05           0.000114071           0.000158144           0.000162753           1.22676               
64     0.000878493     0.000805839           0.00122818            0.00102707            0.000452877           0.819328              
65     0.001275        0.000864445           0.00161309            0.00167145            0.000951035           0.957485              
66     0.0233465       0.0453396             0.0286903             0.0155245             0.00383144            0.514377              
67     0.0210281       0.0486013             0.023634              0.00979956            0.00207743            0.428796              
68     0.0317505       0.069028              0.0359599             0.0169418             0.00507246            0.475634              
69     0.0317505       0.069028              0.0359599             0.0169418             0.00507246            0.475634              
70     0.000592004     0.000447996           0.000753469           0.000729803           0.000436747           0.937301              
71     0.000263679     0.000147194           0.000276667           0.000343638           0.000287218           1.11525               
72     0.000121249     2.27102e-05           0.000100874           0.000169428           0.000191982           1.37294               
73     0.00880609      0.0242203             0.0084871             0.00226426            0.000252736           0.333712              
74     0.000133625     2.60293e-05           0.000112348           0.000181553           0.00021457            1.37714               
75     0.000838861     0.00052167            0.00101534            0.00111311            0.000705328           1.00538               
76     3.78439e-05     4.79092e-06           2.11091e-05           4.07703e-05           8.47052e-05           1.62119               
77     0.00308305      0.00328499            0.00457205            0.00335268            0.00112249            0.730752              
78     0.00267802      0.0027659             0.00352928            0.0028479             0.00156898            0.826335              
79     0.000566103     0.00040061            0.000709496           0.000710048           0.00044426            0.964601              
80     0.0317505       0.069028              0.0359599             0.0169418             0.00507246            0.475634              
81     0.000723855     0.000698702           0.000989384           0.000793747           0.000413588           0.830179              
82     0.000556842     0.000654032           0.000807527           0.000538663           0.000227145           0.725115              
83     0.0123212       0.0329238             0.0112544             0.00396756            0.00113905            0.376181              
84     0.000125593     0.000106057           0.000144783           0.000131789           0.000119742           0.999834              
85     9.5272e-05      2.1505e-05            8.94346e-05           0.000134306           0.000135842           1.30311               
86     0.00018683      2.65621e-05           0.000138789           0.000260472           0.000321496           1.43582               
87     0.000178989     2.08337e-05           0.000118773           0.000244157           0.00033219            1.49267               
88     0.000417573     0.000554134           0.000642853           0.000374618           9.86883e-05           0.628886              
89     3.0774e-05      4.38421e-06           1.85533e-05           3.34153e-05           6.67432e-05           1.59088               
90     0.000499748     0.00040654            0.000629973           0.000566686           0.000395794           0.943431              
91     0.000905369     0.00125454            0.00132316            0.000761763           0.000282007           0.649188              
92     0.0125904       0.0290874             0.0143129             0.00586596            0.0010954             0.423784              
93     0.0108802       0.0301375             0.0102958             0.00274373            0.000343551           0.332602              
94     0.000131602     7.53264e-05           0.000155293           0.000179579           0.00011621            1.03264               
95     0.040767        0.040767              0.040767              0.040767              0.040767              1                     
96     0.053287        0.053287              0.053287              0.053287              0.053287              1                     
97     0.04404         0.04404               0.04404               0.04404               0.04404               1                     
98     0.061197        0.061197              0.061197              0.061197              0.061197              1                     
99     0.062157        0.062157              0.062157              0.062157              0.062157              1                     
100    0.099081        0.099081              0.099081              0.099081              0.099081              1                     
101    0.062157        0.062157              0.062157              0.062157              0.062157              1                     
102    0.034155        0.034155              0.034155              0.034155              0.034155              1                     
103    0.069147        0.069147              0.069147              0.069147              0.069147              1                     
104    0.099081        0.099081              0.099081              0.099081              0.099081              1                     
105    0.053287        0.053287              0.053287              0.053287              0.053287              1                     
106    0.022355        0.022355              0.022355              0.022355              0.022355              1                     
107    0.00031039      0.000186131           0.000376432           0.000423687           0.000255312           1.00419               
108    0.0019258       0.00143437            0.00242236            0.00235916            0.00148729            0.952307              
109    0.001275        0.000864445           0.00161309            0.00167145            0.000951035           0.957485              
110    0.0011689       0.00103551            0.00155461            0.00133441            0.000751062           0.873494              
111    0.000758046     0.000494677           0.000939803           0.000996937           0.000600769           0.980368              
112    2.42662e-05     9.82032e-07           8.79962e-06           2.62026e-05           6.10805e-05           1.74939               
113    0.00023398      0.000168456           0.000305357           0.000286723           0.000175385           0.944762              
114    0.000758046     0.000494677           0.000939803           0.000996937           0.000600769           0.980368              
115    0.00141694      0.000207211           0.00083918            0.00168226            0.0029391             1.56231               
116    0.0028639       0.00108652            0.00260766            0.00362242            0.004139              1.27991               
117    0.0190606       0.0381955             0.0215587             0.0115953             0.00489293            0.541807              
118    0.00144491      0.000142507           0.000623113           0.00150778            0.00350625            1.70072               
119    0.000869591     0.00051084            0.000924607           0.00104952            0.000993401           1.12365               
120    0.00454236      0.00283745            0.0052599             0.0055178             0.0045543             1.06104               
121    0.000359515     0.000168439           0.000354015           0.000447348           0.000468258           1.20788               
122    6.4603e-05      1.21478e-05           5.67797e-05           9.36518e-05           9.58327e-05           1.33623               
123    3.93245e-05     1.23513e-06           1.08286e-05           3.57819e-05           0.000109452           1.844                 
124    0.0317505       0.069028              0.0359599             0.0169418             0.00507246            0.475634              
125    0.0167902       0.0412469             0.0179594             0.00664391            0.00131052            0.398239              
126    0.000182083     9.0567e-05            0.000194051           0.000241991           0.000201723           1.13186               
127    0.00264144      0.00155623            0.0031383             0.00348407            0.00238715            1.03444               
128    0.000677277     8.23868e-05           0.000356756           0.000768207           0.00150176            1.61964               
129    0.00174848      0.000296326           0.000961007           0.00192796            0.00380864            1.59462               
130    0.00121173      0.000222519           0.000699905           0.00134343            0.00258105            1.57333               
131    0.00238152      0.000717406           0.00188977            0.00295598            0.00396294            1.37829               
132    0.0208489       0.0430813             0.023105              0.0118456             0.00536367            0.531531              
133    0.000415958     6.88366e-05           0.000228585           0.000455811           0.000910598           1.59884               
134    0.00111361      0.000542731           0.00116008            0.00144174            0.00130991            1.15801               
135    0.00179938      0.000340385           0.00125392            0.00230298            0.00330023            1.46637               
136    0.00149815      0.000516584           0.00120117            0.00175341            0.00252144            1.37385               
137    0.000818235     0.000125546           0.000426614           0.00087764            0.00184314            1.62439               
138    0.00230469      0.000446451           0.00152104            0.00284356            0.00440771            1.49408               
139    0.00087912      8.17432e-05           0.000336207           0.000830748           0.00226778            1.75501               
140    0.00449412      0.00237301            0.00495938            0.00595835            0.00468574            1.10062               
141    0.00531731      0.00233986            0.00515985            0.00678662            0.0069829             1.21902               
142    0.00546003      0.0103894             0.00674197            0.00373997            0.000968815           0.526084              
143    0.00538329      0.00395267            0.00672529            0.00650637            0.00434881            0.966542              
144    0.000370199     0.00046538            0.000579647           0.000356499           7.92681e-05           0.633664              
145    3.3501e-05      2.6521e-05            3.9227e-05            3.58712e-05           3.2385e-05            1.0129                
146    0.000105897     1.88299e-05           8.66006e-05           0.000145082           0.000173076           1.3924                
147    0.00287661      0.00150435            0.00307346            0.00368073            0.0032479             1.13262               
148    0.00233413      0.000949141           0.00210209            0.00287007            0.00341522            1.28086               
149    0.00547743      0.00260176            0.0055261             0.00698144            0.00680041            1.18477               
150    0.0192345       0.0411428             0.0206269             0.010236              0.00493243            0.520267              
151    0.0019623       0.000334488           0.00141089            0.00254514            0.00355868            1.46128               
152    0.00682913      0.0106251             0.00826567            0.00585841            0.00256733            0.663898              
153    0.00225362      0.000884694           0.00206581            0.00283153            0.00323246            1.273                 
154    0.0103846       0.0057932             0.0113232             0.013175              0.0112473             1.10834               
155    0.00131291      0.000142686           0.000703616           0.00157559            0.00282975            1.60219               
156    0.0248695       0.0482143             0.0270946             0.0158233             0.00834598            0.585074              
157    0.0019911       0.000366548           0.00128943            0.00245456            0.00385386            1.50475               
158    0.00027533      3.49396e-05           0.000141419           0.000307208           0.000617754           1.62825               
159    0.000538447     0.000117697           0.00037137            0.000653957           0.00101076            1.47426               
160    0.000264225     2.09496e-05           0.000125144           0.000302185           0.000608621           1.66169               
161    0.00202206      0.00054749            0.00152975            0.00252211            0.00348888            1.40822               
162    0.000846113     0.000107146           0.000447103           0.000963591           0.00186661            1.61492               
163    0.000488253     0.000103523           0.000359544           0.000629865           0.000860082           1.43431               
164    0.000399927     4.26021e-05           0.000176777           0.000411712           0.000968618           1.69628               
165    0.00764952      0.0163692             0.00899651            0.00417516            0.00105724            0.470889              
166    0.099081        0.099081              0.099081              0.099081              0.099081              1                     
Note : P(D|M) is the probability of site D given the model M (i.e., the site likelihood)
P(D|M,rr[x]) is the probability of site D given the model M and the relative rate
of evolution rr[x], where x is the class of rate to be considered.
We have P(D|M) = \sum_x P(x) x P(D|M,rr[x]).


Site   P(D|M)          P(D|M,rr[1]=0.1794)   P(D|M,rr[2]=0.5352)   P(D|M,rr[3]=1.0291)   P(D|M,rr[4]=2.2563)   Posterior mean        
1      0.0036416       0.0111911             0.00282922            0.000502343           4.36988e-05           0.284066              
2      0.000450299     0.000247953           0.000505493           0.000588002           0.00045975            1.08675               
3      5.23399e-05     3.92221e-06           2.50881e-05           5.96259e-05           0.000120723           1.66163               
4      4.8241e-05      2.49865e-06           1.84953e-05           5.14906e-05           0.000120479           1.73697               
5      0.0317692       0.0689785             0.0359908             0.0170022             0.00510535            0.477308              
6      0.000248673     0.000141389           0.000277771           0.000317853           0.000257679           1.0883                
7      0.0108808       0.0301033             0.0103115             0.00276174            0.00034655            0.334172              
8      1.58775e-05     2.26842e-06           1.13579e-05           2.11627e-05           2.87208e-05           1.46539               
9      0.000649758     0.000221751           0.000774521           0.000942515           0.000660246           1.12116               
10     0.000562503     0.000336996           0.000667604           0.000739258           0.000506155           1.03135               
11     0.0317692       0.0689785             0.0359908             0.0170022             0.00510535            0.477308              
12     8.20914e-05     4.49869e-05           9.33539e-05           0.000110333           7.96914e-05           1.0701                
13     0.0123202       0.0328826             0.0112682             0.00398418            0.00114592            0.377764              
14     0.000290705     0.000176572           0.000312465           0.000341567           0.000332218           1.11796               
15     0.000401203     0.000119183           0.000450557           0.00059076            0.000444312           1.16709               
16     0.0233693       0.0453183             0.0287104             0.0155774             0.0038712             0.516298              
17     0.0125982       0.0290656             0.0143275             0.00589295            0.00110662            0.425548              
18     0.0317692       0.0689785             0.0359908             0.0170022             0.00510535            0.477308              
19     0.000454947     0.00048276            0.000615163           0.00045993            0.000261935           0.813368              
20     0.00274891      0.00168051            0.0032635             0.0035967             0.00245492            1.02663               
21     2.45649e-05     1.85182e-06           1.07807e-05           2.58101e-05           5.98172e-05           1.70597               
22     0.000190559     7.90454e-05           0.000155469           0.00021353            0.000314193           1.34609               
23     0.000683701     0.000584127           0.000895865           0.00079043            0.000464384           0.894203              
24     0.000290705     0.000176572           0.000312465           0.000341567           0.000332218           1.11796               
25     0.02104         0.0485638             0.0236577             0.00984269            0.00209562            0.430522              
26     0.018433        0.0478237             0.0187703             0.0060587             0.00107924            0.370218              
27     0.000853316     0.00045262            0.000911308           0.00108355            0.000965787           1.13179               
28     0.000875517     0.000260582           0.000661017           0.00104363            0.00153684            1.41119               
29     0.00324114      0.00133321            0.00300878            0.00410117            0.0045214             1.25508               
30     0.000209181     4.4519e-05            0.000194969           0.000305421           0.000291815           1.29679               
31     2.93523e-05     2.40119e-07           4.34982e-06           2.15822e-05           9.1237e-05            1.96269               
32     0.00186316      0.001728              0.00268701            0.00221999            0.000817654           0.78865               
33     0.000839058     0.000521908           0.0010139             0.00111242            0.000708008           1.00664               
34     0.000181644     1.61016e-05           0.000104471           0.000235759           0.000370242           1.56459               
35     0.000366182     0.000105274           0.000282227           0.000445408           0.00063182            1.40222               
36     0.00346561      0.008612              0.00386498            0.00128961            9.58425e-05           0.372024              
37     0.02104         0.0485638             0.0236577             0.00984269            0.00209562            0.430522              
38     0.000203894     0.000118425           0.000246717           0.000278216           0.000172216           1.01544               
39     0.01438         0.0378734             0.0135905             0.00480138            0.00125474            0.379718              
40     0.0125982       0.0290656             0.0143275             0.00589295            0.00110662            0.425548              
41     0.0156949       0.0372252             0.0174433             0.00686486            0.00124644            0.412423              
42     0.000996422     0.00125739            0.00150431            0.000935374           0.000288615           0.663494              
43     0.01438         0.0378734             0.0135905             0.00480138            0.00125474            0.379718              
44     0.00346561      0.008612              0.00386498            0.00128961            9.58425e-05           0.372024              
45     0.00162509      0.00146082            0.00230782            0.0019582             0.000773511           0.808826              
46     0.00299377      0.0029571             0.00436024            0.00341964            0.00123808            0.766318              
47     0.0125982       0.0290656             0.0143275             0.00589295            0.00110662            0.425548              
48     0.000275195     0.000180492           0.000291869           0.000309108           0.00031931            1.1148                
49     0.000536739     0.000215821           0.000521389           0.00072452            0.000685227           1.21541               
50     0.000690101     0.000281604           0.000679826           0.000938686           0.000860289           1.20324               
51     0.00169633      0.00252538            0.00254219            0.00133672            0.000381022           0.596726              
52     0.000119971     2.43818e-05           0.000107428           0.000171066           0.000177008           1.32802               
53     0.0108808       0.0301033             0.0103115             0.00276174            0.00034655            0.334172              
54     0.0052392       0.00980311            0.00650872            0.00370449            0.000940475           0.533317              
55     0.01107         0.0317397             0.00959189            0.00248216            0.00046609            0.325988              
56     0.0002931       6.77115e-05           0.000286681           0.000430419           0.000387589           1.26495               
57     0.018433        0.0478237             0.0187703             0.0060587             0.00107924            0.370218              
58     0.00173631      0.00132229            0.00239049            0.00224994            0.000982535           0.870939              
59     0.000489295     0.000434506           0.00063639            0.000538286           0.000347997           0.898067              
60     0.0016997       0.00233407            0.00247309            0.00145518            0.000536439           0.654564              
61     0.00346561      0.008612              0.00386498            0.00128961            9.58425e-05           0.372024              
62     0.02104         0.0485638             0.0236577             0.00984269            0.00209562            0.430522              
63     0.000123018     5.54564e-05           0.00011472            0.000158651           0.000163244           1.22531               
64     0.000879078     0.000805987           0.00122694            0.00102798            0.000455403           0.820936              
65     0.00127553      0.000864809           0.00161095            0.00167102            0.000955337           0.958911              
66     0.0233693       0.0453183             0.0287104             0.0155774             0.0038712             0.516298              
67     0.02104         0.0485638             0.0236577             0.00984269            0.00209562            0.430522              
68     0.0317692       0.0689785             0.0359908             0.0170022             0.00510535            0.477308              
69     0.0317692       0.0689785             0.0359908             0.0170022             0.00510535            0.477308              
70     0.000594812     0.000451359           0.000756634           0.000732391           0.000438861           0.937197              
71     0.000264652     0.00014836            0.000277776           0.000344343           0.000288128           1.11443               
72     0.000121245     2.2846e-05            0.000100902           0.000169217           0.000192016           1.37219               
73     0.00880708      0.0241936             0.0085                0.00227946            0.000255227           0.335296              
74     0.000133733     2.6197e-05            0.000112509           0.000181592           0.000214634           1.376                 
75     0.000839058     0.000521908           0.0010139             0.00111242            0.000708008           1.00664               
76     3.79103e-05     4.83672e-06           2.12287e-05           4.09121e-05           8.46637e-05           1.61801               
77     0.00308554      0.00328481            0.00456799            0.00335847            0.00113088            0.732601              
78     0.00267959      0.00276568            0.00352657            0.00285049            0.00157562            0.827747              
79     0.000566065     0.000400696           0.000708375           0.000709635           0.000445554           0.965695              
80     0.0317692       0.0689785             0.0359908             0.0170022             0.00510535            0.477308              
81     0.000724119     0.000698757           0.000988382           0.000794326           0.000415009           0.83141               
82     0.000557025     0.00065395            0.000806742           0.000539444           0.000227962           0.72644               
83     0.0123202       0.0328826             0.0112682             0.00398418            0.00114592            0.377764              
84     0.000126211     0.00010692            0.000145676           0.000132393           0.000119853           0.997965              
85     9.53007e-05     2.15871e-05           8.93906e-05           0.000134239           0.000135986           1.30293               
86     0.00018673      2.66316e-05           0.000138561           0.000260002           0.000321727           1.43577               
87     0.000178656     2.08937e-05           0.000118503           0.000243344           0.000331883           1.49228               
88     0.000417739     0.000553932           0.000642234           0.000375472           9.93162e-05           0.63053               
89     3.07918e-05     4.42332e-06           1.86398e-05           3.34946e-05           6.66094e-05           1.58751               
90     0.000499334     0.000406354           0.000628587           0.000566145           0.000396252           0.944255              
91     0.000905585     0.0012539             0.001322              0.00076332            0.000283112           0.650633              
92     0.0125982       0.0290656             0.0143275             0.00589295            0.00110662            0.425548              
93     0.0108808       0.0301033             0.0103115             0.00276174            0.00034655            0.334172              
94     0.000132599     7.5974e-05            0.000156257           0.000180734           0.000117432           1.03359               
95     0.040767        0.040767              0.040767              0.040767              0.040767              1                     
96     0.053287        0.053287              0.053287              0.053287              0.053287              1                     
97     0.04404         0.04404               0.04404               0.04404               0.04404               1                     
98     0.061197        0.061197              0.061197              0.061197              0.061197              1                     
99     0.062157        0.062157              0.062157              0.062157              0.062157              1                     
100    0.099081        0.099081              0.099081              0.099081              0.099081              1                     
101    0.062157        0.062157              0.062157              0.062157              0.062157              1                     
102    0.034155        0.034155              0.034155              0.034155              0.034155              1                     
103    0.069147        0.069147              0.069147              0.069147              0.069147              1                     
104    0.099081        0.099081              0.099081              0.099081              0.099081              1                     
105    0.053287        0.053287              0.053287              0.053287              0.053287              1                     
106    0.022355        0.022355              0.022355              0.022355              0.022355              1                     
107    0.000310476     0.000186214           0.000375836           0.000423334           0.00025652            1.0057                
108    0.00192667      0.00143487            0.00241985            0.00235965            0.00149233            0.95345               
109    0.00127553      0.000864809           0.00161095            0.00167102            0.000955337           0.958911              
110    0.0011692       0.00103561            0.00155279            0.00133489            0.000753521           0.874685              
111    0.000758256     0.000494885           0.000938486           0.000996482           0.000603172           0.981681              
112    2.41694e-05     9.86145e-07           8.77677e-06           2.60742e-05           6.08406e-05           1.74788               
113    0.000233951     0.000168465           0.000304791           0.000286676           0.000175873           0.945906              
114    0.000758256     0.000494885           0.000938486           0.000996482           0.000603172           0.981681              
115    0.0014127       0.000207402           0.000836838           0.00167595            0.00293061            1.56121               
116    0.00286166      0.00108721            0.00260369            0.00361727            0.00413845            1.27973               
117    0.0190882       0.0381871             0.0215983             0.0116472             0.00492006            0.543508              
118    0.00143834      0.000142635           0.000621076           0.00149995            0.00348968            1.69907               
119    0.000869619     0.000511097           0.000923873           0.00104929            0.000994219           1.12383               
120    0.00454404      0.00283897            0.00525627            0.00552095            0.00455998            1.06143               
121    0.000359369     0.000168536           0.000353596           0.000446969           0.000468375           1.20784               
122    6.45538e-05     1.21798e-05           5.66777e-05           9.34751e-05           9.58825e-05           1.3363                
123    3.9115e-05      1.23783e-06           1.07912e-05           3.55764e-05           0.000108855           1.84211               
124    0.0317692       0.0689785             0.0359908             0.0170022             0.00510535            0.477308              
125    0.016797        0.04121               0.0179799             0.00667612            0.00132178            0.39992               
126    0.00018192      9.05879e-05           0.000193656           0.000241515           0.000201921           1.13241               
127    0.00265055      0.00156709            0.00314724            0.00349111            0.00239677            1.03432               
128    0.000676248     8.27418e-05           0.000356815           0.00076693            0.0014985             1.61779               
129    0.00174588      0.000297325           0.000961143           0.00192485            0.00380019            1.59274               
130    0.00120996      0.000223264           0.000699999           0.00134142            0.00257518            1.57143               
131    0.00238085      0.000719581           0.00188996            0.00295335            0.0039605             1.37723               
132    0.0208451       0.0430345             0.0231024             0.0118671             0.00537644            0.532848              
133    0.000415286     6.90751e-05           0.000228618           0.000455088           0.000908365           1.59686               
134    0.00111427      0.000544169           0.00116016            0.00144143            0.00131132            1.15785               
135    0.00179857      0.000341725           0.0012541             0.00230027            0.0032982             1.46524               
136    0.00149726      0.000518009           0.00120128            0.001752              0.00251774            1.37244               
137    0.000816785     0.000125986           0.000426677           0.000876163           0.00183831            1.62233               
138    0.00230324      0.000448067           0.00152125            0.00283988            0.00440377            1.49281               
139    0.000876667     8.20601e-05           0.000336267           0.000828933           0.00225941            1.75255               
140    0.00449827      0.00237921            0.00495968            0.00595785            0.00469632            1.10091               
141    0.0053193       0.00234616            0.00516022            0.00678385            0.00698698            1.2186                
142    0.00546166      0.0103821             0.0067414             0.00374716            0.000976018           0.52773               
143    0.00538837      0.00396157            0.00672546            0.00650954            0.00435691            0.966876              
144    0.000370496     0.000465358           0.000579186           0.000357396           8.0044e-05            0.635544              
145    3.34432e-05     2.65072e-05           3.91356e-05           3.58077e-05           3.23222e-05           1.01275               
146    0.000105911     1.892e-05             8.66124e-05           0.000145006           0.000173106           1.39162               
147    0.00287824      0.00150764            0.003073              0.00368013            0.00325218            1.13265               
148    0.00233373      0.000951313           0.00210168            0.00286796            0.00341396            1.28011               
149    0.00547949      0.0026076             0.00552516            0.00697877            0.00680643            1.1846                
150    0.0192341       0.0410998             0.0206332             0.01026               0.00494352            0.521597              
151    0.00196085      0.000335807           0.00141038            0.0025416             0.00355562            1.46022               
152    0.00683414      0.0106214             0.00826669            0.00586694            0.00258152            0.665494              
153    0.00225343      0.000886833           0.00206538            0.0028296             0.00323192            1.27234               
154    0.0103915       0.00580542            0.0113216             0.0131738             0.0112651             1.10849               
155    0.0013109       0.000143253           0.000703295           0.00157223            0.00282482            1.60075               
156    0.0248727       0.0481699             0.0271011             0.0158516             0.00836807            0.586397              
157    0.00198921      0.000367709           0.00128896            0.00245034            0.00384985            1.50358               
158    0.000274799     3.50598e-05           0.00014136            0.000306523           0.000616251           1.62649               
159    0.000537887     0.000118045           0.000371251           0.000652972           0.00100928            1.47292               
160    0.000263711     2.10478e-05           0.000125083           0.000301461           0.000607254           1.66005               
161    0.00202096      0.000548962           0.00152932            0.00251881            0.00348675            1.40727               
162    0.000844549     0.000107524           0.000446916           0.000961518           0.00186224            1.6132                
163    0.000487985     0.000103861           0.000359423           0.000629              0.000859656           1.43341               
164    0.000398859     4.27476e-05           0.0001767             0.000410672           0.000965317           1.69414               
165    0.00765159      0.0163553             0.00899911            0.00418802            0.0010639             0.472491              
166    0.099081        0.099081              0.099081              0.099081              0.099081              1                     
