Note : P(D|M) is the probability of site D given the model M (i.e., the site likelihood)
P(D|M,rr[x]) is the probability of site D given the model M and the relative rate
of evolution rr[x], where x is the class of rate to be considered.
We have P(D|M) = \sum_x P(x) x P(D|M,rr[x]).


Site   P(D|M)          P(D|M,rr[1]=0.0496)   P(D|M,rr[2]=0.3028)   P(D|M,rr[3]=0.8725)   P(D|M,rr[4]=2.7751)   Posterior mean        
1      0.0153102       0.0223207             0.0193805             0.0141742             0.00536556            0.558978              
2      0.000505816     3.00768e-05           0.000178549           0.00048643            0.00132821            2.059                 
3      0.000284521     1.48042e-05           9.01031e-05           0.000257518           0.000775657           2.11341               
4      9.38231e-05     5.18879e-06           3.15283e-05           8.91339e-05           0.000249441           2.07785               
5      0.00721111      0.000807754           0.00436684            0.00967673            0.0139931             1.6862                
6      0.000156575     1.08364e-05           6.31881e-05           0.000165031           0.000387245           1.97718               
7      0.099081        0.099081              0.099081              0.099081              0.099081              1                     
8      0.0646          0.0646                0.0646                0.0646                0.0646                1                     
9      0.000438176     4.29678e-05           0.000240926           0.000570189           0.000898619           1.74949               
10     2.49266e-05     6.49662e-07           4.7442e-06            1.77261e-05           7.65865e-05           2.30147               
11     0.0455971       0.0671063             0.0577203             0.041648              0.0159137             0.555441              
12     0.000361891     3.62153e-05           0.000200856           0.000467987           0.000742507           1.74877               
13     0.069147        0.069147              0.069147              0.069147              0.069147              1                     
14     0.0455971       0.0671063             0.0577203             0.041648              0.0159137             0.555441              
15     8.65149e-07     1.9219e-09            6.67714e-08           4.75901e-07           2.916e-06             2.46426               
16     4.82936e-06     7.83135e-09           2.88322e-07           2.2758e-06            1.67455e-05           2.51297               
17     0.000280997     1.80194e-05           0.000106318           0.000284754           0.000714895           2.01555               
18     0.00286887      0.000283303           0.00157233            0.00367407            0.00594578            1.75992               
19     7.58194e-08     2.12509e-12           4.75254e-10           1.0939e-08            2.91861e-07           2.70261               
20     2.04807e-07     3.70789e-10           1.32091e-08           9.92586e-08           7.06389e-07           2.5035                
21     1.77821e-05     4.18039e-08           1.438e-06             1.00587e-05           5.95898e-05           2.45448               
22     0.00022571      1.27686e-05           7.79974e-05           0.000221081           0.000590994           2.05708               
23     0.00372627      0.000363075           0.00201394            0.00471178            0.00781629            1.77321               
24     0.0748141       0.0973313             0.0889595             0.0730536             0.0399118             0.68925               
25     6.40773e-06     1.04398e-08           3.75305e-07           2.88436e-06           2.23608e-05           2.5237                
26     3.70009e-05     9.5745e-07            7.52059e-06           2.92248e-05           0.000110301           2.25617               
27     0.00943592      0.0126871             0.0114868             0.00918842            0.00438144            0.643372              
28     0.000952172     8.38581e-05           0.000472333           0.00114294            0.00210956            1.83754               
29     5.58753e-05     4.90747e-06           2.75256e-05           6.63549e-05           0.000124713           1.84592               
30     0.0340979       0.040362              0.038361              0.0342225             0.0234463             0.795813              
31     0.0632269       0.0711058             0.0687116             0.063638              0.0494523             0.858383              
32     0.00225737      0.000167707           0.000979786           0.00253867            0.00534333            1.92129               
33     0.000458043     2.37967e-05           0.000150126           0.00044494            0.00121331            2.07509               
34     0.0547358       0.0771545             0.0681562             0.0518037             0.0218287             0.594856              
35     0.037205        0.0436295             0.0415972             0.037374              0.0262193             0.807213              
36     0.0470275       0.056691              0.0535167             0.0470471             0.0308551             0.774499              
37     0.0470275       0.056691              0.0535167             0.0470471             0.0308551             0.774499              
38     0.0403071       0.0602151             0.0513351             0.0363622             0.0133162             0.540912              
39     0.0547358       0.0771545             0.0681562             0.0518037             0.0218287             0.594856              
40     0.0355196       0.0518296             0.0450299             0.0329655             0.0122534             0.555836              
41     0.037205        0.0436295             0.0415972             0.037374              0.0262193             0.807213              
42     0.0270063       0.0396383             0.0343689             0.0250122             0.00900561            0.547904              
43     0.0455971       0.0671063             0.0577203             0.041648              0.0159137             0.555441              
44     0.0262409       0.0336113             0.0309839             0.0258628             0.0145058             0.703759              
45     0.0391337       0.0592651             0.050384              0.0352314             0.0116544             0.519226              
46     0.0270063       0.0396383             0.0343689             0.0250122             0.00900561            0.547904              
47     0.0748141       0.0973313             0.0889595             0.0730536             0.0399118             0.68925               
48     0.0748141       0.0973313             0.0889595             0.0730536             0.0399118             0.68925               
49     0.000352107     4.11839e-05           0.000221995           0.000487039           0.000658212           1.64779               
50     0.0748141       0.0973313             0.0889595             0.0730536             0.0399118             0.68925               
51     0.0262409       0.0336113             0.0309839             0.0258628             0.0145058             0.703759              
52     0.0748141       0.0973313             0.0889595             0.0730536             0.0399118             0.68925               
53     0.0748141       0.0973313             0.0889595             0.0730536             0.0399118             0.68925               
54     0.0153621       0.0218124             0.0192495             0.014554              0.00583247            0.582514              
55     0.0282599       0.0408722             0.0356958             0.0264114             0.0100601             0.564381              
56     0.039062        0.0520333             0.047165              0.0379539             0.019096              0.659016              
57     0.0142098       0.0221693             0.0185888             0.0125473             0.00353378            0.48351               
58     0.0282599       0.0408722             0.0356958             0.0264114             0.0100601             0.564381              
59     0.0282599       0.0408722             0.0356958             0.0264114             0.0100601             0.564381              
60     0.0547358       0.0771545             0.0681562             0.0518037             0.0218287             0.594856              
61     0.0409606       0.0548421             0.0495982             0.0397142             0.0196878             0.653216              
62     0.0262409       0.0336113             0.0309839             0.0258628             0.0145058             0.703759              
63     0.0748141       0.0973313             0.0889595             0.0730536             0.0399118             0.68925               
64     0.0100933       0.0119465             0.0113557             0.0101327             0.00693848            0.79574               
65     0.0461387       0.0631988             0.0565571             0.0442613             0.0205377             0.627845              
66     0.0409606       0.0548421             0.0495982             0.0397142             0.0196878             0.653216              
67     0.0403071       0.0602151             0.0513351             0.0363622             0.0133162             0.540912              
68     0.037205        0.0436295             0.0415972             0.037374              0.0262193             0.807213              
69     0.0270063       0.0396383             0.0343689             0.0250122             0.00900561            0.547904              
70     0.0547358       0.0771545             0.0681562             0.0518037             0.0218287             0.594856              
71     6.82275e-05     8.56145e-06           4.50157e-05           9.45523e-05           0.000124781           1.62262               
72     0.0461387       0.0631988             0.0565571             0.0442613             0.0205377             0.627845              
73     0.0355196       0.0518296             0.0450299             0.0329655             0.0122534             0.555836              
74     0.0547358       0.0771545             0.0681562             0.0518037             0.0218287             0.594856              
75     0.000100359     1.24901e-05           6.67502e-05           0.000143449           0.000178747           1.59933               
76     0.037205        0.0436295             0.0415972             0.037374              0.0262193             0.807213              
77     0.053066        0.0702442             0.0638262             0.0516519             0.0265415             0.666774              
78     0.0748141       0.0973313             0.0889595             0.0730536             0.0399118             0.68925               
79     0.0547358       0.0771545             0.0681562             0.0518037             0.0218287             0.594856              
80     0.0547358       0.0771545             0.0681562             0.0518037             0.0218287             0.594856              
81     0.000346785     1.5326e-06            4.90169e-05           0.00029188            0.00104471            2.2844                
82     0.0100933       0.0119465             0.0113557             0.0101327             0.00693848            0.79574               
83     0.00133632      0.00012846            0.00071888            0.00170347            0.00279446            1.77077               
84     0.0455971       0.0671063             0.0577203             0.041648              0.0159137             0.555441              
85     0.0470275       0.056691              0.0535167             0.0470471             0.0308551             0.774499              
86     0.0270063       0.0396383             0.0343689             0.0250122             0.00900561            0.547904              
87     3.60739e-07     9.06213e-10           3.09885e-08           2.13683e-07           1.19738e-06           2.43856               
88     0.0403071       0.0602151             0.0513351             0.0363622             0.0133162             0.540912              
89     0.0100933       0.0119465             0.0113557             0.0101327             0.00693848            0.79574               
90     0.0270063       0.0396383             0.0343689             0.0250122             0.00900561            0.547904              
91     0.0409606       0.0548421             0.0495982             0.0397142             0.0196878             0.653216              
92     0.039062        0.0520333             0.047165              0.0379539             0.019096              0.659016              
93     0.0315767       0.0415387             0.0378735             0.0308531             0.0160417             0.672686              
94     0.037205        0.0436295             0.0415972             0.037374              0.0262193             0.807213              
95     0.0470275       0.056691              0.0535167             0.0470471             0.0308551             0.774499              
96     0.0403071       0.0602151             0.0513351             0.0363622             0.0133162             0.540912              
97     0.0262409       0.0336113             0.0309839             0.0258628             0.0145058             0.703759              
98     0.0391337       0.0592651             0.050384              0.0352314             0.0116544             0.519226              
99     0.000116756     1.27459e-05           6.92927e-05           0.00015527            0.000229717           1.70135               
100    0.0403071       0.0602151             0.0513351             0.0363622             0.0133162             0.540912              
101    0.00133632      0.00012846            0.00071888            0.00170347            0.00279446            1.77077               
102    0.000241632     2.71015e-05           0.000147069           0.000327509           0.00046485            1.67779               
103    0.000592023     5.76706e-05           0.000320879           0.000753704           0.00123584            1.76818               
104    0.0270063       0.0396383             0.0343689             0.0250122             0.00900561            0.547904              
105    0.0100933       0.0119465             0.0113557             0.0101327             0.00693848            0.79574               
106    0.0391337       0.0592651             0.050384              0.0352314             0.0116544             0.519226              
107    0.053066        0.0702442             0.0638262             0.0516519             0.0265415             0.666774              
108    1.94307e-06     4.86674e-09           1.66903e-07           1.15554e-06           6.44496e-06           2.43746               
109    0.0403071       0.0602151             0.0513351             0.0363622             0.0133162             0.540912              
110    0.0748141       0.0973313             0.0889595             0.0730536             0.0399118             0.68925               
111    0.037205        0.0436295             0.0415972             0.037374              0.0262193             0.807213              
112    0.00470544      0.000643824           0.0033766             0.0069757             0.00782563            1.5332                
113    0.0142098       0.0221693             0.0185888             0.0125473             0.00353378            0.48351               
114    0.00286887      0.000283303           0.00157233            0.00367407            0.00594578            1.75992               
115    0.002489        0.000322474           0.00171035            0.00361728            0.00430591            1.57083               
116    0.0748141       0.0973313             0.0889595             0.0730536             0.0399118             0.68925               
117    0.000957417     9.11908e-05           0.000508844           0.00120344            0.0020262             1.78384               
118    0.000595709     5.78795e-05           0.000321212           0.000752069           0.00125168            1.77513               
119    0.0391337       0.0592651             0.050384              0.0352314             0.0116544             0.519226              
120    0.0355196       0.0518296             0.0450299             0.0329655             0.0122534             0.555836              
121    0.0409606       0.0548421             0.0495982             0.0397142             0.0196878             0.653216              
122    0.0409606       0.0548421             0.0495982             0.0397142             0.0196878             0.653216              
123    0.0409606       0.0548421             0.0495982             0.0397142             0.0196878             0.653216              
124    0.0547358       0.0771545             0.0681562             0.0518037             0.0218287             0.594856              
125    0.0262409       0.0336113             0.0309839             0.0258628             0.0145058             0.703759              
126    0.000229138     1.78693e-05           0.000102729           0.000259471           0.000536484           1.90625               
127    0.0748141       0.0973313             0.0889595             0.0730536             0.0399118             0.68925               
128    0.0455971       0.0671063             0.0577203             0.041648              0.0159137             0.555441              
129    0.0547358       0.0771545             0.0681562             0.0518037             0.0218287             0.594856              
130    0.0270063       0.0396383             0.0343689             0.0250122             0.00900561            0.547904              
131    0.0547358       0.0771545             0.0681562             0.0518037             0.0218287             0.594856              
132    0.0262409       0.0336113             0.0309839             0.0258628             0.0145058             0.703759              
133    0.0355196       0.0518296             0.0450299             0.0329655             0.0122534             0.555836              
134    0.0391337       0.0592651             0.050384              0.0352314             0.0116544             0.519226              
135    0.0403071       0.0602151             0.0513351             0.0363622             0.0133162             0.540912              
136    0.000101259     7.05873e-06           4.25605e-05           0.000114804           0.000240615           1.92855               
137    0.000344212     4.0253e-05            0.000216983           0.000476072           0.000643539           1.64793               
138    9.78966e-05     2.70243e-07           9.15455e-06           6.17706e-05           0.000320391           2.41532               
139    0.039062        0.0520333             0.047165              0.0379539             0.019096              0.659016              
140    0.00033167      3.16122e-05           0.000176235           0.000416207           0.000702625           1.78485               
141    0.000566592     6.60983e-05           0.000356359           0.000782335           0.00106158            1.6501                
142    0.002489        0.000322474           0.00171035            0.00361728            0.00430591            1.57083               
143    0.0315767       0.0415387             0.0378735             0.0308531             0.0160417             0.672686              
144    0.0455971       0.0671063             0.0577203             0.041648              0.0159137             0.555441              
145    0.0470275       0.056691              0.0535167             0.0470471             0.0308551             0.774499              
146    0.0262409       0.0336113             0.0309839             0.0258628             0.0145058             0.703759              
147    0.000494709     5.12127e-05           0.000281764           0.000646701           0.000999159           1.73075               
148    0.0455971       0.0671063             0.0577203             0.041648              0.0159137             0.555441              
149    0.053066        0.0702442             0.0638262             0.0516519             0.0265415             0.666774              
150    0.053066        0.0702442             0.0638262             0.0516519             0.0265415             0.666774              
151    0.0547358       0.0771545             0.0681562             0.0518037             0.0218287             0.594856              
152    0.0455971       0.0671063             0.0577203             0.041648              0.0159137             0.555441              
153    0.000625834     6.62577e-05           0.000362595           0.00082334            0.00125115            1.7191                
154    0.0470275       0.056691              0.0535167             0.0470471             0.0308551             0.774499              
155    0.0455971       0.0671063             0.0577203             0.041648              0.0159137             0.555441              
156    0.00104959      0.000134625           0.000707948           0.00148305            0.00187273            1.59872               
157    0.000832491     8.66998e-05           0.00047697            0.00109366            0.00167263            1.72514               
158    0.000530661     6.20765e-05           0.000335424           0.00073835            0.000986792           1.6429                
159    0.0470275       0.056691              0.0535167             0.0470471             0.0308551             0.774499              
160    0.0100933       0.0119465             0.0113557             0.0101327             0.00693848            0.79574               
161    0.0270063       0.0396383             0.0343689             0.0250122             0.00900561            0.547904              
162    0.0547358       0.0771545             0.0681562             0.0518037             0.0218287             0.594856              
163    0.039062        0.0520333             0.047165              0.0379539             0.019096              0.659016              
164    0.037205        0.0436295             0.0415972             0.037374              0.0262193             0.807213              
165    0.0282599       0.0408722             0.0356958             0.0264114             0.0100601             0.564381              
166    0.000217991     2.66175e-05           0.000142552           0.000308071           0.000394722           1.61551               
167    0.0409606       0.0548421             0.0495982             0.0397142             0.0196878             0.653216              
168    0.0142098       0.0221693             0.0185888             0.0125473             0.00353378            0.48351               
169    0.00461771      0.000643412           0.00336351            0.00689884            0.00756509            1.51933               
170    0.000274987     4.20729e-05           0.000216915           0.000429911           0.000411048           1.43966               
171    0.037205        0.0436295             0.0415972             0.037374              0.0262193             0.807213              
172    0.0270063       0.0396383             0.0343689             0.0250122             0.00900561            0.547904              
173    0.0461387       0.0631988             0.0565571             0.0442613             0.0205377             0.627845              
174    0.037205        0.0436295             0.0415972             0.037374              0.0262193             0.807213              
175    0.039062        0.0520333             0.047165              0.0379539             0.019096              0.659016              
176    0.037205        0.0436295             0.0415972             0.037374              0.0262193             0.807213              
177    0.037205        0.0436295             0.0415972             0.037374              0.0262193             0.807213              
178    0.037205        0.0436295             0.0415972             0.037374              0.0262193             0.807213              
179    0.0455971       0.0671063             0.0577203             0.041648              0.0159137             0.555441              
180    0.000430901     6.05736e-05           0.000315435           0.00064239            0.000705206           1.51775               
181    0.0748141       0.0973313             0.0889595             0.0730536             0.0399118             0.68925               
182    0.0455971       0.0671063             0.0577203             0.041648              0.0159137             0.555441              
183    0.037205        0.0436295             0.0415972             0.037374              0.0262193             0.807213              
184    0.0282599       0.0408722             0.0356958             0.0264114             0.0100601             0.564381              
185    0.053066        0.0702442             0.0638262             0.0516519             0.0265415             0.666774              
186    0.0270063       0.0396383             0.0343689             0.0250122             0.00900561            0.547904              
187    0.0270063       0.0396383             0.0343689             0.0250122             0.00900561            0.547904              
188    0.0748141       0.0973313             0.0889595             0.0730536             0.0399118             0.68925               
189    0.0547358       0.0771545             0.0681562             0.0518037             0.0218287             0.594856              
190    0.0409606       0.0548421             0.0495982             0.0397142             0.0196878             0.653216              
191    0.0748141       0.0973313             0.0889595             0.0730536             0.0399118             0.68925               
192    0.0355196       0.0518296             0.0450299             0.0329655             0.0122534             0.555836              
193    0.039062        0.0520333             0.047165              0.0379539             0.019096              0.659016              
194    0.0262409       0.0336113             0.0309839             0.0258628             0.0145058             0.703759              
195    0.0455971       0.0671063             0.0577203             0.041648              0.0159137             0.555441              
196    0.0547358       0.0771545             0.0681562             0.0518037             0.0218287             0.594856              
197    0.0315767       0.0415387             0.0378735             0.0308531             0.0160417             0.672686              
198    0.0748141       0.0973313             0.0889595             0.0730536             0.0399118             0.68925               
199    0.053066        0.0702442             0.0638262             0.0516519             0.0265415             0.666774              
200    0.0282599       0.0408722             0.0356958             0.0264114             0.0100601             0.564381              
Note : P(D|M) is the probability of site D given the model M (i.e., the site likelihood)
P(D|M,rr[x]) is the probability of site D given the model M and the relative rate
of evolution rr[x], where x is the class of rate to be considered.
We have P(D|M) = \sum_x P(x) x P(D|M,rr[x]).


Site   P(D|M)          P(D|M,rr[1]=0.0497)   P(D|M,rr[2]=0.3028)   P(D|M,rr[3]=0.8725)   P(D|M,rr[4]=2.7750)   Posterior mean        
1      0.0153109       0.0223205             0.0193805             0.0141752             0.00536746            0.559083              
2      0.000505729     3.00843e-05           0.000178549           0.000486364           0.00132792            2.05885               
3      0.000284465     1.48079e-05           9.01029e-05           0.000257481           0.000775468           2.11326               
4      9.38072e-05     5.19008e-06           3.15282e-05           8.91214e-05           0.000249389           2.07771               
5      0.00721098      0.00080795            0.00436683            0.00967587            0.0139933             1.68618               
6      0.000156555     1.08391e-05           6.3188e-05            0.00016501            0.000387184           1.97706               
7      0.099081        0.099081              0.099081              0.099081              0.099081              1                     
8      0.0646          0.0646                0.0646                0.0646                0.0646                1                     
9      0.000438106     4.29766e-05           0.000240912           0.000570081           0.000898455           1.7494                
10     2.49177e-05     6.49805e-07           4.74396e-06           1.77216e-05           7.65554e-05           2.30129               
11     0.045598        0.0671056             0.0577196             0.0416495             0.0159173             0.555519              
12     0.000361845     3.62228e-05           0.000200846           0.000467908           0.000742404           1.7487                
13     0.069147        0.069147              0.069147              0.069147              0.069147              1                     
14     0.045598        0.0671056             0.0577196             0.0416495             0.0159173             0.555519              
15     8.6523e-07      1.92391e-09           6.68067e-08           4.76018e-07           2.91617e-06           2.46408               
16     4.82773e-06     7.83656e-09           2.88365e-07           2.27544e-06           1.67393e-05           2.51279               
17     0.000280936     1.80232e-05           0.000106314           0.000284702           0.000714703           2.0154                
18     0.00286854      0.000283361           0.00157226            0.00367349            0.00594507            1.75985               
19     7.57957e-08     2.12771e-12           4.75479e-10           1.09393e-08           2.91766e-07           2.70244               
20     2.04803e-07     3.71134e-10           1.32147e-08           9.92722e-08           7.06354e-07           2.50333               
21     1.77778e-05     4.18304e-08           1.43818e-06           1.00574e-05           5.95739e-05           2.45431               
22     0.00022565      1.27713e-05           7.79933e-05           0.000221034           0.0005908             2.05692               
23     0.00372583      0.00036315            0.00201385            0.00471104            0.00781529            1.77314               
24     0.0748157       0.0973308             0.0889588             0.0730552             0.0399179             0.689318              
25     6.40727e-06     1.04494e-08           3.75458e-07           2.8847e-06            2.23585e-05           2.52352               
26     3.69869e-05     9.57663e-07           7.52009e-06           2.92164e-05           0.000110254           2.25599               
27     0.00943618      0.012687              0.0114867             0.00918867            0.00438239            0.643454              
28     0.000952026     8.38755e-05           0.000472311           0.00114275            0.00210917            1.83744               
29     5.58693e-05     4.90779e-06           2.75212e-05           6.63407e-05           0.000124707           1.84593               
30     0.0340976       0.0403618             0.0383604             0.0342218             0.0234465             0.795833              
31     0.0632265       0.0711056             0.0687109             0.0636372             0.0494525             0.858397              
32     0.00225698      0.000167742           0.000979739           0.00253821            0.00534222            1.92118               
33     0.000457928     2.38017e-05           0.000150118           0.000444844           0.00121295            2.07494               
34     0.0547371       0.0771539             0.0681555             0.0518053             0.0218337             0.594938              
35     0.0372057       0.0436293             0.0415971             0.0373744             0.026222              0.807264              
36     0.0470285       0.0566908             0.0535164             0.0470479             0.0308588             0.774557              
37     0.0470285       0.0566908             0.0535164             0.0470479             0.0308588             0.774557              
38     0.0403079       0.0602145             0.0513344             0.0363635             0.0133192             0.54099               
39     0.0547371       0.0771539             0.0681555             0.0518053             0.0218337             0.594938              
40     0.0355205       0.0518292             0.0450294             0.0329667             0.0122567             0.555923              
41     0.0372057       0.0436293             0.0415971             0.0373744             0.026222              0.807264              
42     0.0270069       0.039638              0.0343686             0.0250131             0.00900814            0.547992              
43     0.045598        0.0671056             0.0577196             0.0416495             0.0159173             0.555519              
44     0.0262416       0.0336111             0.0309837             0.0258633             0.0145081             0.703829              
45     0.0391346       0.0592645             0.0503834             0.0352329             0.0116577             0.519312              
46     0.0270069       0.039638              0.0343686             0.0250131             0.00900814            0.547992              
47     0.0748157       0.0973308             0.0889588             0.0730552             0.0399179             0.689318              
48     0.0748157       0.0973308             0.0889588             0.0730552             0.0399179             0.689318              
49     0.000352161     4.12024e-05           0.000222038           0.000487083           0.000658319           1.64776               
50     0.0748157       0.0973308             0.0889588             0.0730552             0.0399179             0.689318              
51     0.0262416       0.0336111             0.0309837             0.0258633             0.0145081             0.703829              
52     0.0748157       0.0973308             0.0889588             0.0730552             0.0399179             0.689318              
53     0.0748157       0.0973308             0.0889588             0.0730552             0.0399179             0.689318              
54     0.0153625       0.0218123             0.0192493             0.0145545             0.00583398            0.582602              
55     0.0282606       0.0408719             0.0356955             0.0264123             0.0100627             0.564468              
56     0.039063        0.052033              0.0471647             0.0379548             0.0190995             0.659091              
57     0.0142101       0.0221691             0.0185886             0.0125479             0.00353501            0.483601              
58     0.0282606       0.0408719             0.0356955             0.0264123             0.0100627             0.564468              
59     0.0282606       0.0408719             0.0356955             0.0264123             0.0100627             0.564468              
60     0.0547371       0.0771539             0.0681555             0.0518053             0.0218337             0.594938              
61     0.0409616       0.0548418             0.0495978             0.0397152             0.0196915             0.653291              
62     0.0262416       0.0336111             0.0309837             0.0258633             0.0145081             0.703829              
63     0.0748157       0.0973308             0.0889588             0.0730552             0.0399179             0.689318              
64     0.0100936       0.0119465             0.0113557             0.0101328             0.00693925            0.795794              
65     0.0461398       0.0631984             0.0565566             0.0442625             0.0205418             0.627923              
66     0.0409616       0.0548418             0.0495978             0.0397152             0.0196915             0.653291              
67     0.0403079       0.0602145             0.0513344             0.0363635             0.0133192             0.54099               
68     0.0372057       0.0436293             0.0415971             0.0373744             0.026222              0.807264              
69     0.0270069       0.039638              0.0343686             0.0250131             0.00900814            0.547992              
70     0.0547371       0.0771539             0.0681555             0.0518053             0.0218337             0.594938              
71     6.82664e-05     8.5694e-06            4.50458e-05           9.46047e-05           0.000124846           1.62253               
72     0.0461398       0.0631984             0.0565566             0.0442625             0.0205418             0.627923              
73     0.0355205       0.0518292             0.0450294             0.0329667             0.0122567             0.555923              
74     0.0547371       0.0771539             0.0681555             0.0518053             0.0218337             0.594938              
75     0.000100376     1.24956e-05           6.67632e-05           0.000143463           0.000178782           1.59931               
76     0.0372057       0.0436293             0.0415971             0.0373744             0.026222              0.807264              
77     0.0530672       0.0702438             0.0638257             0.0516532             0.0265462             0.666847              
78     0.0748157       0.0973308             0.0889588             0.0730552             0.0399179             0.689318              
79     0.0547371       0.0771539             0.0681555             0.0518053             0.0218337             0.594938              
80     0.0547371       0.0771539             0.0681555             0.0518053             0.0218337             0.594938              
81     0.000346767     1.53366e-06           4.9026e-05            0.000291864           0.00104464            2.28428               
82     0.0100936       0.0119465             0.0113557             0.0101328             0.00693925            0.795794              
83     0.00133614      0.000128487           0.000718844           0.00170318            0.00279404            1.77069               
84     0.045598        0.0671056             0.0577196             0.0416495             0.0159173             0.555519              
85     0.0470285       0.0566908             0.0535164             0.0470479             0.0308588             0.774557              
86     0.0270069       0.039638              0.0343686             0.0250131             0.00900814            0.547992              
87     3.60673e-07     9.06815e-10           3.09934e-08           2.13661e-07           1.19713e-06           2.43841               
88     0.0403079       0.0602145             0.0513344             0.0363635             0.0133192             0.54099               
89     0.0100936       0.0119465             0.0113557             0.0101328             0.00693925            0.795794              
90     0.0270069       0.039638              0.0343686             0.0250131             0.00900814            0.547992              
91     0.0409616       0.0548418             0.0495978             0.0397152             0.0196915             0.653291              
92     0.039063        0.052033              0.0471647             0.0379548             0.0190995             0.659091              
93     0.0315775       0.0415384             0.0378732             0.0308538             0.0160446             0.67276               
94     0.0372057       0.0436293             0.0415971             0.0373744             0.026222              0.807264              
95     0.0470285       0.0566908             0.0535164             0.0470479             0.0308588             0.774557              
96     0.0403079       0.0602145             0.0513344             0.0363635             0.0133192             0.54099               
97     0.0262416       0.0336111             0.0309837             0.0258633             0.0145081             0.703829              
98     0.0391346       0.0592645             0.0503834             0.0352329             0.0116577             0.519312              
99     0.000116825     1.27578e-05           6.93395e-05           0.000155357           0.000229846           1.70127               
100    0.0403079       0.0602145             0.0513344             0.0363635             0.0133192             0.54099               
101    0.00133614      0.000128487           0.000718844           0.00170318            0.00279404            1.77069               
102    0.000241661     2.71129e-05           0.000147093           0.000327529           0.000464909           1.67774               
103    0.00059196      5.76826e-05           0.000320865           0.000753587           0.0012357             1.76811               
104    0.0270069       0.039638              0.0343686             0.0250131             0.00900814            0.547992              
105    0.0100936       0.0119465             0.0113557             0.0101328             0.00693925            0.795794              
106    0.0391346       0.0592645             0.0503834             0.0352329             0.0116577             0.519312              
107    0.0530672       0.0702438             0.0638257             0.0516532             0.0265462             0.666847              
108    1.9427e-06      4.86997e-09           1.66929e-07           1.15541e-06           6.44358e-06           2.4373                
109    0.0403079       0.0602145             0.0513344             0.0363635             0.0133192             0.54099               
110    0.0748157       0.0973308             0.0889588             0.0730552             0.0399179             0.689318              
111    0.0372057       0.0436293             0.0415971             0.0373744             0.026222              0.807264              
112    0.00470512      0.000643955           0.00337643            0.00697469            0.00782542            1.53319               
113    0.0142101       0.0221691             0.0185886             0.0125479             0.00353501            0.483601              
114    0.00286854      0.000283361           0.00157226            0.00367349            0.00594507            1.75985               
115    0.00248879      0.00032254            0.00171026            0.00361671            0.00430563            1.57081               
116    0.0748157       0.0973308             0.0889588             0.0730552             0.0399179             0.689318              
117    0.000957295     9.12097e-05           0.00050882            0.00120324            0.00202591            1.78376               
118    0.000595764     5.79039e-05           0.000321266           0.00075211            0.00125178            1.77505               
119    0.0391346       0.0592645             0.0503834             0.0352329             0.0116577             0.519312              
120    0.0355205       0.0518292             0.0450294             0.0329667             0.0122567             0.555923              
121    0.0409616       0.0548418             0.0495978             0.0397152             0.0196915             0.653291              
122    0.0409616       0.0548418             0.0495978             0.0397152             0.0196915             0.653291              
123    0.0409616       0.0548418             0.0495978             0.0397152             0.0196915             0.653291              
124    0.0547371       0.0771539             0.0681555             0.0518053             0.0218337             0.594938              
125    0.0262416       0.0336111             0.0309837             0.0258633             0.0145081             0.703829              
126    0.000229151     1.78769e-05           0.000102746           0.000259483           0.000536499           1.90614               
127    0.0748157       0.0973308             0.0889588             0.0730552             0.0399179             0.689318              
128    0.045598        0.0671056             0.0577196             0.0416495             0.0159173             0.555519              
129    0.0547371       0.0771539             0.0681555             0.0518053             0.0218337             0.594938              
130    0.0270069       0.039638              0.0343686             0.0250131             0.00900814            0.547992              
131    0.0547371       0.0771539             0.0681555             0.0518053             0.0218337             0.594938              
132    0.0262416       0.0336111             0.0309837             0.0258633             0.0145081             0.703829              
133    0.0355205       0.0518292             0.0450294             0.0329667             0.0122567             0.555923              
134    0.0391346       0.0592645             0.0503834             0.0352329             0.0116577             0.519312              
135    0.0403079       0.0602145             0.0513344             0.0363635             0.0133192             0.54099               
136    0.000101237     7.06021e-06           4.2558e-05            0.000114779           0.000240551           1.92842               
137    0.000344254     4.02699e-05           0.000217019           0.000476101           0.000643625           1.64789               
138    9.78882e-05     2.70444e-07           9.15673e-06           6.17694e-05           0.000320356           2.41517               
139    0.039063        0.052033              0.0471647             0.0379548             0.0190995             0.659091              
140    0.0003317       3.16255e-05           0.000176265           0.00041623            0.000702682           1.78478               
141    0.000566661     6.6126e-05            0.000356418           0.000782383           0.00106172            1.65006               
142    0.00248879      0.00032254            0.00171026            0.00361671            0.00430563            1.57081               
143    0.0315775       0.0415384             0.0378732             0.0308538             0.0160446             0.67276               
144    0.045598        0.0671056             0.0577196             0.0416495             0.0159173             0.555519              
145    0.0470285       0.0566908             0.0535164             0.0470479             0.0308588             0.774557              
146    0.0262416       0.0336111             0.0309837             0.0258633             0.0145081             0.703829              
147    0.000494635     5.12232e-05           0.000281749           0.000646586           0.000998984           1.73066               
148    0.045598        0.0671056             0.0577196             0.0416495             0.0159173             0.555519              
149    0.0530672       0.0702438             0.0638257             0.0516532             0.0265462             0.666847              
150    0.0530672       0.0702438             0.0638257             0.0516532             0.0265462             0.666847              
151    0.0547371       0.0771539             0.0681555             0.0518053             0.0218337             0.594938              
152    0.045598        0.0671056             0.0577196             0.0416495             0.0159173             0.555519              
153    0.000625901     6.62855e-05           0.000362655           0.000823388           0.00125127            1.71904               
154    0.0470285       0.0566908             0.0535164             0.0470479             0.0308588             0.774557              
155    0.045598        0.0671056             0.0577196             0.0416495             0.0159173             0.555519              
156    0.00104974      0.000134685           0.000708084           0.00148319            0.00187302            1.59868               
157    0.00083237      8.67176e-05           0.000476944           0.00109346            0.00167235            1.72506               
158    0.000530614     6.20892e-05           0.000335408           0.000738237           0.000986721           1.64287               
159    0.0470285       0.0566908             0.0535164             0.0470479             0.0308588             0.774557              
160    0.0100936       0.0119465             0.0113557             0.0101328             0.00693925            0.795794              
161    0.0270069       0.039638              0.0343686             0.0250131             0.00900814            0.547992              
162    0.0547371       0.0771539             0.0681555             0.0518053             0.0218337             0.594938              
163    0.039063        0.052033              0.0471647             0.0379548             0.0190995             0.659091              
164    0.0372057       0.0436293             0.0415971             0.0373744             0.026222              0.807264              
165    0.0282606       0.0408719             0.0356955             0.0264123             0.0100627             0.564468              
166    0.000218027     2.66294e-05           0.000142579           0.000308101           0.000394799           1.61549               
167    0.0409616       0.0548418             0.0495978             0.0397152             0.0196915             0.653291              
168    0.0142101       0.0221691             0.0185886             0.0125479             0.00353501            0.483601              
169    0.0046174       0.000643543           0.00336334            0.00689784            0.00756489            1.51933               
170    0.000275042     4.20916e-05           0.000216957           0.000429957           0.000411161           1.43969               
171    0.0372057       0.0436293             0.0415971             0.0373744             0.026222              0.807264              
172    0.0270069       0.039638              0.0343686             0.0250131             0.00900814            0.547992              
173    0.0461398       0.0631984             0.0565566             0.0442625             0.0205418             0.627923              
174    0.0372057       0.0436293             0.0415971             0.0373744             0.026222              0.807264              
175    0.039063        0.052033              0.0471647             0.0379548             0.0190995             0.659091              
176    0.0372057       0.0436293             0.0415971             0.0373744             0.026222              0.807264              
177    0.0372057       0.0436293             0.0415971             0.0373744             0.026222              0.807264              
178    0.0372057       0.0436293             0.0415971             0.0373744             0.026222              0.807264              
179    0.045598        0.0671056             0.0577196             0.0416495             0.0159173             0.555519              
180    0.000430963     6.05989e-05           0.000315486           0.000642435           0.000705333           1.51775               
181    0.0748157       0.0973308             0.0889588             0.0730552             0.0399179             0.689318              
182    0.045598        0.0671056             0.0577196             0.0416495             0.0159173             0.555519              
183    0.0372057       0.0436293             0.0415971             0.0373744             0.026222              0.807264              
184    0.0282606       0.0408719             0.0356955             0.0264123             0.0100627             0.564468              
185    0.0530672       0.0702438             0.0638257             0.0516532             0.0265462             0.666847              
186    0.0270069       0.039638              0.0343686             0.0250131             0.00900814            0.547992              
187    0.0270069       0.039638              0.0343686             0.0250131             0.00900814            0.547992              
188    0.0748157       0.0973308             0.0889588             0.0730552             0.0399179             0.689318              
189    0.0547371       0.0771539             0.0681555             0.0518053             0.0218337             0.594938              
190    0.0409616       0.0548418             0.0495978             0.0397152             0.0196915             0.653291              
191    0.0748157       0.0973308             0.0889588             0.0730552             0.0399179             0.689318              
192    0.0355205       0.0518292             0.0450294             0.0329667             0.0122567             0.555923              
193    0.039063        0.052033              0.0471647             0.0379548             0.0190995             0.659091              
194    0.0262416       0.0336111             0.0309837             0.0258633             0.0145081             0.703829              
195    0.045598        0.0671056             0.0577196             0.0416495             0.0159173             0.555519              
196    0.0547371       0.0771539             0.0681555             0.0518053             0.0218337             0.594938              
197    0.0315775       0.0415384             0.0378732             0.0308538             0.0160446             0.67276               
198    0.0748157       0.0973308             0.0889588             0.0730552             0.0399179             0.689318              
199    0.0530672       0.0702438             0.0638257             0.0516532             0.0265462             0.666847              
200    0.0282606       0.0408719             0.0356955             0.0264123             0.0100627             0.564468              
Note : P(D|M) is the probability of site D given the model M (i.e., the site likelihood)
P(D|M,rr[x]) is the probability of site D given the model M and the relative rate
of evolution rr[x], where x is the class of rate to be considered.
We have P(D|M) = \sum_x P(x) x P(D|M,rr[x]).


Site   P(D|M)          P(D|M,rr[1]=0.0496)   P(D|M,rr[2]=0.3026)   P(D|M,rr[3]=0.8723)   P(D|M,rr[4]=2.7756)   Posterior mean        
1      0.0153092       0.0223212             0.0193812             0.0141728             0.00536165            0.558737              
2      0.000505973     3.00494e-05           0.000178514           0.000486522           0.00132881            2.05943               
3      0.000284623     1.47906e-05           9.00849e-05           0.00025757            0.000776045           2.11387               
4      9.38515e-05     5.18404e-06           3.15219e-05           8.91515e-05           0.000249549           2.07827               
5      0.00721094      0.000807032           0.00436608            0.00967794            0.0139927             1.68635               
6      0.000156608     1.08265e-05           6.3176e-05            0.00016506            0.00038737            1.97755               
7      0.099081        0.099081              0.099081              0.099081              0.099081              1                     
8      0.0646          0.0646                0.0646                0.0646                0.0646                1                     
9      0.000438377     4.29114e-05           0.000240814           0.000570277           0.000899506           1.75024               
10     2.49324e-05     6.4875e-07            4.74075e-06           1.77223e-05           7.66178e-05           2.30205               
11     0.0456077       0.06711               0.0577324             0.0416639             0.0159244             0.555486              
12     0.000361991     3.61677e-05           0.000200757           0.000468017           0.000743021           1.74941               
13     0.069147        0.069147              0.069147              0.069147              0.069147              1                     
14     0.0456077       0.06711               0.0577324             0.0416639             0.0159244             0.555486              
15     8.57798e-07     1.898e-09             6.60453e-08           4.71244e-07           2.89201e-06           2.46505               
16     4.83386e-06     7.81015e-09           2.87981e-07           2.27545e-06           1.67642e-05           2.51364               
17     0.00028104      1.79953e-05           0.000106257           0.000284725           0.000715184           2.01611               
18     0.00286939      0.00028293            0.00157153            0.00367412            0.00594896            1.76049               
19     7.56538e-08     2.11094e-12           4.73089e-10           1.09023e-08           2.91238e-07           2.7031                
20     2.03776e-07     3.67515e-10           1.31133e-08           9.86461e-08           7.02976e-07           2.5042                
21     1.77854e-05     4.1684e-08            1.43603e-06           1.0054e-05            5.96101e-05           2.45507               
22     0.000225797     1.27515e-05           7.7953e-05            0.000221076           0.000591406           2.05776               
23     0.00372688      0.000362597           0.00201291            0.00471179            0.00782024            1.77377               
24     0.0748258       0.0973346             0.0889705             0.0730704             0.0399277             0.689288              
25     6.3764e-06      1.03513e-08           3.72688e-07           2.8671e-06            2.22554e-05           2.52437               
26     3.70239e-05     9.56088e-07           7.51529e-06           2.92235e-05           0.000110401           2.25689               
27     0.0094375       0.0126875             0.0114883             0.00919078            0.00438334            0.643401              
28     0.00095238      8.37473e-05           0.000472088           0.00114294            0.00211075            1.83815               
29     5.63277e-05     4.97058e-06           2.78745e-05           6.70847e-05           0.000125381           1.84279               
30     0.0341063       0.0403632             0.0383659             0.0342326             0.0234635             0.796003              
31     0.0632379       0.0711072             0.0687175             0.0636506             0.0494765             0.858521              
32     0.00225788      0.000167483           0.000979247           0.00253859            0.0053462             1.9219                
33     0.000458189     2.37645e-05           0.000150036           0.000444913           0.00121404            2.07573               
34     0.0547467       0.077158              0.0681678             0.0518201             0.0218407             0.594893              
35     0.0372084       0.0436302             0.0416                0.0373786             0.0262248             0.807234              
36     0.0470325       0.0566922             0.0535209             0.0470541             0.0308629             0.774524              
37     0.0470325       0.0566922             0.0535209             0.0470541             0.0308629             0.774524              
38     0.0403169       0.0602187             0.0513464             0.0363768             0.0133257             0.540959              
39     0.0547467       0.077158              0.0681678             0.0518201             0.0218407             0.594893              
40     0.0355274       0.0518323             0.0450387             0.0329774             0.012261              0.555871              
41     0.0372084       0.0436302             0.0416                0.0373786             0.0262248             0.807234              
42     0.0270122       0.0396404             0.0343757             0.0250214             0.00901128            0.547936              
43     0.0456077       0.06711               0.0577324             0.0416639             0.0159244             0.555486              
44     0.0262447       0.0336123             0.0309874             0.0258682             0.014511              0.703791              
45     0.0391432       0.0592687             0.0503953             0.035246              0.0116628             0.519263              
46     0.0270122       0.0396404             0.0343757             0.0250214             0.00901128            0.547936              
47     0.0748258       0.0973346             0.0889705             0.0730704             0.0399277             0.689288              
48     0.0748258       0.0973346             0.0889705             0.0730704             0.0399277             0.689288              
49     0.000352192     4.11292e-05           0.000221888           0.00048708            0.000658671           1.64841               
50     0.0748258       0.0973346             0.0889705             0.0730704             0.0399277             0.689288              
51     0.0262447       0.0336123             0.0309874             0.0258682             0.014511              0.703791              
52     0.0748258       0.0973346             0.0889705             0.0730704             0.0399277             0.689288              
53     0.0748258       0.0973346             0.0889705             0.0730704             0.0399277             0.689288              
54     0.0153651       0.0218134             0.0192528             0.0145587             0.00583566            0.582545              
55     0.0282659       0.0408743             0.0357025             0.0264205             0.0100661             0.564414              
56     0.0390686       0.0520352             0.0471714             0.0379634             0.0191043             0.659052              
57     0.0142134       0.0221708             0.0185933             0.012553              0.00353653            0.483537              
58     0.0282659       0.0408743             0.0357025             0.0264205             0.0100661             0.564414              
59     0.0282659       0.0408743             0.0357025             0.0264205             0.0100661             0.564414              
60     0.0547467       0.077158              0.0681678             0.0518201             0.0218407             0.594893              
61     0.0409675       0.0548441             0.0496051             0.0397244             0.0196965             0.653251              
62     0.0262447       0.0336123             0.0309874             0.0258682             0.014511              0.703791              
63     0.0748258       0.0973346             0.0889705             0.0730704             0.0399277             0.689288              
64     0.0100943       0.0119467             0.0113565             0.010134              0.00694002            0.795762              
65     0.0461472       0.0632014             0.0565658             0.0442739             0.0205478             0.627883              
66     0.0409675       0.0548441             0.0496051             0.0397244             0.0196965             0.653251              
67     0.0403169       0.0602187             0.0513464             0.0363768             0.0133257             0.540959              
68     0.0372084       0.0436302             0.0416                0.0373786             0.0262248             0.807234              
69     0.0270122       0.0396404             0.0343757             0.0250214             0.00901128            0.547936              
70     0.0547467       0.077158              0.0681678             0.0518201             0.0218407             0.594893              
71     6.74528e-05     8.43854e-06           4.4416e-05            9.33906e-05           0.000123566           1.62442               
72     0.0461472       0.0632014             0.0565658             0.0442739             0.0205478             0.627883              
73     0.0355274       0.0518323             0.0450387             0.0329774             0.012261              0.555871              
74     0.0547467       0.077158              0.0681678             0.0518201             0.0218407             0.594893              
75     0.000100385     1.24735e-05           6.67189e-05           0.000143465           0.000178881           1.59995               
76     0.0372084       0.0436302             0.0416                0.0373786             0.0262248             0.807234              
77     0.0530747       0.0702467             0.0638346             0.0516646             0.0265528             0.666809              
78     0.0748258       0.0973346             0.0889705             0.0730704             0.0399277             0.689288              
79     0.0547467       0.077158              0.0681678             0.0518201             0.0218407             0.594893              
80     0.0547467       0.077158              0.0681678             0.0518201             0.0218407             0.594893              
81     0.000346622     1.52659e-06           4.89034e-05           0.00029151            0.00104455            2.28516               
82     0.0100943       0.0119467             0.0113565             0.010134              0.00694002            0.795762              
83     0.0013367       0.000128291           0.000718523           0.00170358            0.0027964             1.77141               
84     0.0456077       0.06711               0.0577324             0.0416639             0.0159244             0.555486              
85     0.0470325       0.0566922             0.0535209             0.0470541             0.0308629             0.774524              
86     0.0270122       0.0396404             0.0343757             0.0250214             0.00901128            0.547936              
87     3.60911e-07     9.03772e-10           3.0952e-08            2.13629e-07           1.19816e-06           2.43918               
88     0.0403169       0.0602187             0.0513464             0.0363768             0.0133257             0.540959              
89     0.0100943       0.0119467             0.0113565             0.010134              0.00694002            0.795762              
90     0.0270122       0.0396404             0.0343757             0.0250214             0.00901128            0.547936              
91     0.0409675       0.0548441             0.0496051             0.0397244             0.0196965             0.653251              
92     0.0390686       0.0520352             0.0471714             0.0379634             0.0191043             0.659052              
93     0.0315818       0.0415401             0.0378783             0.0308604             0.0160483             0.67272               
94     0.0372084       0.0436302             0.0416                0.0373786             0.0262248             0.807234              
95     0.0470325       0.0566922             0.0535209             0.0470541             0.0308629             0.774524              
96     0.0403169       0.0602187             0.0513464             0.0363768             0.0133257             0.540959              
97     0.0262447       0.0336123             0.0309874             0.0258682             0.014511              0.703791              
98     0.0391432       0.0592687             0.0503953             0.035246              0.0116628             0.519263              
99     0.000115362     1.25626e-05           6.83591e-05           0.000153301           0.000227225           1.7027                
100    0.0403169       0.0602187             0.0513464             0.0363768             0.0133257             0.540959              
101    0.0013367       0.000128291           0.000718523           0.00170358            0.0027964             1.77141               
102    0.000241651     2.70608e-05           0.000146972           0.000327477           0.000465093           1.67841               
103    0.000592103     5.75945e-05           0.000320713           0.000753693           0.00123641            1.76872               
104    0.0270122       0.0396404             0.0343757             0.0250214             0.00901128            0.547936              
105    0.0100943       0.0119467             0.0113565             0.010134              0.00694002            0.795762              
106    0.0391432       0.0592687             0.0503953             0.035246              0.0116628             0.519263              
107    0.0530747       0.0702467             0.0638346             0.0516646             0.0265528             0.666809              
108    1.94432e-06     4.85364e-09           1.6671e-07            1.15533e-06           6.45037e-06           2.43811               
109    0.0403169       0.0602187             0.0513464             0.0363768             0.0133257             0.540959              
110    0.0748258       0.0973346             0.0889705             0.0730704             0.0399277             0.689288              
111    0.0372084       0.0436302             0.0416                0.0373786             0.0262248             0.807234              
112    0.00470661      0.000642989           0.00337514            0.00697676            0.00783156            1.53379               
113    0.0142134       0.0221708             0.0185933             0.012553              0.00353653            0.483537              
114    0.00286939      0.00028293            0.00157153            0.00367412            0.00594896            1.76049               
115    0.00248979      0.000322055           0.00170962            0.00361788            0.00430959            1.57148               
116    0.0748258       0.0973346             0.0889705             0.0730704             0.0399277             0.689288              
117    0.000957617     9.10706e-05           0.000508585           0.00120346            0.00202735            1.78443               
118    0.000595733     5.77923e-05           0.000320992           0.000751964           0.00125218            1.77572               
119    0.0391432       0.0592687             0.0503953             0.035246              0.0116628             0.519263              
120    0.0355274       0.0518323             0.0450387             0.0329774             0.012261              0.555871              
121    0.0409675       0.0548441             0.0496051             0.0397244             0.0196965             0.653251              
122    0.0409675       0.0548441             0.0496051             0.0397244             0.0196965             0.653251              
123    0.0409675       0.0548441             0.0496051             0.0397244             0.0196965             0.653251              
124    0.0547467       0.077158              0.0681678             0.0518201             0.0218407             0.594893              
125    0.0262447       0.0336123             0.0309874             0.0258682             0.014511              0.703791              
126    0.000229124     1.78421e-05           0.000102652           0.000259403           0.0005366             1.90681               
127    0.0748258       0.0973346             0.0889705             0.0730704             0.0399277             0.689288              
128    0.0456077       0.06711               0.0577324             0.0416639             0.0159244             0.555486              
129    0.0547467       0.077158              0.0681678             0.0518201             0.0218407             0.594893              
130    0.0270122       0.0396404             0.0343757             0.0250214             0.00901128            0.547936              
131    0.0547467       0.077158              0.0681678             0.0518201             0.0218407             0.594893              
132    0.0262447       0.0336123             0.0309874             0.0258682             0.014511              0.703791              
133    0.0355274       0.0518323             0.0450387             0.0329774             0.012261              0.555871              
134    0.0391432       0.0592687             0.0503953             0.035246              0.0116628             0.519263              
135    0.0403169       0.0602187             0.0513464             0.0363768             0.0133257             0.540959              
136    0.00010131      7.04931e-06           4.25382e-05           0.000114814           0.000240839           1.92931               
137    0.000344237     4.01927e-05           0.000216842           0.000476032           0.000643882           1.64855               
138    9.78049e-05     2.691e-07             9.12991e-06           6.16641e-05           0.000320157           2.41598               
139    0.0390686       0.0520352             0.0471714             0.0379634             0.0191043             0.659052              
140    0.000331674     3.15644e-05           0.000176111           0.000416133           0.000702887           1.78544               
141    0.000566638     6.59994e-05           0.000356129           0.000782283           0.00106214            1.65072               
142    0.00248979      0.000322055           0.00170962            0.00361788            0.00430959            1.57148               
143    0.0315818       0.0415401             0.0378783             0.0308604             0.0160483             0.67272               
144    0.0456077       0.06711               0.0577324             0.0416639             0.0159244             0.555486              
145    0.0470325       0.0566922             0.0535209             0.0470541             0.0308629             0.774524              
146    0.0262447       0.0336123             0.0309874             0.0258682             0.014511              0.703791              
147    0.000494907     5.11457e-05           0.000281634           0.00064679            0.00100006            1.73147               
148    0.0456077       0.06711               0.0577324             0.0416639             0.0159244             0.555486              
149    0.0530747       0.0702467             0.0638346             0.0516646             0.0265528             0.666809              
150    0.0530747       0.0702467             0.0638346             0.0516646             0.0265528             0.666809              
151    0.0547467       0.077158              0.0681678             0.0518201             0.0218407             0.594893              
152    0.0456077       0.06711               0.0577324             0.0416639             0.0159244             0.555486              
153    0.000625873     6.61582e-05           0.000362354           0.000823258           0.00125172            1.7197                
154    0.0470325       0.0566922             0.0535209             0.0470541             0.0308629             0.774524              
155    0.0456077       0.06711               0.0577324             0.0416639             0.0159244             0.555486              
156    0.00104985      0.000134448           0.000707645           0.00148331            0.00187401            1.59929               
157    0.000832821     8.65863e-05           0.00047675            0.00109381            0.00167414            1.72586               
158    0.000530784     6.19953e-05           0.000335267           0.000738414           0.000987462           1.6435                
159    0.0470325       0.0566922             0.0535209             0.0470541             0.0308629             0.774524              
160    0.0100943       0.0119467             0.0113565             0.010134              0.00694002            0.795762              
161    0.0270122       0.0396404             0.0343757             0.0250214             0.00901128            0.547936              
162    0.0547467       0.077158              0.0681678             0.0518201             0.0218407             0.594893              
163    0.0390686       0.0520352             0.0471714             0.0379634             0.0191043             0.659052              
164    0.0372084       0.0436302             0.0416                0.0373786             0.0262248             0.807234              
165    0.0282659       0.0408743             0.0357025             0.0264205             0.0100661             0.564414              
166    0.00021805      2.65822e-05           0.000142484           0.000308106           0.000395027           1.61615               
167    0.0409675       0.0548441             0.0496051             0.0397244             0.0196965             0.653251              
168    0.0142134       0.0221708             0.0185933             0.012553              0.00353653            0.483537              
169    0.00461896      0.000642579           0.00336209            0.00690002            0.00757116            1.51994               
170    0.000275068     4.20177e-05           0.000216824           0.000430001           0.000411428           1.44029               
171    0.0372084       0.0436302             0.0416                0.0373786             0.0262248             0.807234              
172    0.0270122       0.0396404             0.0343757             0.0250214             0.00901128            0.547936              
173    0.0461472       0.0632014             0.0565658             0.0442739             0.0205478             0.627883              
174    0.0372084       0.0436302             0.0416                0.0373786             0.0262248             0.807234              
175    0.0390686       0.0520352             0.0471714             0.0379634             0.0191043             0.659052              
176    0.0372084       0.0436302             0.0416                0.0373786             0.0262248             0.807234              
177    0.0372084       0.0436302             0.0416                0.0373786             0.0262248             0.807234              
178    0.0372084       0.0436302             0.0416                0.0373786             0.0262248             0.807234              
179    0.0456077       0.06711               0.0577324             0.0416639             0.0159244             0.555486              
180    0.000430956     6.04837e-05           0.000315247           0.000642407           0.000705687           1.51838               
181    0.0748258       0.0973346             0.0889705             0.0730704             0.0399277             0.689288              
182    0.0456077       0.06711               0.0577324             0.0416639             0.0159244             0.555486              
183    0.0372084       0.0436302             0.0416                0.0373786             0.0262248             0.807234              
184    0.0282659       0.0408743             0.0357025             0.0264205             0.0100661             0.564414              
185    0.0530747       0.0702467             0.0638346             0.0516646             0.0265528             0.666809              
186    0.0270122       0.0396404             0.0343757             0.0250214             0.00901128            0.547936              
187    0.0270122       0.0396404             0.0343757             0.0250214             0.00901128            0.547936              
188    0.0748258       0.0973346             0.0889705             0.0730704             0.0399277             0.689288              
189    0.0547467       0.077158              0.0681678             0.0518201             0.0218407             0.594893              
190    0.0409675       0.0548441             0.0496051             0.0397244             0.0196965             0.653251              
191    0.0748258       0.0973346             0.0889705             0.0730704             0.0399277             0.689288              
192    0.0355274       0.0518323             0.0450387             0.0329774             0.012261              0.555871              
193    0.0390686       0.0520352             0.0471714             0.0379634             0.0191043             0.659052              
194    0.0262447       0.0336123             0.0309874             0.0258682             0.014511              0.703791              
195    0.0456077       0.06711               0.0577324             0.0416639             0.0159244             0.555486              
196    0.0547467       0.077158              0.0681678             0.0518201             0.0218407             0.594893              
197    0.0315818       0.0415401             0.0378783             0.0308604             0.0160483             0.67272               
198    0.0748258       0.0973346             0.0889705             0.0730704             0.0399277             0.689288              
199    0.0530747       0.0702467             0.0638346             0.0516646             0.0265528             0.666809              
200    0.0282659       0.0408743             0.0357025             0.0264205             0.0100661             0.564414              
