Note : P(D|M) is the probability of site D given the model M (i.e., the site likelihood)
P(D|M,rr[x]) is the probability of site D given the model M and the relative rate
of evolution rr[x], where x is the class of rate to be considered.
We have P(D|M) = \sum_x P(x) x P(D|M,rr[x]).


Site   P(D|M)          P(D|M,rr[1]=0.0139)   P(D|M,rr[2]=0.1665)   P(D|M,rr[3]=0.7084)   P(D|M,rr[4]=3.1112)   Posterior mean        
1      0.00823433      0.0214998             0.0105387             0.000898323           4.89083e-07           0.0817041             
2      0.000338639     7.92934e-05           0.000618777           0.000625841           3.06438e-05           0.474536              
3      0.0324395       0.0755013             0.0457612             0.00844637            4.89741e-05           0.114082              
4      9.24828e-05     2.07477e-05           0.000161482           0.000164837           2.28646e-05           0.581393              
5      8.80278e-06     1.49897e-08           1.74375e-06           1.52907e-05           1.81617e-05           1.92063               
6      0.000101796     1.44019e-05           0.000131284           0.000219639           4.1861e-05            0.756127              
7      0.00264264      0.000121301           0.00126675            0.00356991            0.00561261            1.91131               
8      0.055941        0.055941              0.055941              0.055941              0.055941              1                     
9      0.055941        0.055941              0.055941              0.055941              0.055941              1                     
10     0.0433649       0.0772889             0.0606011             0.0283128             0.00725669            0.310137              
11     4.31923e-05     7.87756e-08           8.97725e-06           7.45741e-05           8.9139e-05            1.91965               
12     0.0348029       0.0760995             0.0502705             0.0125504             0.000291085           0.138081              
13     0.0324395       0.0755013             0.0457612             0.00844637            4.89741e-05           0.114082              
14     1.14667e-05     5.63829e-08           5.55762e-06           2.86194e-05           1.16333e-05           1.25131               
15     4.40443e-05     3.91496e-07           3.43004e-05           0.000123721           1.77643e-05           0.84362               
16     0.0324395       0.0755013             0.0457612             0.00844637            4.89741e-05           0.114082              
17     2.91077e-06     4.30106e-09           4.533e-07             3.27107e-06           7.91441e-06           2.32038               
18     2.18657e-06     3.2736e-09            3.62827e-07           3.10576e-06           5.27444e-06           2.13468               
19     7.10804e-06     1.74548e-08           2.00637e-06           1.6116e-05            1.02924e-05           1.53955               
20     0.024489        0.0432694             0.0356618             0.0180389             0.000985935           0.228511              
21     0.000756122     0.000120814           0.00106537            0.00159859            0.00023971            0.680197              
22     0.000165819     4.32378e-06           4.93991e-05           0.000179123           0.000430432           2.22283               
23     0.0606385       0.0786788             0.0745614             0.0617065             0.0276074             0.590018              
24     0.0606385       0.0786788             0.0745614             0.0617065             0.0276074             0.590018              
25     0.0497157       0.0572069             0.0557998             0.0510916             0.0347643             0.776601              
26     0.0443398       0.0608045             0.056669              0.0442432             0.0156424             0.509066              
27     0.0399384       0.07696               0.0575703             0.0226567             0.00256645            0.217134              
28     4.06098e-05     1.89753e-07           1.92553e-05           0.000109295           3.36988e-05           1.14182               
29     2.99771e-06     2.49805e-10           2.90872e-07           6.06633e-06           5.63339e-06           1.82411               
30     2.80526e-05     1.51148e-07           1.51596e-05           7.88922e-05           1.80075e-05           1.01985               
31     5.95194e-06     3.37147e-08           3.16161e-06           1.44953e-05           6.11719e-06           1.25283               
32     0.0265973       0.0653499             0.0356954             0.00528838            5.53786e-05           0.101224              
33     0.0458553       0.0958083             0.0667029             0.0203132             0.000596669           0.156371              
34     0.024489        0.0432694             0.0356618             0.0180389             0.000985935           0.228511              
35     0.0322399       0.0690776             0.0469248             0.0127758             0.0001814             0.142574              
36     0.0247563       0.0538875             0.0359152             0.00913023            9.2076e-05            0.136148              
37     0.0458553       0.0958083             0.0667029             0.0203132             0.000596669           0.156371              
38     0.0158405       0.0386655             0.0217116             0.00298002            4.87635e-06           0.0990808             
39     0.0247563       0.0538875             0.0359152             0.00913023            9.2076e-05            0.136148              
40     0.0247563       0.0538875             0.0359152             0.00913023            9.2076e-05            0.136148              
41     0.0322399       0.0690776             0.0469248             0.0127758             0.0001814             0.142574              
42     0.0324395       0.0755013             0.0457612             0.00844637            4.89741e-05           0.114082              
43     0.0322399       0.0690776             0.0469248             0.0127758             0.0001814             0.142574              
44     0.0247563       0.0538875             0.0359152             0.00913023            9.2076e-05            0.136148              
45     0.0158405       0.0386655             0.0217116             0.00298002            4.87635e-06           0.0990808             
46     0.00030093      8.587e-05             0.000626578           0.000484933           6.34026e-06           0.389412              
47     0.0302449       0.0561255             0.0444447             0.0196922             0.000717454           0.201361              
48     0.00030986      8.0616e-05            0.000580324           0.000521039           5.74618e-05           0.52088               
49     0.000430159     7.98499e-05           0.000672517           0.000883833           8.44342e-05           0.582258              
50     0.0247563       0.0538875             0.0359152             0.00913023            9.2076e-05            0.136148              
51     0.0158405       0.0386655             0.0217116             0.00298002            4.87635e-06           0.0990808             
52     0.0247563       0.0538875             0.0359152             0.00913023            9.2076e-05            0.136148              
53     0.000524758     0.000161077           0.00113744            0.000792384           8.12953e-06           0.370738              
54     4.34941e-06     1.70037e-10           2.15108e-07           5.87818e-06           1.13042e-05           2.26295               
55     0.00096182      0.00022657            0.00176402            0.00178539            7.12979e-05           0.463541              
56     0.0322399       0.0690776             0.0469248             0.0127758             0.0001814             0.142574              
57     0.0324395       0.0755013             0.0457612             0.00844637            4.89741e-05           0.114082              
58     0.000211815     6.29863e-05           0.00045039            0.000328375           5.51003e-06           0.384308              
59     8.93342e-05     1.39042e-05           0.0001332             0.000190671           1.9561e-05            0.610894              
60     0.0265973       0.0653499             0.0356954             0.00528838            5.53786e-05           0.101224              
61     7.83954e-06     7.04899e-10           8.21503e-07           1.69555e-05           1.35804e-05           1.73479               
62     0.0322399       0.0690776             0.0469248             0.0127758             0.0001814             0.142574              
63     0.0322399       0.0690776             0.0469248             0.0127758             0.0001814             0.142574              
64     3.71498e-06     1.03088e-08           1.11293e-06           7.97079e-06           5.76588e-06           1.59967               
65     0.0227345       0.0576062             0.0299277             0.00339293            1.12475e-05           0.0904056             
66     0.0322399       0.0690776             0.0469248             0.0127758             0.0001814             0.142574              
67     0.0192475       0.0408746             0.0281403             0.00787992            9.51652e-05           0.144574              
68     0.000125634     1.92467e-05           0.000173795           0.000276126           3.33666e-05           0.653914              
69     0.000335191     4.24639e-05           0.000395397           0.000721985           0.000180917           0.850808              
70     0.0324395       0.0755013             0.0457612             0.00844637            4.89741e-05           0.114082              
71     0.0324395       0.0755013             0.0457612             0.00844637            4.89741e-05           0.114082              
72     0.000564389     0.000108474           0.000911362           0.00116108            7.6639e-05            0.537819              
73     0.000326662     4.81177e-05           0.000440854           0.00074023            7.74488e-05           0.642397              
74     0.0247563       0.0538875             0.0359152             0.00913023            9.2076e-05            0.136148              
75     0.0322399       0.0690776             0.0469248             0.0127758             0.0001814             0.142574              
76     0.000735452     0.000159642           0.00127998            0.00143287            6.93139e-05           0.491525              
77     0.000560463     0.000119827           0.000968148           0.00109553            5.83492e-05           0.499777              
78     0.0324395       0.0755013             0.0457612             0.00844637            4.89741e-05           0.114082              
79     0.00030986      8.0616e-05            0.000580324           0.000521039           5.74618e-05           0.52088               
80     0.0322399       0.0690776             0.0469248             0.0127758             0.0001814             0.142574              
81     3.78326e-06     1.01124e-08           1.02311e-06           6.21527e-06           7.88454e-06           1.92321               
82     0.0458553       0.0958083             0.0667029             0.0203132             0.000596669           0.156371              
83     0.0458553       0.0958083             0.0667029             0.0203132             0.000596669           0.156371              
84     0.0324395       0.0755013             0.0457612             0.00844637            4.89741e-05           0.114082              
85     0.0324395       0.0755013             0.0457612             0.00844637            4.89741e-05           0.114082              
86     0.0302449       0.0561255             0.0444447             0.0196922             0.000717454           0.201361              
87     5.1498e-07      2.39382e-12           3.90084e-09           2.10413e-07           1.8456e-06            2.86022               
88     1.05336e-05     1.07843e-06           1.02507e-05           2.04332e-05           1.03721e-05           1.15027               
89     0.000973737     0.000198336           0.00162752            0.00195209            0.000116997           0.518756              
90     0.000691899     0.000139333           0.00114098            0.00138471            0.000102577           0.539067              
91     0.0324395       0.0755013             0.0457612             0.00844637            4.89741e-05           0.114082              
92     0.0324395       0.0755013             0.0457612             0.00844637            4.89741e-05           0.114082              
93     1.61457e-05     1.01295e-07           9.52961e-06           4.25601e-05           1.2392e-05            1.08839               
94     0.0247563       0.0538875             0.0359152             0.00913023            9.2076e-05            0.136148              
95     0.0458553       0.0958083             0.0667029             0.0203132             0.000596669           0.156371              
96     0.0158405       0.0386655             0.0217116             0.00298002            4.87635e-06           0.0990808             
97     0.000528491     0.000126324           0.000982867           0.000968701           3.60726e-05           0.455928              
98     0.0458553       0.0958083             0.0667029             0.0203132             0.000596669           0.156371              
99     0.00030093      8.587e-05             0.000626578           0.000484933           6.34026e-06           0.389412              
100    0.0276194       0.061984              0.0395991             0.00881003            8.44871e-05           0.126337              
101    0.0458553       0.0958083             0.0667029             0.0203132             0.000596669           0.156371              
102    0.0458553       0.0958083             0.0667029             0.0203132             0.000596669           0.156371              
103    0.0208475       0.0505731             0.0286512             0.00415628            9.62448e-06           0.101292              
104    1.09043e-05     2.12251e-08           2.46462e-06           2.04904e-05           2.0641e-05            1.81453               
105    0.0227345       0.0576062             0.0299277             0.00339293            1.12475e-05           0.0904056             
106    0.0265973       0.0653499             0.0356954             0.00528838            5.53786e-05           0.101224              
107    0.0247563       0.0538875             0.0359152             0.00913023            9.2076e-05            0.136148              
108    3.35321e-05     6.04758e-06           5.17175e-05           7.01894e-05           6.174e-06             0.578724              
109    0.0458553       0.0958083             0.0667029             0.0203132             0.000596669           0.156371              
110    0.0324395       0.0755013             0.0457612             0.00844637            4.89741e-05           0.114082              
111    0.024489        0.0432694             0.0356618             0.0180389             0.000985935           0.228511              
112    0.0162153       0.0331373             0.0238487             0.00775291            0.000122458           0.158858              
113    0.0322399       0.0690776             0.0469248             0.0127758             0.0001814             0.142574              
114    0.000468589     0.000115156           0.000861513           0.000829768           6.79181e-05           0.503704              
115    0.0247563       0.0538875             0.0359152             0.00913023            9.2076e-05            0.136148              
116    0.0158405       0.0386655             0.0217116             0.00298002            4.87635e-06           0.0990808             
117    0.000703729     9.44368e-05           0.000883936           0.00160001            0.000236536           0.716826              
118    0.0158405       0.0386655             0.0217116             0.00298002            4.87635e-06           0.0990808             
119    0.0322399       0.0690776             0.0469248             0.0127758             0.0001814             0.142574              
120    0.000175707     4.54278e-05           0.000338737           0.00030158            1.70827e-05           0.460715              
121    0.0265973       0.0653499             0.0356954             0.00528838            5.53786e-05           0.101224              
122    0.00107693      0.000306484           0.00222295            0.00174328            3.50187e-05           0.398859              
123    0.0247563       0.0538875             0.0359152             0.00913023            9.2076e-05            0.136148              
124    0.0458553       0.0958083             0.0667029             0.0203132             0.000596669           0.156371              
125    0.0158405       0.0386655             0.0217116             0.00298002            4.87635e-06           0.0990808             
126    2.57613e-05     1.18718e-07           1.16947e-05           6.05054e-05           3.07265e-05           1.36258               
127    3.28267e-05     1.0635e-07            1.17334e-05           8.24566e-05           3.70103e-05           1.33667               
128    0.0458553       0.0958083             0.0667029             0.0203132             0.000596669           0.156371              
129    0.071586        0.071586              0.071586              0.071586              0.071586              1                     
130    0.099081        0.099081              0.099081              0.099081              0.099081              1                     
131    0.053052        0.053052              0.053052              0.053052              0.053052              1                     
132    0.000139497     3.43155e-05           0.00026482            0.000251448           7.40289e-06           0.44036               
133    0.000671313     0.000186694           0.00135988            0.00110738            3.12992e-05           0.413667              
134    0.0247563       0.0538875             0.0359152             0.00913023            9.2076e-05            0.136148              
135    0.000141819     2.28137e-05           0.000200254           0.000301905           4.23034e-05           0.668342              
136    5.04159e-07     6.99487e-10           8.65169e-08           8.53147e-07           1.07627e-06           1.9673                
137    0.0315588       0.0405744             0.0385249             0.0321118             0.015024              0.605758              
138    0.0625237       0.0977997             0.085016              0.0538151             0.0134639             0.381949              
139    1.92603e-06     1.2666e-10            1.47698e-07           3.15786e-06           4.39843e-06           2.06982               
140    1.1611e-06      4.12779e-10           6.54109e-08           1.08854e-06           3.49006e-06           2.50632               
141    1.07372e-06     6.37032e-12           1.09706e-08           5.69483e-07           3.71441e-06           2.78511               
142    0.000570527     0.000118744           0.000960439           0.00113127            7.16522e-05           0.519624              
143    9.28624e-06     2.77661e-08           2.87621e-06           1.81798e-05           1.60612e-05           1.70488               
144    1.74009e-05     7.75751e-09           1.02596e-06           1.35826e-05           5.49873e-05           2.59859               
145    7.03763e-07     1.19174e-11           1.47255e-08           4.00314e-07           2.4e-06               2.75413               
146    0.0254896       0.0585099             0.0360016             0.00729133            0.000155661           0.122166              
147    3.82748e-06     1.25294e-10           1.60172e-07           4.50349e-06           1.06461e-05           2.3736                
148    0.069147        0.069147              0.069147              0.069147              0.069147              1                     
149    0.057337        0.057337              0.057337              0.057337              0.057337              1                     
150    0.053287        0.053287              0.053287              0.053287              0.053287              1                     
151    0.00014327      3.39448e-06           3.95948e-05           0.000149022           0.000381069           2.26461               
152    1.50983e-05     4.45874e-09           5.80859e-07           7.64976e-06           5.21581e-05           2.77833               
153    0.0320645       0.0597796             0.0463965             0.0200794             0.00200251            0.226175              
154    5.70189e-05     1.023e-08             1.40984e-06           2.19479e-05           0.000204708           2.86167               
155    1.08194e-05     3.88229e-09           4.79703e-07           5.59439e-06           3.71996e-05           2.76771               
156    2.8427e-05      7.87248e-09           1.03113e-06           1.39128e-05           9.87564e-05           2.79032               
157    4.40381e-05     1.76887e-06           1.8802e-05            5.54042e-05           0.000100177           2.01007               
158    4.66101e-05     1.28495e-08           1.69665e-06           2.32007e-05           0.00016153            2.78522               
159    0.0320645       0.0597796             0.0463965             0.0200794             0.00200251            0.226175              
160    6.22523e-05     4.14572e-06           3.9676e-05            8.53263e-05           0.000119861           1.7671                
161    4.69349e-06     5.1665e-10            7.45786e-08           1.31882e-06           1.738e-05             2.93067               
162    0.000588789     2.01779e-05           0.000226593           0.000759268           0.00134912            2.02674               
163    0.00304235      0.000139005           0.00150093            0.00451027            0.00601919            1.82211               
164    0.000623049     3.6436e-05            0.000368053           0.000924325           0.00116338            1.73988               
165    0.00103264      1.72371e-05           0.000235778           0.00115033            0.00272722            2.26105               
166    0.000270016     4.73657e-06           6.07385e-05           0.000278565           0.000736024           2.31233               
167    1.6154e-07      9.31135e-12           1.39607e-09           2.82971e-08           6.16459e-07           2.99961               
168    3.42345e-05     5.23668e-09           7.77408e-07           1.38037e-05           0.000122352           2.85219               
169    0.000201739     2.36292e-05           0.000219427           0.000402473           0.000161426           1.02137               
170    8.07403e-05     6.33328e-06           6.34826e-05           0.00014887            0.000104275           1.36406               
171    6.48989e-05     2.61496e-06           2.90116e-05           9.44222e-05           0.000133547           1.87696               
172    1.13368e-05     8.7347e-09            1.07957e-06           1.17345e-05           3.25243e-05           2.41875               
173    2.19118e-06     2.6895e-12            4.36685e-09           2.726e-07             8.48775e-06           3.03504               
174    0.000153802     2.5937e-06            3.06671e-05           0.00012491            0.000457037           2.46352               
175    2.04965e-06     1.86048e-10           2.66054e-08           4.73656e-07           7.69815e-06           2.9628                
176    7.58097e-05     2.16093e-06           2.4651e-05            8.84575e-05           0.000187969           2.14885               
177    0.000306578     4.7408e-06            5.63616e-05           0.000234052           0.000931158           2.50532               
178    0.00145929      3.88677e-05           0.000444659           0.00161476            0.00373888            2.20158               
179    0.0003845       6.33438e-06           7.49101e-05           0.000305689           0.00115106            2.47747               
180    0.0328497       0.0417886             0.0397817             0.0334753             0.0163533             0.622501              
181    0.057337        0.057337              0.057337              0.057337              0.057337              1                     
182    0.000803285     1.29192e-05           0.000159668           0.000726163           0.00231439            2.40942               
183    1.10327e-05     5.27018e-07           5.27487e-06           1.31787e-05           2.51503e-05           2.00471               
184    0.000109176     7.65541e-08           9.21747e-06           9.55168e-05           0.000331894           2.52299               
185    0.000895271     3.87671e-05           0.000443722           0.00148299            0.00161561            1.71777               
186    9.4718e-05      1.31161e-05           0.00010946            0.000158183           9.81129e-05           1.15002               
187    0.0563967       0.0971534             0.0788523             0.0414267             0.00815434            0.306725              
188    0.00226582      0.000167028           0.00168154            0.00408616            0.00312855            1.42449               
189    0.00031959      5.12246e-06           6.07204e-05           0.000249684           0.000962834           2.48964               
190    0.000271184     3.38968e-06           4.09053e-05           0.00017883            0.00086161            2.59438               
191    0.04404         0.04404               0.04404               0.04404               0.04404               1                     
192    0.00783961      0.0119449             0.0106966             0.00725963            0.00145725            0.370655              
193    0.000452038     4.96902e-06           6.19424e-05           0.000297989           0.00144325            2.60586               
194    0.000363206     6.12176e-06           9.70388e-05           0.000477023           0.000872642           2.11254               
195    0.000373921     4.04297e-06           5.24108e-05           0.000263399           0.00117583            2.57653               
196    0.00204026      6.11068e-05           0.000725241           0.00266775            0.00470693            2.04089               
197    0.00117998      2.64232e-05           0.000376449           0.00168879            0.00262827            1.9993                
198    0.053287        0.053287              0.053287              0.053287              0.053287              1                     
199    0.061197        0.061197              0.061197              0.061197              0.061197              1                     
200    0.034155        0.034155              0.034155              0.034155              0.034155              1                     
Note : P(D|M) is the probability of site D given the model M (i.e., the site likelihood)
P(D|M,rr[x]) is the probability of site D given the model M and the relative rate
of evolution rr[x], where x is the class of rate to be considered.
We have P(D|M) = \sum_x P(x) x P(D|M,rr[x]).


Site   P(D|M)          P(D|M,rr[1]=0.0139)   P(D|M,rr[2]=0.1664)   P(D|M,rr[3]=0.7083)   P(D|M,rr[4]=3.1115)   Posterior mean        
1      0.00823551      0.0215011             0.0105418             0.000898656           4.90229e-07           0.0816795             
2      0.000338994     7.92989e-05           0.000619262           0.000626697           3.0717e-05            0.474628              
3      0.0324433       0.0755044             0.0457709             0.00844883            4.90495e-05           0.114054              
4      9.23737e-05     2.07097e-05           0.000161277           0.000164642           2.28662e-05           0.581551              
5      8.79608e-06     1.49567e-08           1.7417e-06            1.52793e-05           1.81484e-05           1.92074               
6      0.000101902     1.44007e-05           0.000131363           0.000219901           4.19452e-05           0.756403              
7      0.00264222      0.00012116            0.00126602            0.00356919            0.00561253            1.91159               
8      0.055941        0.055941              0.055941              0.055941              0.055941              1                     
9      0.055941        0.055941              0.055941              0.055941              0.055941              1                     
10     0.0433705       0.077291              0.0606117             0.0283223             0.00725716            0.310111              
11     4.32616e-05     7.87552e-08           8.98457e-06           7.46781e-05           8.9305e-05            1.92004               
12     0.0348036       0.0761014             0.0502736             0.012548              0.000291334           0.13803               
13     0.0324433       0.0755044             0.0457709             0.00844883            4.90495e-05           0.114054              
14     1.14942e-05     5.63806e-08           5.56475e-06           2.86876e-05           1.16681e-05           1.25172               
15     4.40422e-05     3.90699e-07           3.42712e-05           0.000123712           1.77943e-05           0.844053              
16     0.0324433       0.0755044             0.0457709             0.00844883            4.90495e-05           0.114054              
17     2.90838e-06     4.28521e-09           4.5208e-07            3.26415e-06           7.91299e-06           2.32158               
18     2.18987e-06     3.2677e-09            3.626e-07             3.10685e-06           5.28675e-06           2.13601               
19     7.11636e-06     1.74235e-08           2.00532e-06           1.61268e-05           1.03159e-05           1.54059               
20     0.0244902       0.04327               0.0356647             0.0180404             0.000985566           0.22845               
21     0.000756428     0.000120802           0.0010658             0.00159927            0.000239835           0.680159              
22     0.000165743     4.3162e-06            4.93415e-05           0.000179002           0.000430311           2.22324               
23     0.0606589       0.0786798             0.0745703             0.061733              0.0276527             0.590449              
24     0.0606589       0.0786798             0.0745703             0.061733              0.0276527             0.590449              
25     0.0497256       0.0572072             0.0558029             0.0511017             0.0347907             0.776877              
26     0.0443569       0.0608055             0.0566778             0.0442681             0.0156761             0.509527              
27     0.0399422       0.0769618             0.0575767             0.0226602             0.00257               0.217158              
28     4.06101e-05     1.89374e-07           1.9239e-05            0.000109284           3.37282e-05           1.14226               
29     3.00316e-06     2.49285e-10           2.90785e-07           6.07292e-06           5.6487e-06            1.82519               
30     2.81082e-05     1.51141e-07           1.51776e-05           7.90542e-05           1.80498e-05           1.01999               
31     5.96479e-06     3.3711e-08            3.16518e-06           1.45245e-05           6.13573e-06           1.25342               
32     0.026601        0.0653532             0.0357047             0.00529078            5.54695e-05           0.101203              
33     0.0458599       0.0958112             0.0667132             0.0203179             0.000597168           0.156344              
34     0.0244902       0.04327               0.0356647             0.0180404             0.000985566           0.22845               
35     0.0322431       0.0690798             0.0469324             0.0127787             0.000181538           0.142543              
36     0.0247588       0.0538893             0.0359214             0.00913235            9.21377e-05           0.136116              
37     0.0458599       0.0958112             0.0667132             0.0203179             0.000597168           0.156344              
38     0.0158425       0.0386673             0.0217168             0.00298092            4.88501e-06           0.099053              
39     0.0247588       0.0538893             0.0359214             0.00913235            9.21377e-05           0.136116              
40     0.0247588       0.0538893             0.0359214             0.00913235            9.21377e-05           0.136116              
41     0.0322431       0.0690798             0.0469324             0.0127787             0.000181538           0.142543              
42     0.0324433       0.0755044             0.0457709             0.00844883            4.90495e-05           0.114054              
43     0.0322431       0.0690798             0.0469324             0.0127787             0.000181538           0.142543              
44     0.0247588       0.0538893             0.0359214             0.00913235            9.21377e-05           0.136116              
45     0.0158425       0.0386673             0.0217168             0.00298092            4.88501e-06           0.099053              
46     0.000301234     8.58765e-05           0.000627091           0.000485614           6.35413e-06           0.389439              
47     0.0302468       0.0561265             0.044449              0.0196943             0.000717308           0.201311              
48     0.000309461     8.04488e-05           0.000579454           0.00052042            5.75226e-05           0.521154              
49     0.00043058      7.98547e-05           0.000672998           0.000884873           8.45959e-05           0.582373              
50     0.0247588       0.0538893             0.0359214             0.00913235            9.21377e-05           0.136116              
51     0.0158425       0.0386673             0.0217168             0.00298092            4.88501e-06           0.099053              
52     0.0247588       0.0538893             0.0359214             0.00913235            9.21377e-05           0.136116              
53     0.00052525      0.000161089           0.00113835            0.000793412           8.14708e-06           0.370749              
54     4.35737e-06     1.69613e-10           2.14947e-07           5.88177e-06           1.13326e-05           2.26412               
55     0.000962507     0.000226553           0.00176505            0.00178705            7.13782e-05           0.463537              
56     0.0322431       0.0690798             0.0469324             0.0127787             0.000181538           0.142543              
57     0.0324433       0.0755044             0.0457709             0.00844883            4.90495e-05           0.114054              
58     0.000211987     6.29822e-05           0.000450687           0.000328759           5.52234e-06           0.384334              
59     8.94181e-05     1.39011e-05           0.000133268           0.000190893           1.96107e-05           0.611142              
60     0.026601        0.0653532             0.0357047             0.00529078            5.54695e-05           0.101203              
61     7.84122e-06     7.02971e-10           8.20611e-07           1.69531e-05           1.35904e-05           1.73538               
62     0.0322431       0.0690798             0.0469324             0.0127787             0.000181538           0.142543              
63     0.0322431       0.0690798             0.0469324             0.0127787             0.000181538           0.142543              
64     3.71909e-06     1.02903e-08           1.1123e-06            7.97481e-06           5.77895e-06           1.60083               
65     0.0227377       0.0576092             0.029936              0.00339435            1.12718e-05           0.0903822             
66     0.0322431       0.0690798             0.0469324             0.0127787             0.000181538           0.142543              
67     0.0192493       0.0408758             0.0281447             0.00788152            9.52136e-05           0.14454               
68     0.000125751     1.92451e-05           0.000173897           0.000276434           3.34277e-05           0.654071              
69     0.000335595     4.24664e-05           0.000395692           0.000722964           0.000181255           0.851063              
70     0.0324433       0.0755044             0.0457709             0.00844883            4.90495e-05           0.114054              
71     0.0324433       0.0755044             0.0457709             0.00844883            4.90495e-05           0.114054              
72     0.000564813     0.000108465           0.000911869           0.00116217            7.67489e-05           0.537859              
73     0.000326385     4.80294e-05           0.000440331           0.000739725           7.74532e-05           0.642531              
74     0.0247588       0.0538893             0.0359214             0.00913235            9.21377e-05           0.136116              
75     0.0322431       0.0690798             0.0469324             0.0127787             0.000181538           0.142543              
76     0.000734557     0.000159311           0.00127815            0.00143144            6.93288e-05           0.491601              
77     0.000560847     0.000119817           0.000968679           0.00109647            5.84243e-05           0.499789              
78     0.0324433       0.0755044             0.0457709             0.00844883            4.90495e-05           0.114054              
79     0.000309461     8.04488e-05           0.000579454           0.00052042            5.75226e-05           0.521154              
80     0.0322431       0.0690798             0.0469324             0.0127787             0.000181538           0.142543              
81     3.78426e-06     1.00902e-08           1.02195e-06           6.21149e-06           7.8935e-06            1.92441               
82     0.0458599       0.0958112             0.0667132             0.0203179             0.000597168           0.156344              
83     0.0458599       0.0958112             0.0667132             0.0203179             0.000597168           0.156344              
84     0.0324433       0.0755044             0.0457709             0.00844883            4.90495e-05           0.114054              
85     0.0324433       0.0755044             0.0457709             0.00844883            4.90495e-05           0.114054              
86     0.0302468       0.0561265             0.044449              0.0196943             0.000717308           0.201311              
87     5.15843e-07     2.3875e-12            3.8968e-09            2.10442e-07           1.84903e-06           2.86079               
88     1.05433e-05     1.07818e-06           1.0255e-05            2.04517e-05           1.03884e-05           1.15072               
89     0.000974416     0.00019832            0.00162842            0.00195381            0.000117117           0.518754              
90     0.000691077     0.000139044           0.00113934            0.00138331            0.000102611           0.539206              
91     0.0324433       0.0755044             0.0457709             0.00844883            4.90495e-05           0.114054              
92     0.0324433       0.0755044             0.0457709             0.00844883            4.90495e-05           0.114054              
93     1.61495e-05     1.01089e-07           9.52181e-06           4.25629e-05           1.24124e-05           1.08908               
94     0.0247588       0.0538893             0.0359214             0.00913235            9.21377e-05           0.136116              
95     0.0458599       0.0958112             0.0667132             0.0203179             0.000597168           0.156344              
96     0.0158425       0.0386673             0.0217168             0.00298092            4.88501e-06           0.099053              
97     0.000529021     0.000126333           0.000983635           0.000969977           3.61402e-05           0.455971              
98     0.0458599       0.0958112             0.0667132             0.0203179             0.000597168           0.156344              
99     0.000301234     8.58765e-05           0.000627091           0.000485614           6.35413e-06           0.389439              
100    0.0276224       0.0619863             0.0396065             0.00881239            8.45724e-05           0.126308              
101    0.0458599       0.0958112             0.0667132             0.0203179             0.000597168           0.156344              
102    0.0458599       0.0958112             0.0667132             0.0203179             0.000597168           0.156344              
103    0.0208502       0.0505754             0.028658              0.00415761            9.6413e-06            0.101264              
104    1.08968e-05     2.11833e-08           2.46202e-06           2.04734e-05           2.06305e-05           1.81479               
105    0.0227377       0.0576092             0.029936              0.00339435            1.12718e-05           0.0903822             
106    0.026601        0.0653532             0.0357047             0.00529078            5.54695e-05           0.101203              
107    0.0247588       0.0538893             0.0359214             0.00913235            9.21377e-05           0.136116              
108    3.35592e-05     6.04708e-06           5.17467e-05           7.02592e-05           6.18393e-06           0.578809              
109    0.0458599       0.0958112             0.0667132             0.0203179             0.000597168           0.156344              
110    0.0324433       0.0755044             0.0457709             0.00844883            4.90495e-05           0.114054              
111    0.0244902       0.04327               0.0356647             0.0180404             0.000985566           0.22845               
112    0.0162167       0.0331382             0.023852              0.00775426            0.000122474           0.15882               
113    0.0322431       0.0690798             0.0469324             0.0127787             0.000181538           0.142543              
114    0.000469051     0.000115149           0.000862119           0.000830887           6.80505e-05           0.503822              
115    0.0247588       0.0538893             0.0359214             0.00913235            9.21377e-05           0.136116              
116    0.0158425       0.0386673             0.0217168             0.00298092            4.88501e-06           0.099053              
117    0.000704174     9.4428e-05            0.000884362           0.00160121            0.000236692           0.716799              
118    0.0158425       0.0386673             0.0217168             0.00298092            4.88501e-06           0.099053              
119    0.0322431       0.0690798             0.0469324             0.0127787             0.000181538           0.142543              
120    0.000175532     4.5345e-05            0.000338338           0.000301339           1.71061e-05           0.460855              
121    0.026601        0.0653532             0.0357047             0.00529078            5.54695e-05           0.101203              
122    0.00107783      0.000306505           0.00222459            0.00174516            3.50813e-05           0.398855              
123    0.0247588       0.0538893             0.0359214             0.00913235            9.21377e-05           0.136116              
124    0.0458599       0.0958112             0.0667132             0.0203179             0.000597168           0.156344              
125    0.0158425       0.0386673             0.0217168             0.00298092            4.88501e-06           0.099053              
126    2.57343e-05     1.18286e-07           1.16666e-05           6.04184e-05           3.07341e-05           1.36358               
127    3.28868e-05     1.06339e-07           1.17456e-05           8.26024e-05           3.70929e-05           1.33696               
128    0.0458599       0.0958112             0.0667132             0.0203179             0.000597168           0.156344              
129    0.071586        0.071586              0.071586              0.071586              0.071586              1                     
130    0.099081        0.099081              0.099081              0.099081              0.099081              1                     
131    0.053052        0.053052              0.053052              0.053052              0.053052              1                     
132    0.000139631     3.43179e-05           0.000265026           0.000251766           7.41628e-06           0.440387              
133    0.000671906     0.000186707           0.00136089            0.00110866            3.13663e-05           0.413693              
134    0.0247588       0.0538893             0.0359214             0.00913235            9.21377e-05           0.136116              
135    0.000141906     2.28148e-05           0.000200374           0.000302128           4.23063e-05           0.668188              
136    5.03867e-07     6.98666e-10           8.64973e-08           8.53156e-07           1.07512e-06           1.96671               
137    0.0315541       0.0405744             0.0385241             0.0321067             0.0150112             0.605471              
138    0.06253         0.0978014             0.0850261             0.0538288             0.0134639             0.38191               
139    1.92459e-06     1.26407e-10           1.47621e-07           3.15738e-06           4.39321e-06           2.06929               
140    1.15898e-06     4.119e-10             6.53151e-08           1.08703e-06           3.48317e-06           2.50619               
141    1.07346e-06     6.35539e-12           1.09622e-08           5.69513e-07           3.71337e-06           2.78518               
142    0.000570147     0.00011862            0.000959913           0.00113053            7.15267e-05           0.519443              
143    9.27415e-06     2.77048e-08           2.87251e-06           1.81582e-05           1.60382e-05           1.70478               
144    1.73828e-05     7.74113e-09           1.02483e-06           1.35734e-05           5.49251e-05           2.59857               
145    7.04553e-07     1.19044e-11           1.4732e-08            4.00735e-07           2.40273e-06           2.75432               
146    0.0254906       0.0585116             0.036005              0.00729017            0.000155546           0.122112              
147    3.82743e-06     1.24971e-10           1.6002e-07            4.50336e-06           1.06462e-05           2.37375               
148    0.069147        0.069147              0.069147              0.069147              0.069147              1                     
149    0.057337        0.057337              0.057337              0.057337              0.057337              1                     
150    0.053287        0.053287              0.053287              0.053287              0.053287              1                     
151    0.000143238     3.39022e-06           3.95658e-05           0.000148965           0.000381032           2.26493               
152    1.51107e-05     4.45134e-09           5.8053e-07            7.65128e-06           5.22067e-05           2.77873               
153    0.0320697       0.0597814             0.0464066             0.0200889             0.00200182            0.226138              
154    5.70229e-05     1.02114e-08           1.40869e-06           2.19422e-05           0.00020473            2.86194               
155    1.08179e-05     3.87045e-09           4.788e-07             5.58907e-06           3.71998e-05           2.76819               
156    2.84207e-05     7.8493e-09            1.02923e-06           1.38985e-05           9.87472e-05           2.79077               
157    4.41121e-05     1.77049e-06           1.88306e-05           5.55106e-05           0.000100337           2.01003               
158    4.66505e-05     1.28335e-08           1.69634e-06           2.32123e-05           0.00016168            2.78552               
159    0.0320697       0.0597814             0.0464066             0.0200889             0.00200182            0.226138              
160    6.22433e-05     4.13853e-06           3.96346e-05           8.52921e-05           0.000119908           1.76786               
161    4.69166e-06     5.15052e-10           7.44249e-08           1.31706e-06           1.73747e-05           2.93103               
162    0.000588676     2.01526e-05           0.000226434           0.000759027           0.00134909            2.02708               
163    0.00304183      0.000138832           0.00149993            0.00450909            0.00601946            1.82246               
164    0.000622935     3.63909e-05           0.000367825           0.000924159           0.00116337            1.74016               
165    0.00103245      1.7215e-05            0.000235581           0.0011498             0.00272719            2.26146               
166    0.00026974      4.72862e-06           6.06607e-05           0.000278261           0.000735309           2.31253               
167    1.61563e-07     9.28724e-12           1.39392e-09           2.82755e-08           6.16575e-07           2.99991               
168    3.39982e-05     5.21978e-09           7.74433e-07           1.3719e-05            0.000121494           2.85213               
169    0.000202366     2.36517e-05           0.000219841           0.000403777           0.000162194           1.02234               
170    8.1017e-05      6.33924e-06           6.35967e-05           0.000149322           0.00010481            1.36558               
171    6.50848e-05     2.61735e-06           2.90565e-05           9.46291e-05           0.000134036           1.87809               
172    1.1341e-05      8.7021e-09            1.07689e-06           1.17201e-05           3.25584e-05           2.42007               
173    2.18569e-06     2.66431e-12           4.33413e-09           2.71072e-07           8.46734e-06           3.03548               
174    0.0001543       2.59606e-06           3.07139e-05           0.000125183           0.000458707           2.46444               
175    2.0354e-06      1.83467e-10           2.62729e-08           4.68578e-07           7.64656e-06           2.96357               
176    7.48248e-05     2.12801e-06           2.42903e-05           8.72183e-05           0.000185663           2.15011               
177    0.00030681      4.74027e-06           5.63834e-05           0.000234207           0.000931909           2.50556               
178    0.00145976      3.88633e-05           0.000444824           0.00161564            0.0037397             2.20152               
179    0.000384775     6.33367e-06           7.4939e-05            0.000305887           0.00115194            2.47769               
180    0.032845        0.0417886             0.0397808             0.0334702             0.0163403             0.622222              
181    0.057337        0.057337              0.057337              0.057337              0.057337              1                     
182    0.000803497     1.29144e-05           0.00015969            0.000726482           0.0023149             2.40947               
183    1.10262e-05     5.26089e-07           5.26781e-06           1.31615e-05           2.51495e-05           2.00561               
184    0.000109211     7.65133e-08           9.22143e-06           9.55848e-05           0.000331962           2.52291               
185    0.000895992     3.87491e-05           0.000443773           0.00148385            0.0016176             1.71833               
186    9.29935e-05     1.2786e-05            0.000106862           0.000155089           9.72372e-05           1.15694               
187    0.0564017       0.097155              0.0788587             0.0414321             0.00816087            0.306763              
188    0.00226706      0.000166951           0.00168172            0.00408802            0.00313153            1.42488               
189    0.00031905      5.10778e-06           6.05782e-05           0.000249189           0.000961325           2.49002               
190    0.00027063      3.37995e-06           4.08077e-05           0.000178446           0.000859886           2.59461               
191    0.04404         0.04404               0.04404               0.04404               0.04404               1                     
192    0.0078383       0.0119449             0.0106962             0.00725728            0.00145479            0.370369              
193    0.000452359     4.96826e-06           6.19651e-05           0.000298206           0.00144429            2.60603               
194    0.000363278     6.12079e-06           9.70794e-05           0.000477293           0.00087262            2.1123                
195    0.000374165     4.04235e-06           5.24306e-05           0.000263592           0.0011766             2.57667               
196    0.00204064      6.10975e-05           0.00072549            0.00266904            0.00470696            2.04071               
197    0.00118014      2.64191e-05           0.000376597           0.00168969            0.00262784            1.99896               
198    0.053287        0.053287              0.053287              0.053287              0.053287              1                     
199    0.061197        0.061197              0.061197              0.061197              0.061197              1                     
200    0.034155        0.034155              0.034155              0.034155              0.034155              1                     
Note : P(D|M) is the probability of site D given the model M (i.e., the site likelihood)
P(D|M,rr[x]) is the probability of site D given the model M and the relative rate
of evolution rr[x], where x is the class of rate to be considered.
We have P(D|M) = \sum_x P(x) x P(D|M,rr[x]).


Site   P(D|M)          P(D|M,rr[1]=0.0138)   P(D|M,rr[2]=0.1659)   P(D|M,rr[3]=0.7075)   P(D|M,rr[4]=3.1129)   Posterior mean        
1      0.00822983      0.0215034             0.0105273             0.000888142           4.77895e-07           0.0811884             
2      0.000339005     7.92685e-05           0.000620649           0.000625813           3.0289e-05            0.472754              
3      0.0324168       0.0755101             0.045727              0.00838215            4.80517e-05           0.113415              
4      9.20165e-05     2.06227e-05           0.000160999           0.000163733           2.27113e-05           0.580117              
5      8.77798e-06     1.48963e-08           1.74578e-06           1.53272e-05           1.8024e-05            1.91501               
6      0.000101754     1.43743e-05           0.000131493           0.000219687           4.14617e-05           0.753026              
7      0.00264426      0.000120841           0.00126683            0.00357437            0.005615              1.91162               
8      0.055941        0.055941              0.055941              0.055941              0.055941              1                     
9      0.055941        0.055941              0.055941              0.055941              0.055941              1                     
10     0.0433483       0.0772957             0.0606                0.0282541             0.00724356            0.309441              
11     4.32089e-05     7.85474e-08           9.01773e-06           7.49939e-05           8.87455e-05           1.91399               
12     0.0347722       0.0761058             0.0502311             0.0124647             0.00028734            0.137283              
13     0.0324168       0.0755101             0.045727              0.00838215            4.80517e-05           0.113415              
14     1.1495e-05      5.62487e-08           5.58664e-06           2.87777e-05           1.15593e-05           1.24553               
15     4.4036e-05      3.89692e-07           3.43822e-05           0.000123798           1.75742e-05           0.840203              
16     0.0324168       0.0755101             0.045727              0.00838215            4.80517e-05           0.113415              
17     2.90793e-06     4.25788e-09           4.51989e-07           3.26648e-06           7.90898e-06           2.32172               
18     2.18437e-06     3.25241e-09           3.63182e-07           3.11555e-06           5.2555e-06            2.13152               
19     7.10229e-06     1.73423e-08           2.00922e-06           1.61736e-05           1.0209e-05            1.53313               
20     0.0244673       0.0432713             0.0356513             0.0179801             0.000966652           0.227239              
21     0.000755249     0.000120581           0.00106676            0.00159667            0.000236991           0.677229              
22     0.000165263     4.28897e-06           4.91882e-05           0.000178632           0.000428942           2.22348               
23     0.0605897       0.07868               0.0745571             0.0616566             0.0274652             0.58825               
24     0.0605897       0.07868               0.0745571             0.0616566             0.0274652             0.58825               
25     0.0496886       0.0572073             0.0557983             0.0510723             0.0346765             0.775428              
26     0.0443016       0.0608056             0.0566647             0.0441965             0.0155397             0.507194              
27     0.0399021       0.0769647             0.0575401             0.0225574             0.00254621            0.216095              
28     4.05152e-05     1.88601e-07           1.9277e-05            0.000109379           3.32165e-05           1.13525               
29     2.99636e-06     2.47926e-10           2.91964e-07           6.10151e-06           5.59173e-06           1.81648               
30     2.8116e-05      1.50795e-07           1.52361e-05           7.92537e-05           1.78235e-05           1.01437               
31     5.95957e-06     3.36095e-08           3.17446e-06           1.45442e-05           6.086e-06             1.24847               
32     0.0265811       0.0653593             0.035664              0.00524669            5.44189e-05           0.100622              
33     0.0458196       0.0958165             0.0666672             0.0202075             0.000587379           0.155525              
34     0.0244673       0.0432713             0.0356513             0.0179801             0.000966652           0.227239              
35     0.0322151       0.0690838             0.0468977             0.0127009             0.000177764           0.141788              
36     0.0247374       0.0538926             0.0358934             0.00907369            8.99818e-05           0.135388              
37     0.0458196       0.0958165             0.0666672             0.0202075             0.000587379           0.155525              
38     0.0158302       0.0386707             0.0216927             0.00295281            4.7635e-06            0.098475              
39     0.0247374       0.0538926             0.0358934             0.00907369            8.99818e-05           0.135388              
40     0.0247374       0.0538926             0.0358934             0.00907369            8.99818e-05           0.135388              
41     0.0322151       0.0690838             0.0468977             0.0127009             0.000177764           0.141788              
42     0.0324168       0.0755101             0.045727              0.00838215            4.80517e-05           0.113415              
43     0.0322151       0.0690838             0.0468977             0.0127009             0.000177764           0.141788              
44     0.0247374       0.0538926             0.0358934             0.00907369            8.99818e-05           0.135388              
45     0.0158302       0.0386707             0.0216927             0.00295281            4.7635e-06            0.098475              
46     0.000301183     8.58445e-05           0.000628418           0.000484251           6.22001e-06           0.387944              
47     0.0302191       0.0561285             0.044429              0.0196165             0.000702409           0.200273              
48     0.000308771     8.0278e-05            0.000579572           0.00051853            5.67045e-05           0.518664              
49     0.000430614     7.98228e-05           0.000674572           0.000884562           8.34971e-05           0.579812              
50     0.0247374       0.0538926             0.0358934             0.00907369            8.99818e-05           0.135388              
51     0.0158302       0.0386707             0.0216927             0.00295281            4.7635e-06            0.098475              
52     0.0247374       0.0538926             0.0358934             0.00907369            8.99818e-05           0.135388              
53     0.000525081     0.000161029           0.00114064            0.000790684           7.97191e-06           0.369281              
54     4.35038e-06     1.68563e-10           2.15728e-07           5.91638e-06           1.12692e-05           2.25849               
55     0.000960948     0.000226143           0.00176631            0.00178135            6.99861e-05           0.461572              
56     0.0322151       0.0690838             0.0468977             0.0127009             0.000177764           0.141788              
57     0.0324168       0.0755101             0.045727              0.00838215            4.80517e-05           0.113415              
58     0.000211592     6.2869e-05            0.00045093            0.000327154           5.4165e-06            0.382778              
59     8.92296e-05     1.38518e-05           0.000133261           0.000190433           1.93725e-05           0.608887              
60     0.0265811       0.0653593             0.035664              0.00524669            5.44189e-05           0.100622              
61     7.8235e-06      6.99034e-10           8.2378e-07            1.70261e-05           1.34434e-05           1.72651               
62     0.0322151       0.0690838             0.0468977             0.0127009             0.000177764           0.141788              
63     0.0322151       0.0690838             0.0468977             0.0127009             0.000177764           0.141788              
64     3.71034e-06     1.02423e-08           1.11421e-06           7.99346e-06           5.72346e-06           1.59395               
65     0.0227213       0.0576149             0.0298986             0.00336056            1.10474e-05           0.0898502             
66     0.0322151       0.0690838             0.0468977             0.0127009             0.000177764           0.141788              
67     0.0192324       0.0408781             0.0281245             0.00783404            9.3031e-05            0.143779              
68     0.000125574     1.92098e-05           0.000174067           0.000276082           3.29389e-05           0.650986              
69     0.000335687     4.24492e-05           0.000396731           0.000723972           0.000179596           0.847242              
70     0.0324168       0.0755101             0.045727              0.00838215            4.80517e-05           0.113415              
71     0.0324168       0.0755101             0.045727              0.00838215            4.80517e-05           0.113415              
72     0.000563993     0.000108268           0.000912655           0.00115962            7.54298e-05           0.535495              
73     0.000325156     4.78266e-05           0.000439726           0.000737213           7.58572e-05           0.63914               
74     0.0247374       0.0538926             0.0358934             0.00907369            8.99818e-05           0.135388              
75     0.0322151       0.0690838             0.0468977             0.0127009             0.000177764           0.141788              
76     0.000733173     0.000158971           0.00127872            0.00142704            6.79648e-05           0.489458              
77     0.00056         0.0001196             0.000969449           0.00109352            5.74278e-05           0.497697              
78     0.0324168       0.0755101             0.045727              0.00838215            4.80517e-05           0.113415              
79     0.000308771     8.0278e-05            0.000579572           0.00051853            5.67045e-05           0.518664              
80     0.0322151       0.0690838             0.0468977             0.0127009             0.000177764           0.141788              
81     3.77766e-06     1.00496e-08           1.02403e-06           6.22131e-06           7.85527e-06           1.92075               
82     0.0458196       0.0958165             0.0666672             0.0202075             0.000587379           0.155525              
83     0.0458196       0.0958165             0.0666672             0.0202075             0.000587379           0.155525              
84     0.0324168       0.0755101             0.045727              0.00838215            4.80517e-05           0.113415              
85     0.0324168       0.0755101             0.045727              0.00838215            4.80517e-05           0.113415              
86     0.0302191       0.0561285             0.044429              0.0196165             0.000702409           0.200273              
87     5.15649e-07     2.37382e-12           3.9137e-09            2.1216e-07            1.84652e-06           2.85986               
88     1.05183e-05     1.07429e-06           1.0249e-05            2.04225e-05           1.03274e-05           1.14826               
89     0.000972951     0.00019796            0.00162976            0.00194907            0.00011502            0.516466              
90     0.000689783     0.000138747           0.00113989            0.00137962            0.000100871           0.536768              
91     0.0324168       0.0755101             0.045727              0.00838215            4.80517e-05           0.113415              
92     0.0324168       0.0755101             0.045727              0.00838215            4.80517e-05           0.113415              
93     1.61524e-05     1.00828e-07           9.55479e-06           4.26456e-05           1.23085e-05           1.08453               
94     0.0247374       0.0538926             0.0358934             0.00907369            8.99818e-05           0.135388              
95     0.0458196       0.0958165             0.0666672             0.0202075             0.000587379           0.155525              
96     0.0158302       0.0386707             0.0216927             0.00295281            4.7635e-06            0.098475              
97     0.000528995     0.000126284           0.000985821           0.000968343           3.55316e-05           0.454129              
98     0.0458196       0.0958165             0.0666672             0.0202075             0.000587379           0.155525              
99     0.000301183     8.58445e-05           0.000628418           0.000484251           6.22001e-06           0.387944              
100    0.0275992       0.0619905             0.0395726             0.00875084            8.27693e-05           0.125617              
101    0.0458196       0.0958165             0.0666672             0.0202075             0.000587379           0.155525              
102    0.0458196       0.0958165             0.0666672             0.0202075             0.000587379           0.155525              
103    0.020834        0.0505798             0.0286267             0.0041199             9.40812e-06           0.100678              
104    1.08607e-05     2.1054e-08            2.46259e-06           2.04873e-05           2.04721e-05           1.80995               
105    0.0227213       0.0576149             0.0298986             0.00336056            1.10474e-05           0.0898502             
106    0.0265811       0.0653593             0.035664              0.00524669            5.44189e-05           0.100622              
107    0.0247374       0.0538926             0.0358934             0.00907369            8.99818e-05           0.135388              
108    3.35105e-05     6.03605e-06           5.17929e-05           7.01259e-05           6.08701e-06           0.576189              
109    0.0458196       0.0958165             0.0666672             0.0202075             0.000587379           0.155525              
110    0.0324168       0.0755101             0.045727              0.00838215            4.80517e-05           0.113415              
111    0.0244673       0.0432713             0.0356513             0.0179801             0.000966652           0.227239              
112    0.0162023       0.0331398             0.0238369             0.00771283            0.000119547           0.157998              
113    0.0322151       0.0690838             0.0468977             0.0127009             0.000177764           0.141788              
114    0.000468227     0.000114941           0.000862659           0.000828309           6.69981e-05           0.50148               
115    0.0247374       0.0538926             0.0358934             0.00907369            8.99818e-05           0.135388              
116    0.0158302       0.0386707             0.0216927             0.00295281            4.7635e-06            0.098475              
117    0.000703204     9.42546e-05           0.000885314           0.00160027            0.000232979           0.712989              
118    0.0158302       0.0386707             0.0216927             0.00295281            4.7635e-06            0.098475              
119    0.0322151       0.0690838             0.0468977             0.0127009             0.000177764           0.141788              
120    0.000174797     4.51546e-05           0.000337717           0.000299469           1.68465e-05           0.459023              
121    0.0265811       0.0653593             0.035664              0.00524669            5.44189e-05           0.100622              
122    0.0010774       0.000306388           0.00222902            0.00173976            3.44398e-05           0.397245              
123    0.0247374       0.0538926             0.0358934             0.00907369            8.99818e-05           0.135388              
124    0.0458196       0.0958165             0.0666672             0.0202075             0.000587379           0.155525              
125    0.0158302       0.0386707             0.0216927             0.00295281            4.7635e-06            0.098475              
126    2.56634e-05     1.17518e-07           1.1663e-05            6.03637e-05           3.05095e-05           1.36004               
127    3.28552e-05     1.06039e-07           1.17859e-05           8.28628e-05           3.6666e-05            1.32943               
128    0.0458196       0.0958165             0.0666672             0.0202075             0.000587379           0.155525              
129    0.071586        0.071586              0.071586              0.071586              0.071586              1                     
130    0.099081        0.099081              0.099081              0.099081              0.099081              1                     
131    0.053052        0.053052              0.053052              0.053052              0.053052              1                     
132    0.000139616     3.43047e-05           0.000265607           0.00025127            7.28256e-06           0.438635              
133    0.000671704     0.000186636           0.00136364            0.00110568            3.08627e-05           0.412032              
134    0.0247374       0.0538926             0.0358934             0.00907369            8.99818e-05           0.135388              
135    0.000141864     2.28053e-05           0.000200827           0.000302028           4.17961e-05           0.665081              
136    5.05141e-07     6.99428e-10           8.71421e-08           8.60155e-07           1.07257e-06           1.96072               
137    0.0315444       0.0405753             0.0385264             0.0320996             0.0149762             0.604532              
138    0.0624689       0.0978027             0.0849959             0.0537017             0.0133752             0.380489              
139    1.92787e-06     1.26233e-10           1.48789e-07           3.18279e-06           4.37979e-06           2.06317               
140    1.15805e-06     4.10797e-10           6.55917e-08           1.09411e-06           3.4721e-06            2.50272               
141    1.07792e-06     6.33699e-12           1.10487e-08           5.76221e-07           3.7244e-06            2.78385               
142    0.000571499     0.000118976           0.000965045           0.00113172            7.02572e-05           0.51665               
143    9.26508e-06     2.75929e-08           2.87808e-06           1.81855e-05           1.59692e-05           1.70137               
144    1.74481e-05     7.72238e-09           1.02944e-06           1.36757e-05           5.50795e-05           2.59773               
145    7.05824e-07     1.18261e-11           1.47735e-08           4.02441e-07           2.40607e-06           2.75456               
146    0.0254628       0.0585139             0.0359568             0.0072267             0.00015371            0.121379              
147    3.82195e-06     1.24249e-10           1.60629e-07           4.52712e-06           1.05999e-05           2.36958               
148    0.069147        0.069147              0.069147              0.069147              0.069147              1                     
149    0.057337        0.057337              0.057337              0.057337              0.057337              1                     
150    0.053287        0.053287              0.053287              0.053287              0.053287              1                     
151    0.000143676     3.38846e-06           3.96771e-05           0.000149567           0.000382073           2.26513               
152    1.51377e-05     4.42192e-09           5.80512e-07           7.67065e-06           5.22953e-05           2.77967               
153    0.0320367       0.0597829             0.0463766             0.0200016             0.00198573            0.225124              
154    5.73082e-05     1.01645e-08           1.41178e-06           2.2065e-05            0.000205746           2.86305               
155    1.08606e-05     3.84729e-09           4.79063e-07           5.60677e-06           3.73528e-05           2.76965               
156    2.8517e-05      7.80294e-09           1.03004e-06           1.39514e-05           9.90789e-05           2.79185               
157    4.40863e-05     1.76456e-06           1.88252e-05           5.55109e-05           0.000100245           2.01008               
158    4.67811e-05     1.27756e-08           1.69979e-06           2.33171e-05           0.000162095           2.78616               
159    0.0320367       0.0597829             0.0463766             0.0200016             0.00198573            0.225124              
160    6.21184e-05     4.11252e-06           3.94966e-05           8.49446e-05           0.00011992            1.77081               
161    4.71849e-06     5.1196e-10            7.44932e-08           1.32345e-06           1.74755e-05           2.93249               
162    0.000589657     2.01422e-05           0.000227045           0.000761574           0.00134987            2.02604               
163    0.00304393      0.00013876            0.0015038             0.00452156            0.00601161            1.82031               
164    0.000623686     3.63722e-05           0.0003687             0.000925913           0.00116376            1.73939               
165    0.0010342       1.72059e-05           0.00023634            0.00115542            0.00272785            2.25978               
166    0.000270841     4.72872e-06           6.08913e-05           0.00027995            0.000737796           2.31213               
167    1.62688e-07     9.22784e-12           1.39438e-09           2.83973e-08           6.20952e-07           3.00155               
168    3.49608e-05     5.75187e-09           8.47413e-07           1.46225e-05           0.000124368           2.84337               
169    0.000201955     2.35738e-05           0.000219802           0.000403382           0.000161061           1.01944               
170    8.08713e-05     6.3182e-06            6.35867e-05           0.000149278           0.000104303           1.36304               
171    6.5011e-05      2.60861e-06           2.90559e-05           9.47254e-05           0.000133654           1.87629               
172    1.12808e-05     8.62095e-09           1.07389e-06           1.17099e-05           3.23308e-05           2.41792               
173    2.19997e-06     2.63231e-12           4.32802e-09           2.72423e-07           8.52314e-06           3.03696               
174    0.000154458     2.58733e-06           3.0712e-05            0.000125364           0.000459169           2.46532               
175    2.07915e-06     1.86577e-10           2.68848e-08           4.80413e-07           7.80913e-06           2.96433               
176    7.6533e-05      2.17357e-06           2.48908e-05           8.94569e-05           0.000189611           2.14835               
177    0.000307361     4.71906e-06           5.6324e-05            0.000234419           0.000933982           2.50733               
178    0.00146047      3.86901e-05           0.000444375           0.00161684            0.00374196            2.20244               
179    0.00038542      6.30535e-06           7.48604e-05           0.000306158           0.00115436            2.47942               
180    0.032835        0.0417895             0.0397831             0.0334632             0.0163044             0.621308              
181    0.057337        0.057337              0.057337              0.057337              0.057337              1                     
182    0.00080595      1.29125e-05           0.000160231           0.000730452           0.00232021            2.40897               
183    1.10001e-05     5.22769e-07           5.24881e-06           1.31054e-05           2.51236e-05           2.00806               
184    0.000109385     7.61773e-08           9.23989e-06           9.59339e-05           0.00033229            2.5227                
185    0.000894941     3.86871e-05           0.000444513           0.00148709            0.00160947            1.71419               
186    9.17578e-05     1.22772e-05           0.000103426           0.000153              9.83279e-05           1.17605               
187    0.0563443       0.0971577             0.0788229             0.0413045             0.0080919             0.305378              
188    0.00226337      0.000166686           0.00168398            0.00409061            0.00311222            1.42083               
189    0.000321528     5.11978e-06           6.09251e-05           0.000251047           0.000969018           2.4914                
190    0.000273252     3.38791e-06           4.10459e-05           0.000179886           0.000868688           2.59672               
191    0.04404         0.04404               0.04404               0.04404               0.04404               1                     
192    0.00782755      0.011945              0.0106919             0.00723783            0.00143555            0.368168              
193    0.000454916     4.96782e-06           6.2181e-05            0.000300014           0.0014525             2.60712               
194    0.000363887     6.12023e-06           9.74655e-05           0.000479529           0.000872432           2.11005               
195    0.000376114     4.04199e-06           5.26191e-05           0.000265195           0.0011826             2.57747               
196    0.00204392      6.10921e-05           0.000727861           0.00267965            0.00470709            2.03896               
197    0.00118149      2.64167e-05           0.000378007           0.00169708            0.00262444            1.99605               
198    0.053287        0.053287              0.053287              0.053287              0.053287              1                     
199    0.061197        0.061197              0.061197              0.061197              0.061197              1                     
200    0.034155        0.034155              0.034155              0.034155              0.034155              1                     
