Note : P(D|M) is the probability of site D given the model M (i.e., the site likelihood)
P(D|M,rr[x]) is the probability of site D given the model M and the relative rate
of evolution rr[x], where x is the class of rate to be considered.
We have P(D|M) = \sum_x P(x) x P(D|M,rr[x]).


Site   P(D|M)          P(D|M,rr[1]=0.0893)   P(D|M,rr[2]=0.3951)   P(D|M,rr[3]=0.9485)   P(D|M,rr[4]=2.5671)   Posterior mean        
1      0.0165587       0.0221671             0.0196831             0.0158802             0.00850457            0.704324              
2      0.0621161       0.0771486             0.0709414             0.0609881             0.0393863             0.78029               
3      0.0827046       0.0973252             0.0915647             0.0820535             0.0598749             0.835508              
4      6.64713e-09     4.876e-11             8.80933e-10           4.3982e-09            2.12606e-08           2.22284               
5      0.0334492       0.0413103             0.0380914             0.0329013             0.0214938             0.78569               
6      0.0561657       0.0698426             0.0641977             0.0551427             0.0354799             0.778878              
7      0.0583849       0.0765847             0.0686751             0.0564106             0.0318691             0.724886              
8      0.078761        0.0968064             0.0894235             0.0775158             0.0512983             0.790963              
9      9.45373e-05     1.26701e-05           5.21423e-05           0.000109882           0.000203455           1.71425               
10     0.0387401       0.0435062             0.0417276             0.0386927             0.0310339             0.882413              
11     0.0561657       0.0698426             0.0641977             0.0551427             0.0354799             0.778878              
12     0.0492038       0.0564971             0.0537156             0.0490299             0.0375724             0.859819              
13     2.51127e-06     2.44076e-08           4.23065e-07           1.96026e-06           7.63736e-06           2.15373               
14     0.0100731       0.0126125             0.0115622             0.00987914            0.00623842            0.771354              
15     0.0387401       0.0435062             0.0417276             0.0386927             0.0310339             0.882413              
16     0.0492038       0.0564971             0.0537156             0.0490299             0.0375724             0.859819              
17     0.0105339       0.0119106             0.0113938             0.010515              0.00831625            0.875445              
18     0.0418812       0.0586917             0.0508782             0.0393207             0.0186343             0.659456              
19     4.27912e-05     4.41855e-07           7.58663e-06           3.45674e-05           0.000128569           2.13755               
20     0.000498142     8.46349e-05           0.000331977           0.00064214            0.000933818           1.57836               
21     0.000578696     0.000100541           0.000392508           0.000752828           0.00106891            1.56477               
22     0.0490247       0.0627803             0.0569385             0.04774               0.0286402             0.749145              
23     0.0492038       0.0564971             0.0537156             0.0490299             0.0375724             0.859819              
24     0.0561657       0.0698426             0.0641977             0.0551427             0.0354799             0.778878              
25     0.0380433       0.0513963             0.0454238             0.0363433             0.01901               0.695319              
26     0.0418812       0.0586917             0.0508782             0.0393207             0.0186343             0.659456              
27     0.0418812       0.0586917             0.0508782             0.0393207             0.0186343             0.659456              
28     0.0418812       0.0586917             0.0508782             0.0393207             0.0186343             0.659456              
29     0.000680529     0.000119805           0.000466908           0.000891955           0.00124345            1.55513               
30     6.65322e-05     1.25455e-05           4.81727e-05           8.96109e-05           0.0001158             1.51212               
31     4.81464e-05     9.36766e-06           3.57438e-05           6.57077e-05           8.17664e-05           1.4912                
32     0.0334492       0.0413103             0.0380914             0.0329013             0.0214938             0.78569               
33     0.0561657       0.0698426             0.0641977             0.0551427             0.0354799             0.778878              
34     0.0427379       0.0596367             0.0517802             0.0401673             0.0193675             0.664523              
35     0.0302864       0.0405437             0.0360013             0.0290467             0.0155538             0.704308              
36     0.000178286     2.42203e-05           9.93599e-05           0.000208294           0.000381268           1.70756               
37     0.078761        0.0968064             0.0894235             0.0775158             0.0512983             0.790963              
38     5.87773e-05     8.50829e-06           3.45083e-05           7.08215e-05           0.000121271           1.67106               
39     0.041402        0.0517285             0.0474486             0.0406013             0.0258297             0.774021              
40     0.0387401       0.0435062             0.0417276             0.0386927             0.0310339             0.882413              
41     0.0492038       0.0564971             0.0537156             0.0490299             0.0375724             0.859819              
42     0.041402        0.0517285             0.0474486             0.0406013             0.0258297             0.774021              
43     0.0289932       0.039303              0.0346814             0.0276646             0.0143237             0.691739              
44     0.0427379       0.0596367             0.0517802             0.0401673             0.0193675             0.664523              
45     0.0583849       0.0765847             0.0686751             0.0564106             0.0318691             0.724886              
46     0.000149609     2.0359e-05            8.34985e-05           0.000174954           0.000319624           1.70654               
47     0.0164783       0.021651              0.0194056             0.0159203             0.00893641            0.722794              
48     0.0334492       0.0413103             0.0380914             0.0329013             0.0214938             0.78569               
49     0.0302864       0.0405437             0.0360013             0.0290467             0.0155538             0.704308              
50     0.0387401       0.0435062             0.0417276             0.0386927             0.0310339             0.882413              
51     0.0434378       0.0545135             0.0499029             0.0425476             0.0267873             0.769531              
52     0.0334492       0.0413103             0.0380914             0.0329013             0.0214938             0.78569               
53     0.000271174     5.00674e-05           0.000193091           0.000362078           0.000479461           1.52578               
54     0.0418812       0.0586917             0.0508782             0.0393207             0.0186343             0.659456              
55     0.0418812       0.0586917             0.0508782             0.0393207             0.0186343             0.659456              
56     0.0434378       0.0545135             0.0499029             0.0425476             0.0267873             0.769531              
57     0.0427379       0.0596367             0.0517802             0.0401673             0.0193675             0.664523              
58     0.000586402     9.63291e-05           0.000380879           0.000746714           0.00112168            1.59737               
59     0.0100731       0.0126125             0.0115622             0.00987914            0.00623842            0.771354              
60     0.0302864       0.0405437             0.0360013             0.0290467             0.0155538             0.704308              
61     0.0418812       0.0586917             0.0508782             0.0393207             0.0186343             0.659456              
62     0.0334492       0.0413103             0.0380914             0.0329013             0.0214938             0.78569               
63     0.078761        0.0968064             0.0894235             0.0775158             0.0512983             0.790963              
64     1.47459e-06     9.77575e-09           1.80037e-07           9.26876e-07           4.78168e-06           2.24234               
65     0.000339116     5.85197e-05           0.000229014           0.000440796           0.000628133           1.56752               
66     5.77813e-05     9.24776e-06           3.6769e-05            7.27996e-05           0.000112309           1.61259               
67     0.0105339       0.0119106             0.0113938             0.010515              0.00831625            0.875445              
68     0.0492038       0.0564971             0.0537156             0.0490299             0.0375724             0.859819              
69     0.000176602     2.64633e-05           0.000106545           0.000215885           0.000357513           1.65202               
70     0.0561657       0.0698426             0.0641977             0.0551427             0.0354799             0.778878              
71     0.0561657       0.0698426             0.0641977             0.0551427             0.0354799             0.778878              
72     0.0483681       0.0664979             0.0581971             0.0457907             0.0229867             0.679032              
73     0.0302864       0.0405437             0.0360013             0.0290467             0.0155538             0.704308              
74     5.72813e-05     9.41724e-06           3.72186e-05           7.29298e-05           0.000109559           1.59725               
75     8.01906e-05     1.31201e-05           5.19243e-05           0.000101963           0.000153755           1.59963               
76     5.34388e-06     7.4629e-07            3.04681e-06           6.32949e-06           1.12529e-05           1.69171               
77     0.0387401       0.0435062             0.0417276             0.0386927             0.0310339             0.882413              
78     0.0334492       0.0413103             0.0380914             0.0329013             0.0214938             0.78569               
79     5.43496e-09     1.53458e-12           1.23322e-10           1.49321e-09           2.01218e-08           2.44342               
80     0.0583849       0.0765847             0.0686751             0.0564106             0.0318691             0.724886              
81     0.0490247       0.0627803             0.0569385             0.04774               0.0286402             0.749145              
82     0.0561657       0.0698426             0.0641977             0.0551427             0.0354799             0.778878              
83     3.7268e-07      2.63156e-09           4.77938e-08           2.40931e-07           1.19936e-06           2.23148               
84     0.0334492       0.0413103             0.0380914             0.0329013             0.0214938             0.78569               
85     0.000123222     2.115e-05             8.28869e-05           0.000159904           0.000228949           1.57041               
86     0.0483681       0.0664979             0.0581971             0.0457907             0.0229867             0.679032              
87     0.0561657       0.0698426             0.0641977             0.0551427             0.0354799             0.778878              
88     0.0427379       0.0596367             0.0517802             0.0401673             0.0193675             0.664523              
89     0.0276919       0.0334484             0.0311408             0.02737               0.0188085             0.80831               
90     0.0418812       0.0586917             0.0508782             0.0393207             0.0186343             0.659456              
91     0.041402        0.0517285             0.0474486             0.0406013             0.0258297             0.774021              
92     9.74089e-05     1.67592e-05           6.56459e-05           0.000126529           0.000180702           1.56896               
93     0.041402        0.0517285             0.0474486             0.0406013             0.0258297             0.774021              
94     3.76249e-05     5.03802e-06           2.07345e-05           4.37037e-05           8.10233e-05           1.71488               
95     0.0334492       0.0413103             0.0380914             0.0329013             0.0214938             0.78569               
96     0.0164783       0.021651              0.0194056             0.0159203             0.00893641            0.722794              
97     0.0427379       0.0596367             0.0517802             0.0401673             0.0193675             0.664523              
98     0.0334492       0.0413103             0.0380914             0.0329013             0.0214938             0.78569               
99     0.0427379       0.0596367             0.0517802             0.0401673             0.0193675             0.664523              
100    7.05834e-06     5.82413e-08           1.03476e-06           5.0111e-06            2.21293e-05           2.1951                
101    0.0561657       0.0698426             0.0641977             0.0551427             0.0354799             0.778878              
102    8.65734e-05     1.44666e-05           5.70036e-05           0.000111064           0.000163759           1.58693               
103    0.0490247       0.0627803             0.0569385             0.04774               0.0286402             0.749145              
104    0.00142655      0.000259227           0.00100279            0.00189135            0.00255285            1.53634               
105    6.6679e-05      9.10748e-06           3.73247e-05           7.81036e-05           0.00014218            1.70455               
106    0.0289932       0.039303              0.0346814             0.0276646             0.0143237             0.691739              
107    0.0276919       0.0334484             0.0311408             0.02737               0.0188085             0.80831               
108    0.0490247       0.0627803             0.0569385             0.04774               0.0286402             0.749145              
109    0.0164783       0.021651              0.0194056             0.0159203             0.00893641            0.722794              
110    0.0434378       0.0545135             0.0499029             0.0425476             0.0267873             0.769531              
111    0.0289932       0.039303              0.0346814             0.0276646             0.0143237             0.691739              
112    0.0490247       0.0627803             0.0569385             0.04774               0.0286402             0.749145              
113    4.23481e-09     1.50742e-12           1.17517e-10           1.34696e-09           1.54733e-08           2.4231                
114    0.078761        0.0968064             0.0894235             0.0775158             0.0512983             0.790963              
115    0.0418812       0.0586917             0.0508782             0.0393207             0.0186343             0.659456              
116    0.0418812       0.0586917             0.0508782             0.0393207             0.0186343             0.659456              
117    0.0427379       0.0596367             0.0517802             0.0401673             0.0193675             0.664523              
118    0.0380433       0.0513963             0.0454238             0.0363433             0.01901               0.695319              
119    0.0490247       0.0627803             0.0569385             0.04774               0.0286402             0.749145              
120    0.078761        0.0968064             0.0894235             0.0775158             0.0512983             0.790963              
121    0.0289932       0.039303              0.0346814             0.0276646             0.0143237             0.691739              
122    0.0427379       0.0596367             0.0517802             0.0401673             0.0193675             0.664523              
123    0.078761        0.0968064             0.0894235             0.0775158             0.0512983             0.790963              
124    0.0302864       0.0405437             0.0360013             0.0290467             0.0155538             0.704308              
125    0.041402        0.0517285             0.0474486             0.0406013             0.0258297             0.774021              
126    0.0427379       0.0596367             0.0517802             0.0401673             0.0193675             0.664523              
127    7.01566e-05     9.55329e-06           3.92216e-05           8.22515e-05           0.0001496             1.70477               
128    0.0427379       0.0596367             0.0517802             0.0401673             0.0193675             0.664523              
129    0.0418812       0.0586917             0.0508782             0.0393207             0.0186343             0.659456              
130    0.0418812       0.0586917             0.0508782             0.0393207             0.0186343             0.659456              
131    0.0483681       0.0664979             0.0581971             0.0457907             0.0229867             0.679032              
132    0.0561657       0.0698426             0.0641977             0.0551427             0.0354799             0.778878              
133    0.0427379       0.0596367             0.0517802             0.0401673             0.0193675             0.664523              
134    0.0380433       0.0513963             0.0454238             0.0363433             0.01901               0.695319              
135    0.0490247       0.0627803             0.0569385             0.04774               0.0286402             0.749145              
136    3.53473e-05     5.11038e-06           2.07221e-05           4.25268e-05           7.30299e-05           1.67237               
137    0.0497496       0.0565616             0.0539873             0.0496271             0.0388223             0.869925              
138    0.0800292       0.0969804             0.090136              0.0790042             0.0539961             0.805401              
139    0.000384458     4.65548e-05           0.000195212           0.000425581           0.000870485           1.76844               
140    1               1                     1                     1                     1                     1                     
141    1               1                     1                     1                     1                     1                     
142    1               1                     1                     1                     1                     1                     
143    1               1                     1                     1                     1                     1                     
144    0.042302        0.042302              0.042302              0.042302              0.042302              1                     
145    0.022355        0.022355              0.022355              0.022355              0.022355              1                     
146    0.040767        0.040767              0.040767              0.040767              0.040767              1                     
147    0.055941        0.055941              0.055941              0.055941              0.055941              1                     
148    0.041977        0.041977              0.041977              0.041977              0.041977              1                     
149    0.022355        0.022355              0.022355              0.022355              0.022355              1                     
150    0.099081        0.099081              0.099081              0.099081              0.099081              1                     
151    0.099081        0.099081              0.099081              0.099081              0.099081              1                     
152    0.055941        0.055941              0.055941              0.055941              0.055941              1                     
153    0.061197        0.061197              0.061197              0.061197              0.061197              1                     
154    0.040767        0.040767              0.040767              0.040767              0.040767              1                     
155    0.04404         0.04404               0.04404               0.04404               0.04404               1                     
Note : P(D|M) is the probability of site D given the model M (i.e., the site likelihood)
P(D|M,rr[x]) is the probability of site D given the model M and the relative rate
of evolution rr[x], where x is the class of rate to be considered.
We have P(D|M) = \sum_x P(x) x P(D|M,rr[x]).


Site   P(D|M)          P(D|M,rr[1]=0.0013)   P(D|M,rr[2]=0.0525)   P(D|M,rr[3]=0.4567)   P(D|M,rr[4]=3.4895)   Posterior mean        
1      0.0165508       0.0229341             0.022279              0.0177275             0.00326264            0.312382              
2      0.0606547       0.079025              0.0774233             0.0658982             0.0202722             0.432792              
3      0.0801792       0.0990435             0.0975775             0.0867904             0.0373052             0.545858              
4      2.68456e-06     1.36472e-08           5.37787e-07           3.80522e-06           6.38157e-06           2.23823               
5      0.0323126       0.0422796             0.0414045             0.0351156             0.0104509             0.423477              
6      0.0543646       0.0715466             0.0700082             0.0590007             0.0169028             0.412478              
7      0.0573932       0.0790097             0.0768196             0.0615684             0.012175              0.325558              
8      0.0761265       0.0990296             0.0970227             0.0826049             0.025849              0.437261              
9      0.000120867     4.48993e-07           1.78173e-05           0.000133188           0.000332015           2.52411               
10     0.0372049       0.044028              0.0435571             0.0400132             0.0212215             0.636143              
11     0.0543646       0.0715466             0.0700082             0.0590007             0.0169028             0.412478              
12     0.0471922       0.0573181             0.0565773             0.05106               0.0238135             0.57987               
13     3.31439e-09     1.49552e-22           4.47586e-16           4.16763e-12           1.32534e-08           3.48853               
14     0.00974753      0.0129297             0.0126433             0.0105945             0.00282267            0.394174              
15     0.0372049       0.044028              0.0435571             0.0400132             0.0212215             0.636143              
16     0.0471922       0.0573181             0.0565773             0.05106               0.0238135             0.57987               
17     0.010108        0.0120625             0.0119255             0.0108968             0.00554702            0.617701              
18     0.0423754       0.0611398             0.0589278             0.044096              0.0053378             0.247422              
19     2.09004e-06     7.98263e-16           5.40793e-11           3.93954e-08           8.32072e-06           3.47517               
20     0.000292445     1.91051e-06           7.47486e-05           0.000500391           0.000592732           1.96686               
21     0.000241014     1.5046e-06            5.89447e-05           0.000398632           0.000504976           2.01987               
22     0.0478206       0.0645588             0.0629528             0.0516319             0.0121391             0.362443              
23     0.0471922       0.0573181             0.0565773             0.05106               0.0238135             0.57987               
24     0.0543646       0.0715466             0.0700082             0.0590007             0.0169028             0.412478              
25     0.0378261       0.053244              0.0515749             0.0401324             0.00635319            0.286014              
26     0.0423754       0.0611398             0.0589278             0.044096              0.0053378             0.247422              
27     0.0423754       0.0611398             0.0589278             0.044096              0.0053378             0.247422              
28     0.0423754       0.0611398             0.0589278             0.044096              0.0053378             0.247422              
29     3.74986e-06     6.31704e-15           4.05214e-10           2.08048e-07           1.4791e-05            3.44733               
30     0.000208078     1.48023e-06           5.78243e-05           0.000382045           0.000390961           1.85241               
31     1.88983e-05     1.53984e-07           5.99372e-06           3.84767e-05           3.09689e-05           1.6662                
32     0.0323126       0.0422796             0.0414045             0.0351156             0.0104509             0.423477              
33     0.0543646       0.0715466             0.0700082             0.0590007             0.0169028             0.412478              
34     0.0432168       0.0620995             0.0598744             0.0449755             0.00591775            0.25693               
35     0.02999         0.0419444             0.0406792             0.0319553             0.00538116            0.296449              
36     9.72141e-05     3.57343e-07           1.41774e-05           0.000105852           0.00026847            2.53542               
37     0.0761265       0.0990296             0.0970227             0.0826049             0.025849              0.437261              
38     3.15859e-05     1.37439e-07           5.43723e-06           3.96608e-05           8.11083e-05           2.38576               
39     0.0401112       0.053022              0.0518542             0.0435153             0.0120534             0.403411              
40     0.0372049       0.044028              0.0435571             0.0400132             0.0212215             0.636143              
41     0.0471922       0.0573181             0.0565773             0.05106               0.0238135             0.57987               
42     0.0401112       0.053022              0.0518542             0.0435153             0.0120534             0.403411              
43     0.0288583       0.0407337             0.0394413             0.0305892             0.00466885            0.28056               
44     0.0432168       0.0620995             0.0598744             0.0449755             0.00591775            0.25693               
45     0.0573932       0.0790097             0.0768196             0.0615684             0.012175              0.325558              
46     0.000119521     4.53755e-07           1.79915e-05           0.000133679           0.000325958           2.50883               
47     0.0161905       0.022339              0.0217176             0.0173846             0.00332091            0.319588              
48     0.0323126       0.0422796             0.0414045             0.0351156             0.0104509             0.423477              
49     0.02999         0.0419444             0.0406792             0.0319553             0.00538116            0.296449              
50     0.0372049       0.044028              0.0435571             0.0400132             0.0212215             0.636143              
51     0.0421298       0.0559087             0.054649              0.0456746             0.012287              0.395665              
52     0.0323126       0.0422796             0.0414045             0.0351156             0.0104509             0.423477              
53     0.000104281     7.51846e-07           2.93542e-05           0.000193142           0.000193876           1.83706               
54     0.0423754       0.0611398             0.0589278             0.044096              0.0053378             0.247422              
55     0.0423754       0.0611398             0.0589278             0.044096              0.0053378             0.247422              
56     0.0421298       0.0559087             0.054649              0.0456746             0.012287              0.395665              
57     0.0432168       0.0620995             0.0598744             0.0449755             0.00591775            0.25693               
58     0.000110891     5.21298e-10           8.24379e-07           4.76565e-05           0.000395083           3.15726               
59     0.00974753      0.0129297             0.0126433             0.0105945             0.00282267            0.394174              
60     0.02999         0.0419444             0.0406792             0.0319553             0.00538116            0.296449              
61     0.0423754       0.0611398             0.0589278             0.044096              0.0053378             0.247422              
62     0.0323126       0.0422796             0.0414045             0.0351156             0.0104509             0.423477              
63     0.0761265       0.0990296             0.0970227             0.0826049             0.025849              0.437261              
64     2.91995e-09     7.70906e-19           5.11271e-14           3.38552e-11           1.16459e-08           3.48068               
65     8.16571e-07     1.1821e-15            7.59925e-11           3.96954e-08           3.22651e-06           3.45255               
66     4.52596e-06     1.48148e-11           2.35843e-08           1.43562e-06           1.66446e-05           3.24451               
67     0.010108        0.0120625             0.0119255             0.0108968             0.00554702            0.617701              
68     0.0471922       0.0573181             0.0565773             0.05106               0.0238135             0.57987               
69     0.000199993     9.43708e-07           3.72499e-05           0.000267051           0.000494726           2.31292               
70     0.0543646       0.0715466             0.0700082             0.0590007             0.0169028             0.412478              
71     0.0543646       0.0715466             0.0700082             0.0590007             0.0169028             0.412478              
72     0.0485624       0.0690866             0.066748              0.0509485             0.00746648            0.272417              
73     0.02999         0.0419444             0.0406792             0.0319553             0.00538116            0.296449              
74     2.89628e-06     8.21135e-12           1.31037e-08           8.12844e-07           1.07592e-05           3.27281               
75     3.64558e-05     2.13425e-07           8.38236e-06           5.77708e-05           7.94565e-05           2.08532               
76     7.08693e-06     2.79409e-08           1.10733e-06           8.19354e-06           1.90189e-05           2.47521               
77     0.0372049       0.044028              0.0435571             0.0400132             0.0212215             0.636143              
78     0.0323126       0.0422796             0.0414045             0.0351156             0.0104509             0.423477              
79     2.92829e-07     5.51301e-13           8.8505e-10            5.75838e-08           1.11285e-06           3.33779               
80     0.0573932       0.0790097             0.0768196             0.0615684             0.012175              0.325558              
81     0.0478206       0.0645588             0.0629528             0.0516319             0.0121391             0.362443              
82     0.0543646       0.0715466             0.0700082             0.0590007             0.0169028             0.412478              
83     2.22569e-07     3.17631e-13           5.12255e-10           3.45402e-08           8.55224e-07           3.36984               
84     0.0323126       0.0422796             0.0414045             0.0351156             0.0104509             0.423477              
85     6.18417e-05     3.91388e-07           1.53437e-05           0.000104206           0.000127425           1.99319               
86     0.0485624       0.0690866             0.066748              0.0509485             0.00746648            0.272417              
87     0.0543646       0.0715466             0.0700082             0.0590007             0.0169028             0.412478              
88     0.0432168       0.0620995             0.0598744             0.0449755             0.00591775            0.25693               
89     0.0266507       0.034139              0.0335156             0.0289868             0.00996153            0.467184              
90     0.0423754       0.0611398             0.0589278             0.044096              0.0053378             0.247422              
91     0.0401112       0.053022              0.0518542             0.0435153             0.0120534             0.403411              
92     4.30118e-05     2.7343e-07            1.0718e-05            7.27219e-05           8.83338e-05           1.98792               
93     0.0401112       0.053022              0.0518542             0.0435153             0.0120534             0.403411              
94     0.000157289     5.82721e-07           2.31255e-05           0.000172953           0.000432496           2.52623               
95     0.0323126       0.0422796             0.0414045             0.0351156             0.0104509             0.423477              
96     0.0161905       0.022339              0.0217176             0.0173846             0.00332091            0.319588              
97     0.0432168       0.0620995             0.0598744             0.0449755             0.00591775            0.25693               
98     0.0323126       0.0422796             0.0414045             0.0351156             0.0104509             0.423477              
99     0.0432168       0.0620995             0.0598744             0.0449755             0.00591775            0.25693               
100    3.55522e-08     1.32755e-20           3.47235e-14           1.65143e-10           1.42044e-07           3.48596               
101    0.0543646       0.0715466             0.0700082             0.0590007             0.0169028             0.412478              
102    4.48127e-05     2.67294e-07           1.0494e-05            7.20955e-05           9.63941e-05           2.06328               
103    0.0478206       0.0645588             0.0629528             0.0516319             0.0121391             0.362443              
104    2.32723e-05     4.73418e-14           3.02686e-09           1.51514e-06           9.15711e-05           3.44001               
105    3.90842e-05     1.46687e-07           5.81725e-06           4.32878e-05           0.000107085           2.51859               
106    0.0288583       0.0407337             0.0394413             0.0305892             0.00466885            0.28056               
107    0.0266507       0.034139              0.0335156             0.0289868             0.00996153            0.467184              
108    0.0478206       0.0645588             0.0629528             0.0516319             0.0121391             0.362443              
109    0.0161905       0.022339              0.0217176             0.0173846             0.00332091            0.319588              
110    0.0421298       0.0559087             0.054649              0.0456746             0.012287              0.395665              
111    0.0288583       0.0407337             0.0394413             0.0305892             0.00466885            0.28056               
112    0.0478206       0.0645588             0.0629528             0.0516319             0.0121391             0.362443              
113    4.58542e-10     5.97427e-19           3.84689e-14           2.03512e-11           1.81378e-09           3.45576               
114    0.0761265       0.0990296             0.0970227             0.0826049             0.025849              0.437261              
115    0.0423754       0.0611398             0.0589278             0.044096              0.0053378             0.247422              
116    0.0423754       0.0611398             0.0589278             0.044096              0.0053378             0.247422              
117    0.0432168       0.0620995             0.0598744             0.0449755             0.00591775            0.25693               
118    0.0378261       0.053244              0.0515749             0.0401324             0.00635319            0.286014              
119    0.0478206       0.0645588             0.0629528             0.0516319             0.0121391             0.362443              
120    0.0761265       0.0990296             0.0970227             0.0826049             0.025849              0.437261              
121    0.0288583       0.0407337             0.0394413             0.0305892             0.00466885            0.28056               
122    0.0432168       0.0620995             0.0598744             0.0449755             0.00591775            0.25693               
123    0.0761265       0.0990296             0.0970227             0.0826049             0.025849              0.437261              
124    0.02999         0.0419444             0.0406792             0.0319553             0.00538116            0.296449              
125    0.0401112       0.053022              0.0518542             0.0435153             0.0120534             0.403411              
126    0.0432168       0.0620995             0.0598744             0.0449755             0.00591775            0.25693               
127    3.76132e-09     1.39049e-18           9.14141e-14           5.68437e-11           1.49883e-08           3.47801               
128    0.0432168       0.0620995             0.0598744             0.0449755             0.00591775            0.25693               
129    0.0423754       0.0611398             0.0589278             0.044096              0.0053378             0.247422              
130    0.0423754       0.0611398             0.0589278             0.044096              0.0053378             0.247422              
131    0.0485624       0.0690866             0.066748              0.0509485             0.00746648            0.272417              
132    0.0543646       0.0715466             0.0700082             0.0590007             0.0169028             0.412478              
133    0.0432168       0.0620995             0.0598744             0.0449755             0.00591775            0.25693               
134    0.0378261       0.053244              0.0515749             0.0401324             0.00635319            0.286014              
135    0.0478206       0.0645588             0.0629528             0.0516319             0.0121391             0.362443              
136    1.60293e-05     6.76775e-08           2.67788e-06           1.95712e-05           4.18007e-05           2.41654               
137    0.0474736       0.0573188             0.056607              0.0512944             0.0246741             0.59282               
138    0.0766876       0.0990316             0.097103              0.0832069             0.027409              0.452718              
139    0.000270958     8.41672e-07           3.35168e-05           0.000257567           0.000791908           2.65977               
140    1               1                     1                     1                     1                     1                     
141    1               1                     1                     1                     1                     1                     
142    1               1                     1                     1                     1                     1                     
143    1               1                     1                     1                     1                     1                     
144    0.042302        0.042302              0.042302              0.042302              0.042302              1                     
145    0.022355        0.022355              0.022355              0.022355              0.022355              1                     
146    0.040767        0.040767              0.040767              0.040767              0.040767              1                     
147    0.055941        0.055941              0.055941              0.055941              0.055941              1                     
148    0.041977        0.041977              0.041977              0.041977              0.041977              1                     
149    0.022355        0.022355              0.022355              0.022355              0.022355              1                     
150    0.099081        0.099081              0.099081              0.099081              0.099081              1                     
151    0.099081        0.099081              0.099081              0.099081              0.099081              1                     
152    0.055941        0.055941              0.055941              0.055941              0.055941              1                     
153    0.061197        0.061197              0.061197              0.061197              0.061197              1                     
154    0.040767        0.040767              0.040767              0.040767              0.040767              1                     
155    0.04404         0.04404               0.04404               0.04404               0.04404               1                     
Note : P(D|M) is the probability of site D given the model M (i.e., the site likelihood)
P(D|M,rr[x]) is the probability of site D given the model M and the relative rate
of evolution rr[x], where x is the class of rate to be considered.
We have P(D|M) = \sum_x P(x) x P(D|M,rr[x]).


Site   P(D|M)          P(D|M,rr[1]=0.0895)   P(D|M,rr[2]=0.3954)   P(D|M,rr[3]=0.9487)   P(D|M,rr[4]=2.5665)   Posterior mean        
1      0.0165583       0.022166              0.0196811             0.0158792             0.00850686            0.704502              
2      0.0621152       0.0771457             0.0709363             0.0609854             0.0393936             0.780431              
3      0.0827041       0.0973226             0.0915599             0.0820508             0.0598829             0.835617              
4      6.65082e-09     4.89538e-11           8.82849e-10           4.40334e-09           2.12681e-08           2.2221                
5      0.0334471       0.0413085             0.0380878             0.0328979             0.0214943             0.785783              
6      0.0561621       0.0698395             0.0641914             0.0551368             0.0354807             0.778974              
7      0.0583799       0.0765803             0.0686664             0.0564028             0.03187               0.725001              
8      0.0787563       0.0968025             0.0894153             0.077508              0.0512994             0.791054              
9      9.45618e-05     1.26927e-05           5.21868e-05           0.00010992            0.000203448           1.71368               
10     0.0387389       0.0435052             0.0417256             0.0386907             0.0310343             0.882467              
11     0.0561621       0.0698395             0.0641914             0.0551368             0.0354807             0.778974              
12     0.049202        0.0564957             0.0537125             0.0490268             0.037573              0.859884              
13     2.5028e-06      2.44036e-08           4.22235e-07           1.95451e-06           7.61006e-06           2.15303               
14     0.0100724       0.0126119             0.011561              0.00987805            0.00623858            0.771453              
15     0.0387389       0.0435052             0.0417256             0.0386907             0.0310343             0.882467              
16     0.049202        0.0564957             0.0537125             0.0490268             0.037573              0.859884              
17     0.0105336       0.0119104             0.0113932             0.0105144             0.00831636            0.875502              
18     0.0418764       0.0586874             0.0508697             0.0393135             0.018635              0.65959               
19     4.27638e-05     4.43023e-07           7.59286e-06           3.45613e-05           0.000128458           2.13682               
20     0.000499309     8.49672e-05           0.000332955           0.000643672           0.000935643           1.57778               
21     0.000578684     0.000100673           0.000392659           0.000752763           0.00106864            1.56434               
22     0.049021        0.0627771             0.056932              0.047734              0.028641              0.749252              
23     0.049202        0.0564957             0.0537125             0.0490268             0.037573              0.859884              
24     0.0561621       0.0698395             0.0641914             0.0551368             0.0354807             0.778974              
25     0.0380396       0.051393              0.0454173             0.0363376             0.0190106             0.695444              
26     0.0418764       0.0586874             0.0508697             0.0393135             0.018635              0.65959               
27     0.0418764       0.0586874             0.0508697             0.0393135             0.018635              0.65959               
28     0.0418764       0.0586874             0.0508697             0.0393135             0.018635              0.65959               
29     0.000680431     0.000119958           0.000467061           0.000891796           0.00124291            1.55465               
30     6.65333e-05     1.25633e-05           4.81951e-05           8.96071e-05           0.000115768           1.51167               
31     4.81438e-05     9.38033e-06           3.57576e-05           6.56996e-05           8.17378e-05           1.49076               
32     0.0334471       0.0413085             0.0380878             0.0328979             0.0214943             0.785783              
33     0.0561621       0.0698395             0.0641914             0.0551368             0.0354807             0.778974              
34     0.042733        0.0596323             0.0517716             0.0401601             0.0193682             0.664655              
35     0.0302835       0.0405412             0.0359963             0.0290423             0.0155543             0.70443               
36     0.000178267     2.42527e-05           9.94022e-05           0.000208282           0.000381131           1.70703               
37     0.0787563       0.0968025             0.0894153             0.077508              0.0512994             0.791054              
38     5.87729e-05     8.52007e-06           3.45241e-05           7.08187e-05           0.000121229           1.67053               
39     0.0413993       0.0517262             0.0474438             0.0405969             0.0258302             0.774119              
40     0.0387389       0.0435052             0.0417256             0.0386907             0.0310343             0.882467              
41     0.049202        0.0564957             0.0537125             0.0490268             0.037573              0.859884              
42     0.0413993       0.0517262             0.0474438             0.0405969             0.0258302             0.774119              
43     0.0289903       0.0393005             0.0346764             0.0276602             0.0143242             0.691865              
44     0.042733        0.0596323             0.0517716             0.0401601             0.0193682             0.664655              
45     0.0583799       0.0765803             0.0686664             0.0564028             0.03187               0.725001              
46     0.000149977     2.04396e-05           8.37519e-05           0.000175396           0.000320319           1.70599               
47     0.0164769       0.0216498             0.0194031             0.015918              0.00893669            0.72291               
48     0.0334471       0.0413085             0.0380878             0.0328979             0.0214943             0.785783              
49     0.0302835       0.0405412             0.0359963             0.0290423             0.0155543             0.70443               
50     0.0387389       0.0435052             0.0417256             0.0386907             0.0310343             0.882467              
51     0.0434349       0.054511              0.0498978             0.0425428             0.026788              0.769631              
52     0.0334471       0.0413085             0.0380878             0.0328979             0.0214943             0.785783              
53     0.000271155     5.01327e-05           0.000193159           0.000362028           0.000479299           1.52535               
54     0.0418764       0.0586874             0.0508697             0.0393135             0.018635              0.65959               
55     0.0418764       0.0586874             0.0508697             0.0393135             0.018635              0.65959               
56     0.0434349       0.054511              0.0498978             0.0425428             0.026788              0.769631              
57     0.042733        0.0596323             0.0517716             0.0401601             0.0193682             0.664655              
58     0.000586363     9.64612e-05           0.000381043           0.000746658           0.00112129            1.59688               
59     0.0100724       0.0126119             0.011561              0.00987805            0.00623858            0.771453              
60     0.0302835       0.0405412             0.0359963             0.0290423             0.0155543             0.70443               
61     0.0418764       0.0586874             0.0508697             0.0393135             0.018635              0.65959               
62     0.0334471       0.0413085             0.0380878             0.0328979             0.0214943             0.785783              
63     0.0787563       0.0968025             0.0894153             0.077508              0.0512994             0.791054              
64     1.47385e-06     9.80512e-09           1.80254e-07           9.27037e-07           4.7783e-06            2.24159               
65     0.000339063     5.85947e-05           0.00022909            0.000440718           0.00062785            1.56703               
66     5.77776e-05     9.26047e-06           3.6785e-05            7.27948e-05           0.00011227            1.61209               
67     0.0105336       0.0119104             0.0113932             0.0105144             0.00831636            0.875502              
68     0.049202        0.0564957             0.0537125             0.0490268             0.037573              0.859884              
69     0.000176651     2.651e-05             0.000106633           0.000215954           0.000357507           1.65148               
70     0.0561621       0.0698395             0.0641914             0.0551368             0.0354807             0.778974              
71     0.0561621       0.0698395             0.0641914             0.0551368             0.0354807             0.778974              
72     0.0483629       0.0664933             0.0581881             0.0457829             0.0229874             0.67916               
73     0.0302835       0.0405412             0.0359963             0.0290423             0.0155543             0.70443               
74     5.72773e-05     9.43015e-06           3.72345e-05           7.29242e-05           0.00010952            1.59675               
75     8.01842e-05     1.31381e-05           5.19464e-05           0.000101955           0.000153698           1.59913               
76     5.34256e-06     7.47206e-07           3.04774e-06           6.32826e-06           1.1247e-05            1.69117               
77     0.0387389       0.0435052             0.0417256             0.0386907             0.0310343             0.882467              
78     0.0334471       0.0413085             0.0380878             0.0328979             0.0214943             0.785783              
79     5.43968e-09     1.5437e-12            1.2373e-10            1.496e-09             2.01374e-08           2.44273               
80     0.0583799       0.0765803             0.0686664             0.0564028             0.03187               0.725001              
81     0.049021        0.0627771             0.056932              0.047734              0.028641              0.749252              
82     0.0561621       0.0698395             0.0641914             0.0551368             0.0354807             0.778974              
83     3.72561e-07     2.63911e-09           4.78467e-08           2.40971e-07           1.19879e-06           2.23079               
84     0.0334471       0.0413085             0.0380878             0.0328979             0.0214943             0.785783              
85     0.000123206     2.11775e-05           8.29159e-05           0.000159879           0.000228851           1.56992               
86     0.0483629       0.0664933             0.0581881             0.0457829             0.0229874             0.67916               
87     0.0561621       0.0698395             0.0641914             0.0551368             0.0354807             0.778974              
88     0.042733        0.0596323             0.0517716             0.0401601             0.0193682             0.664655              
89     0.0276904       0.0334471             0.0311382             0.0273675             0.0188089             0.808394              
90     0.0418764       0.0586874             0.0508697             0.0393135             0.018635              0.65959               
91     0.0413993       0.0517262             0.0474438             0.0405969             0.0258302             0.774119              
92     9.74037e-05     1.67821e-05           6.56735e-05           0.000126518           0.000180641           1.56849               
93     0.0413993       0.0517262             0.0474438             0.0405969             0.0258302             0.774119              
94     3.76242e-05     5.04538e-06           2.07458e-05           4.37057e-05           8.1e-05               1.71433               
95     0.0334471       0.0413085             0.0380878             0.0328979             0.0214943             0.785783              
96     0.0164769       0.0216498             0.0194031             0.015918              0.00893669            0.72291               
97     0.042733        0.0596323             0.0517716             0.0401601             0.0193682             0.664655              
98     0.0334471       0.0413085             0.0380878             0.0328979             0.0214943             0.785783              
99     0.042733        0.0596323             0.0517716             0.0401601             0.0193682             0.664655              
100    7.05515e-06     5.84101e-08           1.03589e-06           5.01159e-06           2.21147e-05           2.19436               
101    0.0561621       0.0698395             0.0641914             0.0551368             0.0354807             0.778974              
102    8.65616e-05     1.44854e-05           5.7024e-05            0.000111048           0.000163689           1.58643               
103    0.049021        0.0627771             0.056932              0.047734              0.028641              0.749252              
104    0.00142638      0.000259558           0.00100312            0.00189102            0.00255182            1.53589               
105    6.66732e-05     9.12014e-06           3.73423e-05           7.81014e-05           0.000142129           1.704                 
106    0.0289903       0.0393005             0.0346764             0.0276602             0.0143242             0.691865              
107    0.0276904       0.0334471             0.0311382             0.0273675             0.0188089             0.808394              
108    0.049021        0.0627771             0.056932              0.047734              0.028641              0.749252              
109    0.0164769       0.0216498             0.0194031             0.015918              0.00893669            0.72291               
110    0.0434349       0.054511              0.0498978             0.0425428             0.026788              0.769631              
111    0.0289903       0.0393005             0.0346764             0.0276602             0.0143242             0.691865              
112    0.049021        0.0627771             0.056932              0.047734              0.028641              0.749252              
113    4.23836e-09     1.51662e-12           1.17918e-10           1.34955e-09           1.54844e-08           2.42238               
114    0.0787563       0.0968025             0.0894153             0.077508              0.0512994             0.791054              
115    0.0418764       0.0586874             0.0508697             0.0393135             0.018635              0.65959               
116    0.0418764       0.0586874             0.0508697             0.0393135             0.018635              0.65959               
117    0.042733        0.0596323             0.0517716             0.0401601             0.0193682             0.664655              
118    0.0380396       0.051393              0.0454173             0.0363376             0.0190106             0.695444              
119    0.049021        0.0627771             0.056932              0.047734              0.028641              0.749252              
120    0.0787563       0.0968025             0.0894153             0.077508              0.0512994             0.791054              
121    0.0289903       0.0393005             0.0346764             0.0276602             0.0143242             0.691865              
122    0.042733        0.0596323             0.0517716             0.0401601             0.0193682             0.664655              
123    0.0787563       0.0968025             0.0894153             0.077508              0.0512994             0.791054              
124    0.0302835       0.0405412             0.0359963             0.0290423             0.0155543             0.70443               
125    0.0413993       0.0517262             0.0474438             0.0405969             0.0258302             0.774119              
126    0.042733        0.0596323             0.0517716             0.0401601             0.0193682             0.664655              
127    7.01417e-05     9.56575e-06           3.92364e-05           8.22403e-05           0.000149524           1.7042                
128    0.042733        0.0596323             0.0517716             0.0401601             0.0193682             0.664655              
129    0.0418764       0.0586874             0.0508697             0.0393135             0.018635              0.65959               
130    0.0418764       0.0586874             0.0508697             0.0393135             0.018635              0.65959               
131    0.0483629       0.0664933             0.0581881             0.0457829             0.0229874             0.67916               
132    0.0561621       0.0698395             0.0641914             0.0551368             0.0354807             0.778974              
133    0.042733        0.0596323             0.0517716             0.0401601             0.0193682             0.664655              
134    0.0380396       0.051393              0.0454173             0.0363376             0.0190106             0.695444              
135    0.049021        0.0627771             0.056932              0.047734              0.028641              0.749252              
136    3.55816e-05     5.15193e-06           2.08711e-05           4.28108e-05           7.34925e-05           1.67182               
137    0.0497481       0.0565603             0.0539845             0.0496244             0.0388234             0.869989              
138    0.0800253       0.0969768             0.0901286             0.0789975             0.0539982             0.805492              
139    0.000384839     4.66732e-05           0.00019553            0.000426056           0.000871098           1.76784               
140    1               1                     1                     1                     1                     1                     
141    1               1                     1                     1                     1                     1                     
142    1               1                     1                     1                     1                     1                     
143    1               1                     1                     1                     1                     1                     
144    0.042302        0.042302              0.042302              0.042302              0.042302              1                     
145    0.022355        0.022355              0.022355              0.022355              0.022355              1                     
146    0.040767        0.040767              0.040767              0.040767              0.040767              1                     
147    0.055941        0.055941              0.055941              0.055941              0.055941              1                     
148    0.041977        0.041977              0.041977              0.041977              0.041977              1                     
149    0.022355        0.022355              0.022355              0.022355              0.022355              1                     
150    0.099081        0.099081              0.099081              0.099081              0.099081              1                     
151    0.099081        0.099081              0.099081              0.099081              0.099081              1                     
152    0.055941        0.055941              0.055941              0.055941              0.055941              1                     
153    0.061197        0.061197              0.061197              0.061197              0.061197              1                     
154    0.040767        0.040767              0.040767              0.040767              0.040767              1                     
155    0.04404         0.04404               0.04404               0.04404               0.04404               1                     
