Note : P(D|M) is the probability of site D given the model M (i.e., the site likelihood)
P(D|M,rr[x]) is the probability of site D given the model M and the relative rate
of evolution rr[x], where x is the class of rate to be considered.
We have P(D|M) = \sum_x P(x) x P(D|M,rr[x]).


Site   P(D|M)          P(D|M,rr[1]=0.7467)   P(D|M,rr[2]=0.9197)   P(D|M,rr[3]=1.0551)   P(D|M,rr[4]=1.2785)   Posterior mean        
1      0.0208965       0.0213959             0.0210512             0.0207852             0.0203539             0.996457              
2      0.0429362       0.0432127             0.0430233             0.0428756             0.0426331             0.999041              
3      0.0570443       0.0582885             0.0574299             0.0567671             0.0556919             0.996765              
4      0.0556035       0.0560366             0.0557398             0.0555085             0.0551291             0.99884               
5      0.0637655       0.0650779             0.0641728             0.0634734             0.0623379             0.996946              
6      0.0429362       0.0432127             0.0430233             0.0428756             0.0426331             0.999041              
7      0.0944156       0.0955706             0.0947771             0.0941608             0.0931538             0.998181              
8      0.0429362       0.0432127             0.0430233             0.0428756             0.0426331             0.999041              
9      0.0556035       0.0560366             0.0557398             0.0555085             0.0551291             0.99884               
10     0.0556035       0.0560366             0.0557398             0.0555085             0.0551291             0.99884               
11     0.0570443       0.0582885             0.0574299             0.0567671             0.0556919             0.996765              
12     0.0429362       0.0432127             0.0430233             0.0428756             0.0426331             0.999041              
13     0.0570443       0.0582885             0.0574299             0.0567671             0.0556919             0.996765              
14     0.0556035       0.0560366             0.0557398             0.0555085             0.0551291             0.99884               
15     0.0556035       0.0560366             0.0557398             0.0555085             0.0551291             0.99884               
16     0.0429362       0.0432127             0.0430233             0.0428756             0.0426331             0.999041              
17     0.0570443       0.0582885             0.0574299             0.0567671             0.0556919             0.996765              
18     0.0556035       0.0560366             0.0557398             0.0555085             0.0551291             0.99884               
19     0.0556035       0.0560366             0.0557398             0.0555085             0.0551291             0.99884               
20     0.0944156       0.0955706             0.0947771             0.0941608             0.0931538             0.998181              
21     0.0570443       0.0582885             0.0574299             0.0567671             0.0556919             0.996765              
22     0.0429362       0.0432127             0.0430233             0.0428756             0.0426331             0.999041              
23     0.0556035       0.0560366             0.0557398             0.0555085             0.0551291             0.99884               
24     0.0556035       0.0560366             0.0557398             0.0555085             0.0551291             0.99884               
25     0.0556035       0.0560366             0.0557398             0.0555085             0.0551291             0.99884               
26     0.0506033       0.0512674             0.0508111             0.0504567             0.0498778             0.998048              
27     4.64102e-05     3.48293e-05           4.27687e-05           4.89532e-05           5.90896e-05           1.03715               
28     0.095845        0.0966515             0.0960984             0.0956677             0.0949621             0.998747              
29     6.16968e-06     4.64732e-06           5.69408e-06           6.50622e-06           7.8311e-06            1.03667               
30     0.021516        0.0218693             0.0216262             0.0214378             0.0211306             0.99756               
31     0.0561382       0.056439              0.0562331             0.0560724             0.0558084             0.999202              
32     0.0576469       0.058522              0.0579202             0.0574533             0.056692              0.997744              
33     0.0576469       0.058522              0.0579202             0.0574533             0.056692              0.997744              
34     0.0432774       0.0434691             0.0433379             0.0432355             0.0430671             0.99934               
35     0.0561382       0.056439              0.0562331             0.0560724             0.0558084             0.999202              
36     0.0561382       0.056439              0.0562331             0.0560724             0.0558084             0.999202              
37     0.0561382       0.056439              0.0562331             0.0560724             0.0558084             0.999202              
38     0.0755409       0.0764154             0.0758149             0.0753482             0.0745849             0.998278              
39     0.0432774       0.0434691             0.0433379             0.0432355             0.0430671             0.99934               
40     0.0539101       0.0544158             0.0540689             0.0537989             0.0533568             0.998604              
41     0.0429362       0.0432127             0.0430233             0.0428756             0.0426331             0.999041              
42     0.0570443       0.0582885             0.0574299             0.0567671             0.0556919             0.996765              
43     3.43531e-06     2.57704e-06           3.16525e-06           3.62364e-06           4.37529e-06           1.03721               
44     0.0556035       0.0560366             0.0557398             0.0555085             0.0551291             0.99884               
45     0.012937        0.012937              0.012937              0.012937              0.012937              1                     
46     0.061197        0.061197              0.061197              0.061197              0.061197              1                     
47     0.061197        0.061197              0.061197              0.061197              0.061197              1                     
48     0.079066        0.079066              0.079066              0.079066              0.079066              1                     
49     0.022355        0.022355              0.022355              0.022355              0.022355              1                     
50     0.012066        0.012066              0.012066              0.012066              0.012066              1                     
51     0.012066        0.012066              0.012066              0.012066              0.012066              1                     
52     0.0556035       0.0560366             0.0557398             0.0555085             0.0551291             0.99884               
53     0.0556035       0.0560366             0.0557398             0.0555085             0.0551291             0.99884               
54     0.0429362       0.0432127             0.0430233             0.0428756             0.0426331             0.999041              
55     0.0429362       0.0432127             0.0430233             0.0428756             0.0426331             0.999041              
56     0.0530153       0.0537384             0.0532415             0.0528556             0.0522258             0.997972              
57     0.0429362       0.0432127             0.0430233             0.0428756             0.0426331             0.999041              
58     0.0556035       0.0560366             0.0557398             0.0555085             0.0551291             0.99884               
59     0.0556035       0.0560366             0.0557398             0.0555085             0.0551291             0.99884               
60     0.0327024       0.0330631             0.0328155             0.0326229             0.032308              0.998359              
61     0.0117449       0.0118253             0.0117702             0.0117272             0.0116568             0.99898               
62     0.0637655       0.0650779             0.0641728             0.0634734             0.0623379             0.996946              
63     0.0556035       0.0560366             0.0557398             0.0555085             0.0551291             0.99884               
64     0.0739978       0.0752437             0.0743862             0.0737217             0.0726394             0.997499              
65     0.0429362       0.0432127             0.0430233             0.0428756             0.0426331             0.999041              
66     0.0739978       0.0752437             0.0743862             0.0737217             0.0726394             0.997499              
67     0.0570443       0.0582885             0.0574299             0.0567671             0.0556919             0.996765              
68     0.0944156       0.0955706             0.0947771             0.0941608             0.0931538             0.998181              
69     0.0739978       0.0752437             0.0743862             0.0737217             0.0726394             0.997499              
70     0.0637655       0.0650779             0.0641728             0.0634734             0.0623379             0.996946              
71     0.0739978       0.0752437             0.0743862             0.0737217             0.0726394             0.997499              
72     0.0739978       0.0752437             0.0743862             0.0737217             0.0726394             0.997499              
73     0.0739978       0.0752437             0.0743862             0.0737217             0.0726394             0.997499              
74     0.0739978       0.0752437             0.0743862             0.0737217             0.0726394             0.997499              
75     0.0739978       0.0752437             0.0743862             0.0737217             0.0726394             0.997499              
76     0.0739978       0.0752437             0.0743862             0.0737217             0.0726394             0.997499              
77     0.0739978       0.0752437             0.0743862             0.0737217             0.0726394             0.997499              
78     0.0494338       0.0503776             0.0497274             0.0492243             0.0484059             0.997166              
79     0.0653396       0.0662783             0.0656327             0.065132              0.0643153             0.997865              
80     0.000244724     0.000186822           0.000227075           0.000257841           0.000307157           1.03493               
81     0.0429362       0.0432127             0.0430233             0.0428756             0.0426331             0.999041              
82     0.000190361     0.000144075           0.000176025           0.000200682           0.00024066            1.03605               
83     0.0429362       0.0432127             0.0430233             0.0428756             0.0426331             0.999041              
84     6.3132e-06      4.77087e-06           5.83424e-06           6.65625e-06           7.99142e-06           1.03625               
85     1.25446e-05     9.41636e-06           1.15613e-05           1.32318e-05           1.59689e-05           1.03713               
86     0.0957971       0.0966154             0.0960542             0.0956172             0.0949015             0.998728              
87     0.0505639       0.0512375             0.0507746             0.0504152             0.0498281             0.998019              
88     0.012468        0.0125849             0.0125048             0.0124423             0.0123401             0.998604              
89     0.0118407       0.0118973             0.0118586             0.0118284             0.0117787             0.999288              
90     0.051141        0.0516169             0.0512905             0.0510364             0.0506203             0.998615              
91     0.0556035       0.0560366             0.0557398             0.0555085             0.0551291             0.99884               
92     0.0429362       0.0432127             0.0430233             0.0428756             0.0426331             0.999041              
93     0.0429362       0.0432127             0.0430233             0.0428756             0.0426331             0.999041              
94     0.0494338       0.0503776             0.0497274             0.0492243             0.0484059             0.997166              
95     0.0429362       0.0432127             0.0430233             0.0428756             0.0426331             0.999041              
96     0.0530153       0.0537384             0.0532415             0.0528556             0.0522258             0.997972              
97     0.0494338       0.0503776             0.0497274             0.0492243             0.0484059             0.997166              
98     0.0556035       0.0560366             0.0557398             0.0555085             0.0551291             0.99884               
99     0.0429362       0.0432127             0.0430233             0.0428756             0.0426331             0.999041              
100    0.0739978       0.0752437             0.0743862             0.0737217             0.0726394             0.997499              
101    0.0561096       0.0573488             0.0564939             0.0558336             0.0547621             0.996724              
102    0.0430426       0.0432927             0.0431215             0.0429879             0.0427684             0.999134              
103    0.0744774       0.0756085             0.0748306             0.0742272             0.0732433             0.997743              
104    0.0557702       0.0561622             0.0558937             0.0556843             0.0553408             0.998953              
105    0.0744774       0.0756085             0.0748306             0.0742272             0.0732433             0.997743              
106    1.9446e-06      1.46137e-06           1.79302e-06           2.05097e-06           2.47303e-06           1.03697               
107    0.0557702       0.0561622             0.0558937             0.0556843             0.0553408             0.998953              
108    0.0208965       0.0213959             0.0210512             0.0207852             0.0203539             0.996457              
109    0.0556035       0.0560366             0.0557398             0.0555085             0.0551291             0.99884               
110    0.0494338       0.0503776             0.0497274             0.0492243             0.0484059             0.997166              
111    0.0429362       0.0432127             0.0430233             0.0428756             0.0426331             0.999041              
112    0.0739978       0.0752437             0.0743862             0.0737217             0.0726394             0.997499              
113    0.0556035       0.0560366             0.0557398             0.0555085             0.0551291             0.99884               
114    0.0570443       0.0582885             0.0574299             0.0567671             0.0556919             0.996765              
115    0.0429362       0.0432127             0.0430233             0.0428756             0.0426331             0.999041              
116    0.0944156       0.0955706             0.0947771             0.0941608             0.0931538             0.998181              
117    0.0429362       0.0432127             0.0430233             0.0428756             0.0426331             0.999041              
118    0.0739978       0.0752437             0.0743862             0.0737217             0.0726394             0.997499              
119    0.0739978       0.0752437             0.0743862             0.0737217             0.0726394             0.997499              
120    0.0944156       0.0955706             0.0947771             0.0941608             0.0931538             0.998181              
121    0.0429362       0.0432127             0.0430233             0.0428756             0.0426331             0.999041              
122    0.0570443       0.0582885             0.0574299             0.0567671             0.0556919             0.996765              
123    0.0429362       0.0432127             0.0430233             0.0428756             0.0426331             0.999041              
124    0.0556035       0.0560366             0.0557398             0.0555085             0.0551291             0.99884               
125    0.0429362       0.0432127             0.0430233             0.0428756             0.0426331             0.999041              
126    0.0429362       0.0432127             0.0430233             0.0428756             0.0426331             0.999041              
127    0.0739978       0.0752437             0.0743862             0.0737217             0.0726394             0.997499              
128    0.0739978       0.0752437             0.0743862             0.0737217             0.0726394             0.997499              
129    0.0429362       0.0432127             0.0430233             0.0428756             0.0426331             0.999041              
130    0.0739978       0.0752437             0.0743862             0.0737217             0.0726394             0.997499              
131    3.20309e-05     2.44281e-05           2.97092e-05           3.37502e-05           4.02362e-05           1.03506               
132    0.0560988       0.0564094             0.0561968             0.0560309             0.0557584             0.999175              
133    0.0556035       0.0560366             0.0557398             0.0555085             0.0551291             0.99884               
134    0.0429362       0.0432127             0.0430233             0.0428756             0.0426331             0.999041              
135    0.0561096       0.0573488             0.0564939             0.0558336             0.0547621             0.996724              
136    0.0494338       0.0503776             0.0497274             0.0492243             0.0484059             0.997166              
137    0.0637655       0.0650779             0.0641728             0.0634734             0.0623379             0.996946              
138    0.0570443       0.0582885             0.0574299             0.0567671             0.0556919             0.996765              
139    0.0680108       0.0688953             0.0682876             0.0678156             0.0670448             0.998066              
140    0.0494338       0.0503776             0.0497274             0.0492243             0.0484059             0.997166              
141    0.0530153       0.0537384             0.0532415             0.0528556             0.0522258             0.997972              
142    0.0402665       0.0407707             0.0404244             0.0401553             0.0397156             0.998138              
143    0.0561096       0.0573488             0.0564939             0.0558336             0.0547621             0.996724              
144    0.0429362       0.0432127             0.0430233             0.0428756             0.0426331             0.999041              
145    0.0530153       0.0537384             0.0532415             0.0528556             0.0522258             0.997972              
146    0.0561096       0.0573488             0.0564939             0.0558336             0.0547621             0.996724              
147    0.0561096       0.0573488             0.0564939             0.0558336             0.0547621             0.996724              
148    0.0494338       0.0503776             0.0497274             0.0492243             0.0484059             0.997166              
149    0.0530153       0.0537384             0.0532415             0.0528556             0.0522258             0.997972              
150    0.0429362       0.0432127             0.0430233             0.0428756             0.0426331             0.999041              
151    0.0530153       0.0537384             0.0532415             0.0528556             0.0522258             0.997972              
152    0.0494338       0.0503776             0.0497274             0.0492243             0.0484059             0.997166              
153    0.0530153       0.0537384             0.0532415             0.0528556             0.0522258             0.997972              
154    0.0402665       0.0407707             0.0404244             0.0401553             0.0397156             0.998138              
155    0.0561096       0.0573488             0.0564939             0.0558336             0.0547621             0.996724              
156    0.0561096       0.0573488             0.0564939             0.0558336             0.0547621             0.996724              
157    0.0944156       0.0955706             0.0947771             0.0941608             0.0931538             0.998181              
158    0.0561096       0.0573488             0.0564939             0.0558336             0.0547621             0.996724              
159    0.0561096       0.0573488             0.0564939             0.0558336             0.0547621             0.996724              
160    0.0494338       0.0503776             0.0497274             0.0492243             0.0484059             0.997166              
161    2.08652e-05     1.57011e-05           1.92491e-05           2.20048e-05           2.65059e-05           1.0368                
162    0.020916        0.02127               0.0210264             0.0208377             0.0205301             0.997486              
163    0.0944156       0.0955706             0.0947771             0.0941608             0.0931538             0.998181              
164    0.0570443       0.0582885             0.0574299             0.0567671             0.0556919             0.996765              
165    0.0402665       0.0407707             0.0404244             0.0401553             0.0397156             0.998138              
166    0.0944156       0.0955706             0.0947771             0.0941608             0.0931538             0.998181              
167    0.039053        0.0397703             0.0392763             0.0388939             0.0382716             0.997273              
168    0.0561096       0.0573488             0.0564939             0.0558336             0.0547621             0.996724              
169    0.0561096       0.0573488             0.0564939             0.0558336             0.0547621             0.996724              
170    0.0377832       0.038514              0.0380106             0.037621              0.0369874             0.997129              
171    0.0561096       0.0573488             0.0564939             0.0558336             0.0547621             0.996724              
172    0.0377832       0.038514              0.0380106             0.037621              0.0369874             0.997129              
173    0.0530153       0.0537384             0.0532415             0.0528556             0.0522258             0.997972              
174    0.0570443       0.0582885             0.0574299             0.0567671             0.0556919             0.996765              
175    0.0608766       0.0617945             0.0611633             0.0606736             0.0598751             0.997759              
176    0.0402665       0.0407707             0.0404244             0.0401553             0.0397156             0.998138              
177    0.0208965       0.0213959             0.0210512             0.0207852             0.0203539             0.996457              
178    0.0122711       0.0124359             0.0123227             0.0122347             0.012091              0.998002              
179    0.0944156       0.0955706             0.0947771             0.0941608             0.0931538             0.998181              
180    0.0561096       0.0573488             0.0564939             0.0558336             0.0547621             0.996724              
181    0.0608766       0.0617945             0.0611633             0.0606736             0.0598751             0.997759              
182    0.0739978       0.0752437             0.0743862             0.0737217             0.0726394             0.997499              
183    0.0944156       0.0955706             0.0947771             0.0941608             0.0931538             0.998181              
184    0.0608766       0.0617945             0.0611633             0.0606736             0.0598751             0.997759              
185    0.0637655       0.0650779             0.0641728             0.0634734             0.0623379             0.996946              
186    0.0429362       0.0432127             0.0430233             0.0428756             0.0426331             0.999041              
187    0.0208965       0.0213959             0.0210512             0.0207852             0.0203539             0.996457              
188    0.0608766       0.0617945             0.0611633             0.0606736             0.0598751             0.997759              
189    0.0570443       0.0582885             0.0574299             0.0567671             0.0556919             0.996765              
190    0.0530153       0.0537384             0.0532415             0.0528556             0.0522258             0.997972              
191    0.0429362       0.0432127             0.0430233             0.0428756             0.0426331             0.999041              
192    0.0561096       0.0573488             0.0564939             0.0558336             0.0547621             0.996724              
193    0.0122711       0.0124359             0.0123227             0.0122347             0.012091              0.998002              
194    0.0530153       0.0537384             0.0532415             0.0528556             0.0522258             0.997972              
195    0.0208965       0.0213959             0.0210512             0.0207852             0.0203539             0.996457              
196    0.020916        0.02127               0.0210264             0.0208377             0.0205301             0.997486              
197    0.0944156       0.0955706             0.0947771             0.0941608             0.0931538             0.998181              
198    0.0570443       0.0582885             0.0574299             0.0567671             0.0556919             0.996765              
199    0.0944156       0.0955706             0.0947771             0.0941608             0.0931538             0.998181              
Note : P(D|M) is the probability of site D given the model M (i.e., the site likelihood)
P(D|M,rr[x]) is the probability of site D given the model M and the relative rate
of evolution rr[x], where x is the class of rate to be considered.
We have P(D|M) = \sum_x P(x) x P(D|M,rr[x]).


Site   P(D|M)          P(D|M,rr[1]=0.0000)   P(D|M,rr[2]=0.0000)   P(D|M,rr[3]=0.0000)   P(D|M,rr[4]=4.0000)   Posterior mean        
1      0.0204463       0.022951              0.022951              0.022951              0.0129324             0.632507              
2      0.0424557       0.04404               0.04404               0.04404               0.0377029             0.888053              
3      0.0558667       0.062157              0.062157              0.0621569             0.0369958             0.662217              
4      0.0548844       0.057337              0.057337              0.057337              0.0475266             0.865941              
5      0.0624506       0.069147              0.069147              0.0691469             0.0423614             0.67832               
6      0.0424557       0.04404               0.04404               0.04404               0.0377029             0.888053              
7      0.0927963       0.099081              0.099081              0.0990809             0.0739424             0.796826              
8      0.0424557       0.04404               0.04404               0.04404               0.0377029             0.888053              
9      0.0548844       0.057337              0.057337              0.057337              0.0475266             0.865941              
10     0.0548844       0.057337              0.057337              0.057337              0.0475266             0.865941              
11     0.0558667       0.062157              0.062157              0.0621569             0.0369958             0.662217              
12     0.0424557       0.04404               0.04404               0.04404               0.0377029             0.888053              
13     0.0558667       0.062157              0.062157              0.0621569             0.0369958             0.662217              
14     0.0548844       0.057337              0.057337              0.057337              0.0475266             0.865941              
15     0.0548844       0.057337              0.057337              0.057337              0.0475266             0.865941              
16     0.0424557       0.04404               0.04404               0.04404               0.0377029             0.888053              
17     0.0558667       0.062157              0.062157              0.0621569             0.0369958             0.662217              
18     0.0548844       0.057337              0.057337              0.057337              0.0475266             0.865941              
19     0.0548844       0.057337              0.057337              0.057337              0.0475266             0.865941              
20     0.0927963       0.099081              0.099081              0.0990809             0.0739424             0.796826              
21     0.0558667       0.062157              0.062157              0.0621569             0.0369958             0.662217              
22     0.0424557       0.04404               0.04404               0.04404               0.0377029             0.888053              
23     0.0548844       0.057337              0.057337              0.057337              0.0475266             0.865941              
24     0.0548844       0.057337              0.057337              0.057337              0.0475266             0.865941              
25     0.0548844       0.057337              0.057337              0.057337              0.0475266             0.865941              
26     0.049658        0.053287              0.053287              0.053287              0.0387712             0.780764              
27     7.07891e-05     5.14025e-11           5.14025e-11           6.00521e-10           0.000283156           3.99998               
28     0.0945278       0.099081              0.099081              0.099081              0.0808681             0.855496              
29     5.99501e-06     1.08678e-11           1.08678e-11           5.53097e-11           2.398e-05             3.99998               
30     0.0210648       0.022951              0.022951              0.022951              0.0154063             0.731377              
31     0.0555845       0.057337              0.057337              0.057337              0.0503269             0.905413              
32     0.0564984       0.061197              0.061197              0.0611969             0.0424025             0.75051               
33     0.0564984       0.061197              0.061197              0.0611969             0.0424025             0.75051               
34     0.042913        0.04404               0.04404               0.04404               0.0395319             0.92121               
35     0.0555845       0.057337              0.057337              0.057337              0.0503269             0.905413              
36     0.0555845       0.057337              0.057337              0.057337              0.0503269             0.905413              
37     0.0555845       0.057337              0.057337              0.057337              0.0503269             0.905413              
38     0.0742335       0.079066              0.079066              0.0790659             0.0597359             0.804704              
39     0.042913        0.04404               0.04404               0.04404               0.0395319             0.92121               
40     0.0530987       0.055941              0.055941              0.055941              0.0445717             0.839414              
41     0.0424557       0.04404               0.04404               0.04404               0.0377029             0.888053              
42     0.0558667       0.062157              0.062157              0.0621569             0.0369958             0.662217              
43     4.72912e-06     1.83623e-12           1.83623e-12           3.99032e-11           1.89164e-05           3.99998               
44     0.0548844       0.057337              0.057337              0.057337              0.0475266             0.865941              
45     0.012937        0.012937              0.012937              0.012937              0.012937              1                     
46     0.061197        0.061197              0.061197              0.061197              0.061197              1                     
47     0.061197        0.061197              0.061197              0.061197              0.061197              1                     
48     0.079066        0.079066              0.079066              0.079066              0.079066              1                     
49     0.022355        0.022355              0.022355              0.022355              0.022355              1                     
50     0.012066        0.012066              0.012066              0.012066              0.012066              1                     
51     0.012066        0.012066              0.012066              0.012066              0.012066              1                     
52     0.0548844       0.057337              0.057337              0.057337              0.0475266             0.865941              
53     0.0548844       0.057337              0.057337              0.057337              0.0475266             0.865941              
54     0.0424557       0.04404               0.04404               0.04404               0.0377029             0.888053              
55     0.0424557       0.04404               0.04404               0.04404               0.0377029             0.888053              
56     0.0520387       0.055941              0.055941              0.055941              0.0403318             0.775035              
57     0.0424557       0.04404               0.04404               0.04404               0.0377029             0.888053              
58     0.0548844       0.057337              0.057337              0.057337              0.0475266             0.865941              
59     0.0548844       0.057337              0.057337              0.057337              0.0475266             0.865941              
60     0.0321672       0.034155              0.034155              0.034155              0.026204              0.814618              
61     0.0116067       0.012066              0.012066              0.012066              0.0102288             0.881283              
62     0.0624506       0.069147              0.069147              0.0691469             0.0423614             0.67832               
63     0.0548844       0.057337              0.057337              0.057337              0.0475266             0.865941              
64     0.0725006       0.079066              0.079066              0.0790659             0.0528046             0.728333              
65     0.0424557       0.04404               0.04404               0.04404               0.0377029             0.888053              
66     0.0725006       0.079066              0.079066              0.0790659             0.0528046             0.728333              
67     0.0558667       0.062157              0.062157              0.0621569             0.0369958             0.662217              
68     0.0927963       0.099081              0.099081              0.0990809             0.0739424             0.796826              
69     0.0725006       0.079066              0.079066              0.0790659             0.0528046             0.728333              
70     0.0624506       0.069147              0.069147              0.0691469             0.0423614             0.67832               
71     0.0725006       0.079066              0.079066              0.0790659             0.0528046             0.728333              
72     0.0725006       0.079066              0.079066              0.0790659             0.0528046             0.728333              
73     0.0725006       0.079066              0.079066              0.0790659             0.0528046             0.728333              
74     0.0725006       0.079066              0.079066              0.0790659             0.0528046             0.728333              
75     0.0725006       0.079066              0.079066              0.0790659             0.0528046             0.728333              
76     0.0725006       0.079066              0.079066              0.0790659             0.0528046             0.728333              
77     0.0725006       0.079066              0.079066              0.0790659             0.0528046             0.728333              
78     0.0483931       0.053287              0.053287              0.0532869             0.0337115             0.696619              
79     0.0636135       0.069147              0.069147              0.0691469             0.0470133             0.739046              
80     0.000250714     1.39296e-10           1.39296e-10           3.02704e-09           0.00100285            3.99998               
81     0.0424557       0.04404               0.04404               0.04404               0.0377029             0.888053              
82     0.000158257     1.08668e-10           1.08668e-10           1.60181e-09           0.000633026           3.99998               
83     0.0424557       0.04404               0.04404               0.04404               0.0377029             0.888053              
84     5.03128e-06     3.58313e-12           3.58313e-12           5.28169e-11           2.01251e-05           3.99998               
85     3.62369e-08     5.06592e-21           5.06592e-21           5.92677e-19           1.44948e-07           3.99999               
86     0.093974        0.099081              0.099081              0.0990809             0.078653              0.836966              
87     0.0492398       0.053287              0.053287              0.053287              0.0370982             0.75342               
88     0.0122048       0.012937              0.012937              0.012937              0.0100081             0.820016              
89     0.0116956       0.012066              0.012066              0.012066              0.0105846             0.905002              
90     0.0500896       0.053052              0.053052              0.053052              0.0412025             0.822576              
91     0.0548844       0.057337              0.057337              0.057337              0.0475266             0.865941              
92     0.0424557       0.04404               0.04404               0.04404               0.0377029             0.888053              
93     0.0424557       0.04404               0.04404               0.04404               0.0377029             0.888053              
94     0.0483931       0.053287              0.053287              0.0532869             0.0337115             0.696619              
95     0.0424557       0.04404               0.04404               0.04404               0.0377029             0.888053              
96     0.0520387       0.055941              0.055941              0.055941              0.0403318             0.775035              
97     0.0483931       0.053287              0.053287              0.0532869             0.0337115             0.696619              
98     0.0548844       0.057337              0.057337              0.057337              0.0475266             0.865941              
99     0.0424557       0.04404               0.04404               0.04404               0.0377029             0.888053              
100    0.0725006       0.079066              0.079066              0.0790659             0.0528046             0.728333              
101    0.0549172       0.061197              0.061197              0.0611969             0.0360781             0.656955              
102    0.0428996       0.04404               0.04404               0.04404               0.0394784             0.920252              
103    0.0741787       0.079066              0.079066              0.079066              0.059517              0.802346              
104    0.0555637       0.057337              0.057337              0.057337              0.0502437             0.904255              
105    0.0741787       0.079066              0.079066              0.079066              0.059517              0.802346              
106    2.68614e-06     1.04605e-12           1.04605e-12           2.27318e-11           1.07445e-05           3.99998               
107    0.0555637       0.057337              0.057337              0.057337              0.0502437             0.904255              
108    0.0204463       0.022951              0.022951              0.022951              0.0129324             0.632507              
109    0.0548844       0.057337              0.057337              0.057337              0.0475266             0.865941              
110    0.0483931       0.053287              0.053287              0.0532869             0.0337115             0.696619              
111    0.0424557       0.04404               0.04404               0.04404               0.0377029             0.888053              
112    0.0725006       0.079066              0.079066              0.0790659             0.0528046             0.728333              
113    0.0548844       0.057337              0.057337              0.057337              0.0475266             0.865941              
114    0.0558667       0.062157              0.062157              0.0621569             0.0369958             0.662217              
115    0.0424557       0.04404               0.04404               0.04404               0.0377029             0.888053              
116    0.0927963       0.099081              0.099081              0.0990809             0.0739424             0.796826              
117    0.0424557       0.04404               0.04404               0.04404               0.0377029             0.888053              
118    0.0725006       0.079066              0.079066              0.0790659             0.0528046             0.728333              
119    0.0725006       0.079066              0.079066              0.0790659             0.0528046             0.728333              
120    0.0927963       0.099081              0.099081              0.0990809             0.0739424             0.796826              
121    0.0424557       0.04404               0.04404               0.04404               0.0377029             0.888053              
122    0.0558667       0.062157              0.062157              0.0621569             0.0369958             0.662217              
123    0.0424557       0.04404               0.04404               0.04404               0.0377029             0.888053              
124    0.0548844       0.057337              0.057337              0.057337              0.0475266             0.865941              
125    0.0424557       0.04404               0.04404               0.04404               0.0377029             0.888053              
126    0.0424557       0.04404               0.04404               0.04404               0.0377029             0.888053              
127    0.0725006       0.079066              0.079066              0.0790659             0.0528046             0.728333              
128    0.0725006       0.079066              0.079066              0.0790659             0.0528046             0.728333              
129    0.0424557       0.04404               0.04404               0.04404               0.0377029             0.888053              
130    0.0725006       0.079066              0.079066              0.0790659             0.0528046             0.728333              
131    9.95987e-08     2.95313e-20           2.95313e-20           2.20109e-18           3.98395e-07           3.99999               
132    0.0550468       0.057337              0.057337              0.057337              0.0481761             0.875185              
133    0.0548844       0.057337              0.057337              0.057337              0.0475266             0.865941              
134    0.0424557       0.04404               0.04404               0.04404               0.0377029             0.888053              
135    0.0549172       0.061197              0.061197              0.0611969             0.0360781             0.656955              
136    0.0483931       0.053287              0.053287              0.0532869             0.0337115             0.696619              
137    0.0624506       0.069147              0.069147              0.0691469             0.0423614             0.67832               
138    0.0558667       0.062157              0.062157              0.0621569             0.0369958             0.662217              
139    0.0667909       0.071586              0.071586              0.071586              0.0524058             0.784625              
140    0.0483931       0.053287              0.053287              0.0532869             0.0337115             0.696619              
141    0.0520387       0.055941              0.055941              0.055941              0.0403318             0.775035              
142    0.0395552       0.042302              0.042302              0.042302              0.0313149             0.791676              
143    0.0549172       0.061197              0.061197              0.0611969             0.0360781             0.656955              
144    0.0424557       0.04404               0.04404               0.04404               0.0377029             0.888053              
145    0.0520387       0.055941              0.055941              0.055941              0.0403318             0.775035              
146    0.0549172       0.061197              0.061197              0.0611969             0.0360781             0.656955              
147    0.0549172       0.061197              0.061197              0.0611969             0.0360781             0.656955              
148    0.0483931       0.053287              0.053287              0.0532869             0.0337115             0.696619              
149    0.0520387       0.055941              0.055941              0.055941              0.0403318             0.775035              
150    0.0424557       0.04404               0.04404               0.04404               0.0377029             0.888053              
151    0.0520387       0.055941              0.055941              0.055941              0.0403318             0.775035              
152    0.0483931       0.053287              0.053287              0.0532869             0.0337115             0.696619              
153    0.0520387       0.055941              0.055941              0.055941              0.0403318             0.775035              
154    0.0395552       0.042302              0.042302              0.042302              0.0313149             0.791676              
155    0.0549172       0.061197              0.061197              0.0611969             0.0360781             0.656955              
156    0.0549172       0.061197              0.061197              0.0611969             0.0360781             0.656955              
157    0.0927963       0.099081              0.099081              0.0990809             0.0739424             0.796826              
158    0.0549172       0.061197              0.061197              0.0611969             0.0360781             0.656955              
159    0.0549172       0.061197              0.061197              0.0611969             0.0360781             0.656955              
160    0.0483931       0.053287              0.053287              0.0532869             0.0337115             0.696619              
161    9.99092e-08     5.07857e-20           5.07857e-20           1.76893e-18           3.99637e-07           3.99999               
162    0.0204861       0.022355              0.022355              0.022355              0.0148794             0.726318              
163    0.0927963       0.099081              0.099081              0.0990809             0.0739424             0.796826              
164    0.0558667       0.062157              0.062157              0.0621569             0.0369958             0.662217              
165    0.0395552       0.042302              0.042302              0.042302              0.0313149             0.791676              
166    0.0927963       0.099081              0.099081              0.0990809             0.0739424             0.796826              
167    0.0382352       0.041977              0.041977              0.041977              0.0270098             0.706412              
168    0.0549172       0.061197              0.061197              0.0611969             0.0360781             0.656955              
169    0.0549172       0.061197              0.061197              0.0611969             0.0360781             0.656955              
170    0.0369804       0.040767              0.040767              0.040767              0.0256206             0.692816              
171    0.0549172       0.061197              0.061197              0.0611969             0.0360781             0.656955              
172    0.0369804       0.040767              0.040767              0.040767              0.0256206             0.692816              
173    0.0520387       0.055941              0.055941              0.055941              0.0403318             0.775035              
174    0.0558667       0.062157              0.062157              0.0621569             0.0369958             0.662217              
175    0.0597015       0.0646                0.0646                0.0645999             0.0450059             0.75385               
176    0.0395552       0.042302              0.042302              0.042302              0.0313149             0.791676              
177    0.0204463       0.022951              0.022951              0.022951              0.0129324             0.632507              
178    0.0120426       0.012937              0.012937              0.012937              0.00935926            0.777182              
179    0.0927963       0.099081              0.099081              0.0990809             0.0739424             0.796826              
180    0.0549172       0.061197              0.061197              0.0611969             0.0360781             0.656955              
181    0.0597015       0.0646                0.0646                0.0645999             0.0450059             0.75385               
182    0.0725006       0.079066              0.079066              0.0790659             0.0528046             0.728333              
183    0.0927963       0.099081              0.099081              0.0990809             0.0739424             0.796826              
184    0.0597015       0.0646                0.0646                0.0645999             0.0450059             0.75385               
185    0.0624506       0.069147              0.069147              0.0691469             0.0423614             0.67832               
186    0.0424557       0.04404               0.04404               0.04404               0.0377029             0.888053              
187    0.0204463       0.022951              0.022951              0.022951              0.0129324             0.632507              
188    0.0597015       0.0646                0.0646                0.0645999             0.0450059             0.75385               
189    0.0558667       0.062157              0.062157              0.0621569             0.0369958             0.662217              
190    0.0520387       0.055941              0.055941              0.055941              0.0403318             0.775035              
191    0.0424557       0.04404               0.04404               0.04404               0.0377029             0.888053              
192    0.0549172       0.061197              0.061197              0.0611969             0.0360781             0.656955              
193    0.0120426       0.012937              0.012937              0.012937              0.00935926            0.777182              
194    0.0520387       0.055941              0.055941              0.055941              0.0403318             0.775035              
195    0.0204463       0.022951              0.022951              0.022951              0.0129324             0.632507              
196    0.0204861       0.022355              0.022355              0.022355              0.0148794             0.726318              
197    0.0927963       0.099081              0.099081              0.0990809             0.0739424             0.796826              
198    0.0558667       0.062157              0.062157              0.0621569             0.0369958             0.662217              
199    0.0927963       0.099081              0.099081              0.0990809             0.0739424             0.796826              
Note : P(D|M) is the probability of site D given the model M (i.e., the site likelihood)
P(D|M,rr[x]) is the probability of site D given the model M and the relative rate
of evolution rr[x], where x is the class of rate to be considered.
We have P(D|M) = \sum_x P(x) x P(D|M,rr[x]).


Site   P(D|M)          P(D|M,rr[1]=0.7467)   P(D|M,rr[2]=0.9197)   P(D|M,rr[3]=1.0551)   P(D|M,rr[4]=1.2785)   Posterior mean        
1      0.0208965       0.0213959             0.0210512             0.0207852             0.0203539             0.996457              
2      0.0429362       0.0432127             0.0430233             0.0428756             0.0426331             0.999041              
3      0.0570443       0.0582885             0.0574299             0.0567671             0.0556919             0.996765              
4      0.0556035       0.0560366             0.0557398             0.0555085             0.0551291             0.99884               
5      0.0637655       0.0650779             0.0641728             0.0634734             0.0623379             0.996946              
6      0.0429362       0.0432127             0.0430233             0.0428756             0.0426331             0.999041              
7      0.0944156       0.0955706             0.0947771             0.0941608             0.0931538             0.998181              
8      0.0429362       0.0432127             0.0430233             0.0428756             0.0426331             0.999041              
9      0.0556035       0.0560366             0.0557398             0.0555085             0.0551291             0.99884               
10     0.0556035       0.0560366             0.0557398             0.0555085             0.0551291             0.99884               
11     0.0570443       0.0582885             0.0574299             0.0567671             0.0556919             0.996765              
12     0.0429362       0.0432127             0.0430233             0.0428756             0.0426331             0.999041              
13     0.0570443       0.0582885             0.0574299             0.0567671             0.0556919             0.996765              
14     0.0556035       0.0560366             0.0557398             0.0555085             0.0551291             0.99884               
15     0.0556035       0.0560366             0.0557398             0.0555085             0.0551291             0.99884               
16     0.0429362       0.0432127             0.0430233             0.0428756             0.0426331             0.999041              
17     0.0570443       0.0582885             0.0574299             0.0567671             0.0556919             0.996765              
18     0.0556035       0.0560366             0.0557398             0.0555085             0.0551291             0.99884               
19     0.0556035       0.0560366             0.0557398             0.0555085             0.0551291             0.99884               
20     0.0944156       0.0955706             0.0947771             0.0941608             0.0931538             0.998181              
21     0.0570443       0.0582885             0.0574299             0.0567671             0.0556919             0.996765              
22     0.0429362       0.0432127             0.0430233             0.0428756             0.0426331             0.999041              
23     0.0556035       0.0560366             0.0557398             0.0555085             0.0551291             0.99884               
24     0.0556035       0.0560366             0.0557398             0.0555085             0.0551291             0.99884               
25     0.0556035       0.0560366             0.0557398             0.0555085             0.0551291             0.99884               
26     0.0506033       0.0512674             0.0508111             0.0504567             0.0498779             0.998048              
27     4.64102e-05     3.48293e-05           4.27687e-05           4.89532e-05           5.90896e-05           1.03715               
28     0.095845        0.0966515             0.0960984             0.0956677             0.0949621             0.998747              
29     6.16967e-06     4.64731e-06           5.69408e-06           6.50621e-06           7.83109e-06           1.03667               
30     0.021516        0.0218693             0.0216262             0.0214378             0.0211306             0.99756               
31     0.0561382       0.056439              0.0562331             0.0560724             0.0558084             0.999202              
32     0.0576469       0.058522              0.0579202             0.0574533             0.056692              0.997744              
33     0.0576469       0.058522              0.0579202             0.0574533             0.056692              0.997744              
34     0.0432774       0.0434691             0.0433379             0.0432355             0.0430671             0.99934               
35     0.0561382       0.056439              0.0562331             0.0560724             0.0558084             0.999202              
36     0.0561382       0.056439              0.0562331             0.0560724             0.0558084             0.999202              
37     0.0561382       0.056439              0.0562331             0.0560724             0.0558084             0.999202              
38     0.0755409       0.0764154             0.0758149             0.0753482             0.074585              0.998278              
39     0.0432774       0.0434691             0.0433379             0.0432355             0.0430671             0.99934               
40     0.0539101       0.0544158             0.0540689             0.0537989             0.0533568             0.998604              
41     0.0429362       0.0432127             0.0430233             0.0428756             0.0426331             0.999041              
42     0.0570443       0.0582885             0.0574299             0.0567671             0.0556919             0.996765              
43     3.43531e-06     2.57705e-06           3.16525e-06           3.62364e-06           4.3753e-06            1.03721               
44     0.0556035       0.0560366             0.0557398             0.0555085             0.0551291             0.99884               
45     0.012937        0.012937              0.012937              0.012937              0.012937              1                     
46     0.061197        0.061197              0.061197              0.061197              0.061197              1                     
47     0.061197        0.061197              0.061197              0.061197              0.061197              1                     
48     0.079066        0.079066              0.079066              0.079066              0.079066              1                     
49     0.022355        0.022355              0.022355              0.022355              0.022355              1                     
50     0.012066        0.012066              0.012066              0.012066              0.012066              1                     
51     0.012066        0.012066              0.012066              0.012066              0.012066              1                     
52     0.0556035       0.0560366             0.0557398             0.0555085             0.0551291             0.99884               
53     0.0556035       0.0560366             0.0557398             0.0555085             0.0551291             0.99884               
54     0.0429362       0.0432127             0.0430233             0.0428756             0.0426331             0.999041              
55     0.0429362       0.0432127             0.0430233             0.0428756             0.0426331             0.999041              
56     0.0530153       0.0537384             0.0532415             0.0528556             0.0522258             0.997972              
57     0.0429362       0.0432127             0.0430233             0.0428756             0.0426331             0.999041              
58     0.0556035       0.0560366             0.0557398             0.0555085             0.0551291             0.99884               
59     0.0556035       0.0560366             0.0557398             0.0555085             0.0551291             0.99884               
60     0.0327024       0.0330631             0.0328155             0.0326229             0.032308              0.998359              
61     0.0117449       0.0118253             0.0117702             0.0117272             0.0116568             0.99898               
62     0.0637655       0.0650779             0.0641728             0.0634734             0.0623379             0.996946              
63     0.0556035       0.0560366             0.0557398             0.0555085             0.0551291             0.99884               
64     0.0739978       0.0752437             0.0743862             0.0737217             0.0726394             0.997499              
65     0.0429362       0.0432127             0.0430233             0.0428756             0.0426331             0.999041              
66     0.0739978       0.0752437             0.0743862             0.0737217             0.0726394             0.997499              
67     0.0570443       0.0582885             0.0574299             0.0567671             0.0556919             0.996765              
68     0.0944156       0.0955706             0.0947771             0.0941608             0.0931538             0.998181              
69     0.0739978       0.0752437             0.0743862             0.0737217             0.0726394             0.997499              
70     0.0637655       0.0650779             0.0641728             0.0634734             0.0623379             0.996946              
71     0.0739978       0.0752437             0.0743862             0.0737217             0.0726394             0.997499              
72     0.0739978       0.0752437             0.0743862             0.0737217             0.0726394             0.997499              
73     0.0739978       0.0752437             0.0743862             0.0737217             0.0726394             0.997499              
74     0.0739978       0.0752437             0.0743862             0.0737217             0.0726394             0.997499              
75     0.0739978       0.0752437             0.0743862             0.0737217             0.0726394             0.997499              
76     0.0739978       0.0752437             0.0743862             0.0737217             0.0726394             0.997499              
77     0.0739978       0.0752437             0.0743862             0.0737217             0.0726394             0.997499              
78     0.0494338       0.0503776             0.0497274             0.0492243             0.0484059             0.997166              
79     0.0653396       0.0662783             0.0656327             0.065132              0.0643153             0.997865              
80     0.000244724     0.000186823           0.000227076           0.000257841           0.000307157           1.03493               
81     0.0429362       0.0432127             0.0430233             0.0428756             0.0426331             0.999041              
82     0.000190361     0.000144075           0.000176025           0.000200682           0.00024066            1.03605               
83     0.0429362       0.0432127             0.0430233             0.0428756             0.0426331             0.999041              
84     6.3132e-06      4.77087e-06           5.83425e-06           6.65626e-06           7.99142e-06           1.03625               
85     1.25446e-05     9.41635e-06           1.15613e-05           1.32317e-05           1.59688e-05           1.03713               
86     0.0957971       0.0966154             0.0960542             0.0956172             0.0949015             0.998728              
87     0.0505639       0.0512375             0.0507746             0.0504152             0.0498281             0.998019              
88     0.012468        0.0125849             0.0125048             0.0124423             0.0123401             0.998604              
89     0.0118407       0.0118973             0.0118586             0.0118284             0.0117787             0.999288              
90     0.051141        0.0516169             0.0512905             0.0510364             0.0506203             0.998615              
91     0.0556035       0.0560366             0.0557398             0.0555085             0.0551291             0.99884               
92     0.0429362       0.0432127             0.0430233             0.0428756             0.0426331             0.999041              
93     0.0429362       0.0432127             0.0430233             0.0428756             0.0426331             0.999041              
94     0.0494338       0.0503776             0.0497274             0.0492243             0.0484059             0.997166              
95     0.0429362       0.0432127             0.0430233             0.0428756             0.0426331             0.999041              
96     0.0530153       0.0537384             0.0532415             0.0528556             0.0522258             0.997972              
97     0.0494338       0.0503776             0.0497274             0.0492243             0.0484059             0.997166              
98     0.0556035       0.0560366             0.0557398             0.0555085             0.0551291             0.99884               
99     0.0429362       0.0432127             0.0430233             0.0428756             0.0426331             0.999041              
100    0.0739978       0.0752437             0.0743862             0.0737217             0.0726394             0.997499              
101    0.0561096       0.0573488             0.0564939             0.0558336             0.0547621             0.996724              
102    0.0430426       0.0432927             0.0431215             0.0429879             0.0427684             0.999134              
103    0.0744774       0.0756085             0.0748306             0.0742272             0.0732433             0.997743              
104    0.0557702       0.0561622             0.0558937             0.0556843             0.0553408             0.998953              
105    0.0744774       0.0756085             0.0748306             0.0742272             0.0732433             0.997743              
106    1.9446e-06      1.46137e-06           1.79302e-06           2.05097e-06           2.47303e-06           1.03697               
107    0.0557702       0.0561622             0.0558937             0.0556843             0.0553408             0.998953              
108    0.0208965       0.0213959             0.0210512             0.0207852             0.0203539             0.996457              
109    0.0556035       0.0560366             0.0557398             0.0555085             0.0551291             0.99884               
110    0.0494338       0.0503776             0.0497274             0.0492243             0.0484059             0.997166              
111    0.0429362       0.0432127             0.0430233             0.0428756             0.0426331             0.999041              
112    0.0739978       0.0752437             0.0743862             0.0737217             0.0726394             0.997499              
113    0.0556035       0.0560366             0.0557398             0.0555085             0.0551291             0.99884               
114    0.0570443       0.0582885             0.0574299             0.0567671             0.0556919             0.996765              
115    0.0429362       0.0432127             0.0430233             0.0428756             0.0426331             0.999041              
116    0.0944156       0.0955706             0.0947771             0.0941608             0.0931538             0.998181              
117    0.0429362       0.0432127             0.0430233             0.0428756             0.0426331             0.999041              
118    0.0739978       0.0752437             0.0743862             0.0737217             0.0726394             0.997499              
119    0.0739978       0.0752437             0.0743862             0.0737217             0.0726394             0.997499              
120    0.0944156       0.0955706             0.0947771             0.0941608             0.0931538             0.998181              
121    0.0429362       0.0432127             0.0430233             0.0428756             0.0426331             0.999041              
122    0.0570443       0.0582885             0.0574299             0.0567671             0.0556919             0.996765              
123    0.0429362       0.0432127             0.0430233             0.0428756             0.0426331             0.999041              
124    0.0556035       0.0560366             0.0557398             0.0555085             0.0551291             0.99884               
125    0.0429362       0.0432127             0.0430233             0.0428756             0.0426331             0.999041              
126    0.0429362       0.0432127             0.0430233             0.0428756             0.0426331             0.999041              
127    0.0739978       0.0752437             0.0743862             0.0737217             0.0726394             0.997499              
128    0.0739978       0.0752437             0.0743862             0.0737217             0.0726394             0.997499              
129    0.0429362       0.0432127             0.0430233             0.0428756             0.0426331             0.999041              
130    0.0739978       0.0752437             0.0743862             0.0737217             0.0726394             0.997499              
131    3.20309e-05     2.44281e-05           2.97092e-05           3.37502e-05           4.02362e-05           1.03506               
132    0.0560988       0.0564094             0.0561968             0.0560309             0.0557584             0.999175              
133    0.0556035       0.0560366             0.0557398             0.0555085             0.0551291             0.99884               
134    0.0429362       0.0432127             0.0430233             0.0428756             0.0426331             0.999041              
135    0.0561096       0.0573488             0.0564939             0.0558336             0.0547621             0.996724              
136    0.0494338       0.0503776             0.0497274             0.0492243             0.0484059             0.997166              
137    0.0637655       0.0650779             0.0641728             0.0634734             0.0623379             0.996946              
138    0.0570443       0.0582885             0.0574299             0.0567671             0.0556919             0.996765              
139    0.0680108       0.0688953             0.0682876             0.0678156             0.0670448             0.998066              
140    0.0494338       0.0503776             0.0497274             0.0492243             0.0484059             0.997166              
141    0.0530153       0.0537384             0.0532415             0.0528556             0.0522258             0.997972              
142    0.0402665       0.0407707             0.0404244             0.0401553             0.0397156             0.998138              
143    0.0561096       0.0573488             0.0564939             0.0558336             0.0547621             0.996724              
144    0.0429362       0.0432127             0.0430233             0.0428756             0.0426331             0.999041              
145    0.0530153       0.0537384             0.0532415             0.0528556             0.0522258             0.997972              
146    0.0561096       0.0573488             0.0564939             0.0558336             0.0547621             0.996724              
147    0.0561096       0.0573488             0.0564939             0.0558336             0.0547621             0.996724              
148    0.0494338       0.0503776             0.0497274             0.0492243             0.0484059             0.997166              
149    0.0530153       0.0537384             0.0532415             0.0528556             0.0522258             0.997972              
150    0.0429362       0.0432127             0.0430233             0.0428756             0.0426331             0.999041              
151    0.0530153       0.0537384             0.0532415             0.0528556             0.0522258             0.997972              
152    0.0494338       0.0503776             0.0497274             0.0492243             0.0484059             0.997166              
153    0.0530153       0.0537384             0.0532415             0.0528556             0.0522258             0.997972              
154    0.0402665       0.0407707             0.0404244             0.0401553             0.0397156             0.998138              
155    0.0561096       0.0573488             0.0564939             0.0558336             0.0547621             0.996724              
156    0.0561096       0.0573488             0.0564939             0.0558336             0.0547621             0.996724              
157    0.0944156       0.0955706             0.0947771             0.0941608             0.0931538             0.998181              
158    0.0561096       0.0573488             0.0564939             0.0558336             0.0547621             0.996724              
159    0.0561096       0.0573488             0.0564939             0.0558336             0.0547621             0.996724              
160    0.0494338       0.0503776             0.0497274             0.0492243             0.0484059             0.997166              
161    2.08652e-05     1.57011e-05           1.92491e-05           2.20047e-05           2.65058e-05           1.0368                
162    0.020916        0.02127               0.0210264             0.0208377             0.0205301             0.997486              
163    0.0944156       0.0955706             0.0947771             0.0941608             0.0931538             0.998181              
164    0.0570443       0.0582885             0.0574299             0.0567671             0.0556919             0.996765              
165    0.0402665       0.0407707             0.0404244             0.0401553             0.0397156             0.998138              
166    0.0944156       0.0955706             0.0947771             0.0941608             0.0931538             0.998181              
167    0.039053        0.0397703             0.0392763             0.0388939             0.0382716             0.997273              
168    0.0561096       0.0573488             0.0564939             0.0558336             0.0547621             0.996724              
169    0.0561096       0.0573488             0.0564939             0.0558336             0.0547621             0.996724              
170    0.0377832       0.038514              0.0380106             0.037621              0.0369874             0.997129              
171    0.0561096       0.0573488             0.0564939             0.0558336             0.0547621             0.996724              
172    0.0377832       0.038514              0.0380106             0.037621              0.0369874             0.997129              
173    0.0530153       0.0537384             0.0532415             0.0528556             0.0522258             0.997972              
174    0.0570443       0.0582885             0.0574299             0.0567671             0.0556919             0.996765              
175    0.0608766       0.0617945             0.0611633             0.0606736             0.0598751             0.997759              
176    0.0402665       0.0407707             0.0404244             0.0401553             0.0397156             0.998138              
177    0.0208965       0.0213959             0.0210512             0.0207852             0.0203539             0.996457              
178    0.0122711       0.0124359             0.0123227             0.0122347             0.012091              0.998002              
179    0.0944156       0.0955706             0.0947771             0.0941608             0.0931538             0.998181              
180    0.0561096       0.0573488             0.0564939             0.0558336             0.0547621             0.996724              
181    0.0608766       0.0617945             0.0611633             0.0606736             0.0598751             0.997759              
182    0.0739978       0.0752437             0.0743862             0.0737217             0.0726394             0.997499              
183    0.0944156       0.0955706             0.0947771             0.0941608             0.0931538             0.998181              
184    0.0608766       0.0617945             0.0611633             0.0606736             0.0598751             0.997759              
185    0.0637655       0.0650779             0.0641728             0.0634734             0.0623379             0.996946              
186    0.0429362       0.0432127             0.0430233             0.0428756             0.0426331             0.999041              
187    0.0208965       0.0213959             0.0210512             0.0207852             0.0203539             0.996457              
188    0.0608766       0.0617945             0.0611633             0.0606736             0.0598751             0.997759              
189    0.0570443       0.0582885             0.0574299             0.0567671             0.0556919             0.996765              
190    0.0530153       0.0537384             0.0532415             0.0528556             0.0522258             0.997972              
191    0.0429362       0.0432127             0.0430233             0.0428756             0.0426331             0.999041              
192    0.0561096       0.0573488             0.0564939             0.0558336             0.0547621             0.996724              
193    0.0122711       0.0124359             0.0123227             0.0122347             0.012091              0.998002              
194    0.0530153       0.0537384             0.0532415             0.0528556             0.0522258             0.997972              
195    0.0208965       0.0213959             0.0210512             0.0207852             0.0203539             0.996457              
196    0.020916        0.02127               0.0210264             0.0208377             0.0205301             0.997486              
197    0.0944156       0.0955706             0.0947771             0.0941608             0.0931538             0.998181              
198    0.0570443       0.0582885             0.0574299             0.0567671             0.0556919             0.996765              
199    0.0944156       0.0955706             0.0947771             0.0941608             0.0931538             0.998181              
