Note : P(D|M) is the probability of site D given the model M (i.e., the site likelihood)
P(D|M,rr[x]) is the probability of site D given the model M and the relative rate
of evolution rr[x], where x is the class of rate to be considered.
We have P(D|M) = \sum_x P(x) x P(D|M,rr[x]).


Site   P(D|M)          P(D|M,rr[1]=0.0003)   P(D|M,rr[2]=0.0258)   P(D|M,rr[3]=0.3443)   P(D|M,rr[4]=3.6296)   Posterior mean        
1      0.0165053       0.0229464             0.0225656             0.0183086             0.00220049            0.225373              
2      0.0302625       0.0407603             0.0402114             0.0339468             0.00613145            0.289069              
3      0.0565422       0.0715781             0.0709268             0.0632856             0.0203785             0.431562              
4      0.000671789     9.43488e-07           7.79076e-05           0.000870257           0.00173805            2.45988               
5      0.0455393       0.0621455             0.0611989             0.0505738             0.0082391             0.268526              
6      0.0600231       0.0790547             0.0781256             0.0674137             0.0154983             0.33946               
7      0.0485381       0.0573332             0.0570204             0.0532524             0.0265464             0.598373              
8      0.079114        0.0990707             0.0982213             0.0882359             0.030928              0.458828              
9      0.0565422       0.0715781             0.0709268             0.0632856             0.0203785             0.431562              
10     0.0438589       0.0559345             0.055401              0.049159              0.0149408             0.41383               
11     0.0335701       0.0422975             0.0419271             0.0375682             0.0124876             0.442013              
12     0.0396661       0.0532784             0.0525695             0.0444775             0.00833885            0.29592               
13     0.0335701       0.0422975             0.0419271             0.0375682             0.0124876             0.442013              
14     0.0600231       0.0790547             0.0781256             0.0674137             0.0154983             0.33946               
15     0.0335701       0.0422975             0.0419271             0.0375682             0.0124876             0.442013              
16     0.0565422       0.0715781             0.0709268             0.0632856             0.0203785             0.431562              
17     0.000369988     3.38231e-07           2.80747e-05           0.000334229           0.00111731            2.81847               
18     0.0417359       0.053046              0.0525515             0.0467571             0.0145893             0.421836              
19     0.0510937       0.0691349             0.0681407             0.056915              0.0101843             0.28545               
20     0.0565422       0.0715781             0.0709268             0.0632856             0.0203785             0.431562              
21     0.0165053       0.0229464             0.0225656             0.0183086             0.00220049            0.225373              
22     0.0302625       0.0407603             0.0402114             0.0339468             0.00613145            0.289069              
23     0.000956432     9.25222e-07           7.67613e-05           0.00090842            0.00283962            2.77633               
24     0.0485381       0.0573332             0.0570204             0.0532524             0.0265464             0.598373              
25     0.000328743     3.6481e-07            3.02325e-05           0.000352675           0.000931698           2.66463               
26     0.0485381       0.0573332             0.0570204             0.0532524             0.0265464             0.598373              
27     0.000533132     4.39804e-07           3.65427e-05           0.000440543           0.001655              2.88842               
28     0.079114        0.0990707             0.0982213             0.0882359             0.030928              0.458828              
29     0.0381255       0.0440376             0.0438389             0.0414289             0.0231964             0.653118              
30     0.0335701       0.0422975             0.0419271             0.0375682             0.0124876             0.442013              
31     4.97944e-05     4.53626e-08           3.76588e-06           4.49128e-05           0.000150454           2.81984               
32     0.0485381       0.0573332             0.0570204             0.0532524             0.0265464             0.598373              
33     0.0165053       0.0229464             0.0225656             0.0183086             0.00220049            0.225373              
34     0.0417359       0.053046              0.0525515             0.0467571             0.0145893             0.421836              
35     0.0498975       0.0645917             0.0639111             0.0560021             0.0150852             0.379289              
36     0.0446106       0.0611855             0.0602446             0.0496602             0.00735223            0.254175              
37     0.000527185     3.79077e-07           3.15377e-05           0.000386352           0.00169047            2.97315               
38     0.0446106       0.0611855             0.0602446             0.0496602             0.00735223            0.254175              
39     0.0600231       0.0790547             0.0781256             0.0674137             0.0154983             0.33946               
40     0.0510937       0.0691349             0.0681407             0.056915              0.0101843             0.28545               
41     0.0101341       0.0129355             0.0128143             0.0113904             0.00339639            0.409102              
42     0.0314145       0.0419705             0.0414333             0.0352777             0.00697644            0.306777              
43     0.0335701       0.0422975             0.0419271             0.0375682             0.0124876             0.442013              
44     0.0335701       0.0422975             0.0419271             0.0375682             0.0124876             0.442013              
45     0.000175662     1.93082e-07           1.5998e-05            0.000186258           0.000500197           2.67569               
46     0.0498975       0.0645917             0.0639111             0.0560021             0.0150852             0.379289              
47     0.0485381       0.0573332             0.0570204             0.0532524             0.0265464             0.598373              
48     0.079114        0.0990707             0.0982213             0.0882359             0.030928              0.458828              
49     0.0101341       0.0129355             0.0128143             0.0113904             0.00339639            0.409102              
50     0.0565422       0.0715781             0.0709268             0.0632856             0.0203785             0.431562              
51     0.0498975       0.0645917             0.0639111             0.0560021             0.0150852             0.379289              
52     0.0485381       0.0573332             0.0570204             0.0532524             0.0265464             0.598373              
53     0.0498975       0.0645917             0.0639111             0.0560021             0.0150852             0.379289              
54     4.52285e-05     3.44908e-08           2.86717e-06           3.47812e-05           0.000143231           2.9402                
55     0.0101341       0.0129355             0.0128143             0.0113904             0.00339639            0.409102              
56     0.0381255       0.0440376             0.0438389             0.0414289             0.0231964             0.653118              
57     0.0335701       0.0422975             0.0419271             0.0375682             0.0124876             0.442013              
58     0.0438589       0.0559345             0.055401              0.049159              0.0149408             0.41383               
59     0.0169219       0.0223518             0.0220882             0.0190443             0.00420326            0.330777              
60     0.00089461      8.05999e-07           6.69127e-05           0.00079823            0.00271249            2.82857               
61     0.000143871     1.32011e-07           1.0957e-05            0.00013037            0.000434023           2.81591               
62     2.03973e-07     1.35877e-14           9.47807e-11           1.5672e-08            8.00125e-07           3.56609               
63     3.95867e-05     2.95185e-08           2.4548e-06            2.99183e-05           0.000125944           2.95234               
64     0.0498975       0.0645917             0.0639111             0.0560021             0.0150852             0.379289              
65     2.39298e-05     7.53372e-08           6.15637e-06           6.03071e-05           2.91803e-05           1.32509               
66     0.0474137       0.0691268             0.0674754             0.0499926             0.00305988            0.1586                
67     0.0474137       0.0691268             0.0674754             0.0499926             0.00305988            0.1586                
68     0.00937966      0.0129345             0.0127328             0.0104599             0.00139143            0.239452              
69     0.0462063       0.0645862             0.063454              0.0509074             0.00587744            0.219212              
70     0.0156895       0.0223496             0.0219114             0.017108              0.00138914            0.183308              
71     0.0096806       0.0120648             0.0119684             0.0108259             0.00386318            0.466435              
72     0.0732576       0.0990638             0.09765               0.0816698             0.0146468             0.286076              
73     0.0405979       0.0559302             0.0550425             0.0450936             0.00632536            0.245828              
74     0.0451884       0.0573307             0.0568095             0.050684              0.0159293             0.424612              
75     0.0732576       0.0990638             0.09765               0.0816698             0.0146468             0.286076              
76     0.00937966      0.0129345             0.0127328             0.0104599             0.00139143            0.239452              
77     0.0462063       0.0645862             0.063454              0.0509074             0.00587744            0.219212              
78     0.0462063       0.0645862             0.063454              0.0509074             0.00587744            0.219212              
79     0.0451884       0.0573307             0.0568095             0.050684              0.0159293             0.424612              
80     0.0386313       0.053042              0.0522191             0.0429741             0.00629023            0.252318              
81     3.26285e-08     8.96374e-15           6.18683e-11           8.96368e-09           1.21489e-07           3.40227               
82     0.00937966      0.0129345             0.0127328             0.0104599             0.00139143            0.239452              
83     0.0462063       0.0645862             0.063454              0.0509074             0.00587744            0.219212              
84     0.0310742       0.0422945             0.041678              0.0347038             0.00562027            0.268997              
85     0.0732576       0.0990638             0.09765               0.0816698             0.0146468             0.286076              
86     0.0156895       0.0223496             0.0219114             0.017108              0.00138914            0.183308              
87     0.0281009       0.0407558             0.0398437             0.0300357             0.00176821            0.158348              
88     0.0255755       0.0341497             0.0337106             0.0286871             0.00575441            0.309308              
89     0.0386313       0.053042              0.0522191             0.0429741             0.00629023            0.252318              
90     0.000117982     4.55133e-11           3.13049e-07           4.34813e-05           0.000428135           3.32453               
91     0.0368182       0.0532726             0.0520947             0.0394185             0.00248696            0.162676              
92     0.0405979       0.0559302             0.0550425             0.0450936             0.00632536            0.245828              
93     0.0153666       0.0229433             0.0223112             0.0157404             0.000471498           0.125483              
94     0.0356593       0.044036              0.0437048             0.0397685             0.0151279             0.48894               
95     0.000189263     3.67396e-07           3.02517e-05           0.00032581            0.000400625           2.06996               
96     0.00937966      0.0129345             0.0127328             0.0104599             0.00139143            0.239452              
97     0.0255755       0.0341497             0.0337106             0.0286871             0.00575441            0.309308              
98     0.0310742       0.0422945             0.041678              0.0347038             0.00562027            0.268997              
99     0.0255755       0.0341497             0.0337106             0.0286871             0.00575441            0.309308              
100    0.0414675       0.0611779             0.0596154             0.043195              0.00188161            0.140213              
101    0.000245716     4.71238e-07           3.87933e-05           0.000416806           0.000526793           2.09242               
102    0.0310742       0.0422945             0.041678              0.0347038             0.00562027            0.268997              
103    0.0451884       0.0573307             0.0568095             0.050684              0.0159293             0.424612              
104    0.0386313       0.053042              0.0522191             0.0429741             0.00629023            0.252318              
105    0.00937966      0.0129345             0.0127328             0.0104599             0.00139143            0.239452              
106    0.000112104     3.13959e-07           2.56992e-05           0.000257252           0.000165152           1.53579               
107    0.0291494       0.0419661             0.0410733             0.0314067             0.00215143            0.168905              
108    0.0462063       0.0645862             0.063454              0.0509074             0.00587744            0.219212              
109    0.0523383       0.0715728             0.0704889             0.0582855             0.00900616            0.260783              
110    0.00937966      0.0129345             0.0127328             0.0104599             0.00139143            0.239452              
111    5.13664e-09     5.29769e-20           3.08192e-14           6.43814e-11           2.04822e-08           3.61931               
112    0.0310742       0.0422945             0.041678              0.0347038             0.00562027            0.268997              
113    0.0732576       0.0990638             0.09765               0.0816698             0.0146468             0.286076              
114    0.0156895       0.0223496             0.0219114             0.017108              0.00138914            0.183308              
115    0.0474137       0.0691268             0.0674754             0.0499926             0.00305988            0.1586                
116    0.0462063       0.0645862             0.063454              0.0509074             0.00587744            0.219212              
117    0.0356593       0.044036              0.0437048             0.0397685             0.0151279             0.48894               
118    0.0556316       0.0790471             0.0775024             0.0606031             0.00537386            0.190507              
119    0.000246635     3.69126e-07           3.04867e-05           0.000341056           0.000614629           2.38113               
120    0.0462063       0.0645862             0.063454              0.0509074             0.00587744            0.219212              
121    0.0414675       0.0611779             0.0596154             0.043195              0.00188161            0.140213              
122    8.95567e-05     1.95258e-07           1.60504e-05           0.000169254           0.000172727           1.91393               
123    0.0386313       0.053042              0.0522191             0.0429741             0.00629023            0.252318              
124    0.00937966      0.0129345             0.0127328             0.0104599             0.00139143            0.239452              
125    0.0356593       0.044036              0.0437048             0.0397685             0.0151279             0.48894               
126    0.0096806       0.0120648             0.0119684             0.0108259             0.00386318            0.466435              
127    0.0255755       0.0341497             0.0337106             0.0286871             0.00575441            0.309308              
128    0.0386313       0.053042              0.0522191             0.0429741             0.00629023            0.252318              
129    0.0281009       0.0407558             0.0398437             0.0300357             0.00176821            0.158348              
130    0.0451884       0.0573307             0.0568095             0.050684              0.0159293             0.424612              
131    0.0310742       0.0422945             0.041678              0.0347038             0.00562027            0.268997              
132    0.00937966      0.0129345             0.0127328             0.0104599             0.00139143            0.239452              
133    0.0462063       0.0645862             0.063454              0.0509074             0.00587744            0.219212              
134    0.0386313       0.053042              0.0522191             0.0429741             0.00629023            0.252318              
135    0.0742821       0.0790643             0.0789277             0.0772392             0.061897              0.852543              
136    4.38756e-06     3.97887e-09           3.30345e-07           3.94408e-06           1.32718e-05           2.82265               
137    0.0356593       0.044036              0.0437048             0.0397685             0.0151279             0.48894               
138    0.0732576       0.0990638             0.09765               0.0816698             0.0146468             0.286076              
139    0.00937966      0.0129345             0.0127328             0.0104599             0.00139143            0.239452              
140    0.0462063       0.0645862             0.063454              0.0509074             0.00587744            0.219212              
141    0.0255755       0.0341497             0.0337106             0.0286871             0.00575441            0.309308              
142    0.0405979       0.0559302             0.0550425             0.0450936             0.00632536            0.245828              
143    0.0156895       0.0223496             0.0219114             0.017108              0.00138914            0.183308              
144    0.0474137       0.0691268             0.0674754             0.0499926             0.00305988            0.1586                
145    0.0356593       0.044036              0.0437048             0.0397685             0.0151279             0.48894               
146    0.0405979       0.0559302             0.0550425             0.0450936             0.00632536            0.245828              
147    0.0422807       0.0621377             0.060566              0.0440833             0.00233564            0.149215              
148    0.0153666       0.0229433             0.0223112             0.0157404             0.000471498           0.125483              
149    0.00937966      0.0129345             0.0127328             0.0104599             0.00139143            0.239452              
150    0.0732576       0.0990638             0.09765               0.0816698             0.0146468             0.286076              
151    0.0291494       0.0419661             0.0410733             0.0314067             0.00215143            0.168905              
152    0.0255755       0.0341497             0.0337106             0.0286871             0.00575441            0.309308              
153    0.0732576       0.0990638             0.09765               0.0816698             0.0146468             0.286076              
154    0.0474137       0.0691268             0.0674754             0.0499926             0.00305988            0.1586                
155    0.0451884       0.0573307             0.0568095             0.050684              0.0159293             0.424612              
156    0.0310742       0.0422945             0.041678              0.0347038             0.00562027            0.268997              
157    0.00937966      0.0129345             0.0127328             0.0104599             0.00139143            0.239452              
158    0.0356593       0.044036              0.0437048             0.0397685             0.0151279             0.48894               
159    0.0523383       0.0715728             0.0704889             0.0582855             0.00900616            0.260783              
160    0.0451884       0.0573307             0.0568095             0.050684              0.0159293             0.424612              
161    0.0356593       0.044036              0.0437048             0.0397685             0.0151279             0.48894               
162    0.0462063       0.0645862             0.063454              0.0509074             0.00587744            0.219212              
163    1.72068e-05     2.58637e-08           2.13688e-06           2.40009e-05           4.26635e-05           2.37073               
164    1.31816e-06     3.40877e-13           2.35062e-09           3.37281e-07           4.93299e-06           3.41785               
165    2.23263e-05     3.18168e-08           2.62875e-06           2.95478e-05           5.70969e-05           2.43525               
166    0.000256594     2.28193e-07           1.90186e-05           0.000236129           0.000771              2.80621               
167    2.07765e-06     4.89466e-13           3.38149e-09           4.95796e-07           7.81142e-06           3.43215               
168    2.47011e-07     8.40486e-15           5.90845e-11           1.07054e-08           9.7728e-07            3.5938                
169    0.0565047       0.0611953             0.0610567             0.0593503             0.0444166             0.810738              
170    0.0946014       0.0990795             0.0989547             0.0974088             0.0829626             0.891217              
171    2.06929e-05     8.33601e-09           6.96892e-07           9.06975e-06           7.29968e-05           3.23892               
172    0.000245771     8.94929e-08           7.48145e-06           9.83701e-05           0.000877142           3.27312               
173    0.0556296       0.0573364             0.0572906             0.05672               0.0511714             0.929163              
174    0.042945        0.0440396             0.0440105             0.0436479             0.0400818             0.941074              
175    0.0556296       0.0573364             0.0572906             0.05672               0.0511714             0.929163              
176    0.057459        0.0621553             0.0620159             0.0603001             0.0453647             0.813779              
177    0.0379753       0.040766              0.0406852             0.0396884             0.0307615             0.831979              
178    0.0209933       0.0223545             0.0223158             0.0218366             0.0174663             0.85142               
179    0.0946014       0.0990795             0.0989547             0.0974088             0.0829626             0.891217              
180    0.0946014       0.0990795             0.0989547             0.0974088             0.0829626             0.891217              
181    9.66391e-06     5.94645e-13           4.15215e-09           6.96184e-07           3.79553e-05           3.57006               
182    6.66403e-09     3.81516e-20           2.22977e-14           4.93298e-11           2.66068e-08           3.62353               
183    7.09687e-07     2.61882e-14           1.84121e-10           3.33666e-08           2.8052e-06            3.59076               
184    5.55099e-09     5.85377e-20           3.40578e-14           7.12162e-11           2.21327e-08           3.61907               
185    2.62135e-05     3.42048e-08           2.83036e-06           3.23896e-05           6.95998e-05           2.51631               
186    0.0740997       0.099065              0.0977482             0.0827718             0.016814              0.310652              
187    0.000133498     5.61931e-08           4.7038e-06            6.20501e-05           0.000467183           3.21573               
188    1.08382e-09     9.38028e-21           5.46218e-15           1.15784e-11           4.3237e-09            3.62083               
189    7.91113e-05     6.19944e-08           5.15423e-06           6.26092e-05           0.00024862            2.9202                
190    4.71138e-12     1.05346e-23           6.22479e-18           1.56621e-14           1.88298e-11           3.62688               
191    3.3991e-08      9.05287e-19           5.22919e-13           9.99815e-10           1.34964e-07           3.60544               
192    3.35594e-09     5.50919e-24           2.67153e-16           7.02011e-12           1.34167e-08           3.62789               
193    2.11198e-08     1.47751e-15           1.04348e-11           1.93243e-09           8.25364e-08           3.55402               
194    0.0565047       0.0611953             0.0610567             0.0593503             0.0444166             0.810738              
195    0.0742821       0.0790643             0.0789277             0.0772392             0.061897              0.852543              
196    0.0122965       0.0129368             0.012919              0.0126982             0.010632              0.880311              
197    0.0565047       0.0611953             0.0610567             0.0593503             0.0444166             0.810738              
198    0.042945        0.0440396             0.0440105             0.0436479             0.0400818             0.941074              
199    0.0742821       0.0790643             0.0789277             0.0772392             0.061897              0.852543              
200    0.0117479       0.0120659             0.0120574             0.0119519             0.0109164             0.937441              
201    0.0556296       0.0573364             0.0572906             0.05672               0.0511714             0.929163              
202    0.0565047       0.0611953             0.0610567             0.0593503             0.0444166             0.810738              
203    0.0556296       0.0573364             0.0572906             0.05672               0.0511714             0.929163              
204    0.0641745       0.0691452             0.0689988             0.0671957             0.0513584             0.823327              
205    0.0610607       0.0645988             0.0644987             0.0632609             0.0518843             0.867101              
206    3.77021e-05     1.24255e-08           1.03954e-06           1.37998e-05           0.000135957           3.30385               
207    0.0531415       0.0559401             0.0558617             0.0548909             0.0458735             0.879064              
208    0.0742821       0.0790643             0.0789277             0.0772392             0.061897              0.852543              
209    0.0122965       0.0129368             0.012919              0.0126982             0.010632              0.880311              
210    2.56373e-05     9.69644e-09           8.1103e-07            1.06215e-05           9.1107e-05            3.26049               
211    0.0496825       0.0532857             0.0531814             0.0518942             0.0403686             0.834183              
212    0.0556296       0.0573364             0.0572906             0.05672               0.0511714             0.929163              
213    0.000104603     3.5805e-08            2.99463e-06           3.96058e-05           0.000375777           3.29253               
214    0.0946014       0.0990795             0.0989547             0.0974088             0.0829626             0.891217              
215    0.0122965       0.0129368             0.012919              0.0126982             0.010632              0.880311              
216    0.0379753       0.040766              0.0406852             0.0396884             0.0307615             0.831979              
Note : P(D|M) is the probability of site D given the model M (i.e., the site likelihood)
P(D|M,rr[x]) is the probability of site D given the model M and the relative rate
of evolution rr[x], where x is the class of rate to be considered.
We have P(D|M) = \sum_x P(x) x P(D|M,rr[x]).


Site   P(D|M)          P(D|M,rr[1]=0.0000)   P(D|M,rr[2]=0.0069)   P(D|M,rr[3]=0.2022)   P(D|M,rr[4]=3.7908)   Posterior mean        
1      0.0139736       0.0229491             0.0223476             0.0105977             1.23453e-07           0.0411328             
2      0.0256171       0.0407642             0.0398962             0.0218059             1.92363e-06           0.0458145             
3      0.0473197       0.0715827             0.0705515             0.0470296             0.000115128           0.0551439             
4      0.000270524     2.10756e-07           6.49231e-05           0.00100217            1.47923e-05           0.239503              
5      0.0384319       0.0621522             0.0606564             0.0309007             1.81318e-05           0.0438416             
6      0.0506441       0.0790613             0.0775915             0.0459013             2.22714e-05           0.0489025             
7      0.0398405       0.0573354             0.0568397             0.0445297             0.000657224           0.0746195             
8      0.0659962       0.0990767             0.0977317             0.0668019             0.000374356           0.0591234             
9      0.0473197       0.0715827             0.0705515             0.0470296             0.000115128           0.0551439             
10     0.0367736       0.0559383             0.0550937             0.0360028             5.9526e-05            0.0536351             
11     0.0280724       0.0423001             0.0417137             0.0282111             6.47379e-05           0.0555745             
12     0.0335521       0.0532834             0.0521625             0.0287584             4.0016e-06            0.04615               
13     0.0280724       0.0423001             0.0417137             0.0282111             6.47379e-05           0.0555745             
14     0.0506441       0.0790613             0.0775915             0.0459013             2.22714e-05           0.0489025             
15     0.0280724       0.0423001             0.0417137             0.0282111             6.47379e-05           0.0555745             
16     0.0473197       0.0715827             0.0705515             0.0470296             0.000115128           0.0551439             
17     0.000151479     9.12843e-08           2.83609e-05           0.000551301           2.61627e-05           0.347984              
18     0.034966        0.0530495             0.0522666             0.0344851             6.26959e-05           0.0541588             
19     0.0431185       0.0691419             0.0675704             0.0357385             2.29017e-05           0.0451323             
20     0.0473197       0.0715827             0.0705515             0.0470296             0.000115128           0.0551439             
21     0.0139736       0.0229491             0.0223476             0.0105977             1.23453e-07           0.0411328             
22     0.0256171       0.0407642             0.0398962             0.0218059             1.92363e-06           0.0458145             
23     0.000390235     2.49706e-07           7.74678e-05           0.00144561            3.76062e-05           0.278936              
24     0.0398405       0.0573354             0.0568397             0.0445297             0.000657224           0.0746195             
25     0.000144705     9.84587e-08           3.04945e-05           0.000542318           5.91083e-06           0.228526              
26     0.0398405       0.0573354             0.0568397             0.0445297             0.000657224           0.0746195             
27     0.000212667     1.18697e-07           3.69238e-05           0.000743818           6.98075e-05           0.488187              
28     0.0659962       0.0990767             0.0977317             0.0668019             0.000374356           0.0591234             
29     0.0311118       0.044039              0.0437241             0.0357236             0.000960583           0.0897527             
30     0.0280724       0.0423001             0.0417137             0.0282111             6.47379e-05           0.0555745             
31     2.34207e-05     1.22429e-08           3.81702e-06           8.16727e-05           8.18099e-06           0.507601              
32     0.0398405       0.0573354             0.0568397             0.0445297             0.000657224           0.0746195             
33     0.0139736       0.0229491             0.0223476             0.0105977             1.23453e-07           0.0411328             
34     0.034966        0.0530495             0.0522666             0.0344851             6.26959e-05           0.0541588             
35     0.0419656       0.0645965             0.0635194             0.0397003             4.61378e-05           0.0515008             
36     0.0377335       0.0611922             0.0597053             0.030033              3.42819e-06           0.0430774             
37     0.000171116     1.02305e-07           3.17873e-05           0.000618903           3.36695e-05           0.369632              
38     0.0377335       0.0611922             0.0597053             0.030033              3.42819e-06           0.0430774             
39     0.0506441       0.0790613             0.0775915             0.0459013             2.22714e-05           0.0489025             
40     0.0431185       0.0691419             0.0675704             0.0357385             2.29017e-05           0.0451323             
41     0.00851243      0.0129364             0.0127444             0.00836452            4.36452e-06           0.0527665             
42     0.0265698       0.0419743             0.0411248             0.023177              3.27194e-06           0.0469089             
43     0.0280724       0.0423001             0.0417137             0.0282111             6.47379e-05           0.0555745             
44     0.0280724       0.0423001             0.0417137             0.0282111             6.47379e-05           0.0555745             
45     6.27539e-05     4.31295e-08           1.33507e-05           0.000234158           3.46385e-06           0.241302              
46     0.0419656       0.0645965             0.0635194             0.0397003             4.61378e-05           0.0515008             
47     0.0398405       0.0573354             0.0568397             0.0445297             0.000657224           0.0746195             
48     0.0659962       0.0990767             0.0977317             0.0668019             0.000374356           0.0591234             
49     0.00851243      0.0129364             0.0127444             0.00836452            4.36452e-06           0.0527665             
50     0.0473197       0.0715827             0.0705515             0.0470296             0.000115128           0.0551439             
51     0.0419656       0.0645965             0.0635194             0.0397003             4.61378e-05           0.0515008             
52     0.0398405       0.0573354             0.0568397             0.0445297             0.000657224           0.0746195             
53     0.0419656       0.0645965             0.0635194             0.0397003             4.61378e-05           0.0515008             
54     1.46654e-05     7.70418e-09           2.39715e-06           4.86522e-05           7.60438e-06           0.659395              
55     0.00851243      0.0129364             0.0127444             0.00836452            4.36452e-06           0.0527665             
56     0.0311118       0.044039              0.0437241             0.0357236             0.000960583           0.0897527             
57     0.0280724       0.0423001             0.0417137             0.0282111             6.47379e-05           0.0555745             
58     0.0367736       0.0559383             0.0550937             0.0360028             5.9526e-05            0.0536351             
59     0.0143027       0.0223537             0.0219367             0.0129188             1.6291e-06            0.0484396             
60     0.000356866     2.17529e-07           6.75783e-05           0.00131043            4.92427e-05           0.316722              
61     4.77549e-05     2.94874e-08           9.15644e-06           0.000175312           6.52172e-06           0.315332              
62     1.03046e-07     2.92734e-21           9.06476e-14           1.77684e-09           4.10408e-07           3.77536               
63     1.18717e-05     6.59349e-09           2.05144e-06           4.14954e-05           3.93347e-06           0.490993              
64     0.0419656       0.0645965             0.0635194             0.0397003             4.61378e-05           0.0515008             
65     3.29354e-05     2.69882e-08           8.30514e-06           0.000123345           6.44594e-08           0.191606              
66     0.0429772       0.0691418             0.0675381             0.0352203             8.75554e-06           0.0443577             
67     0.0429772       0.0691418             0.0675381             0.0352203             8.75554e-06           0.0443577             
68     0.0084924       0.0129364             0.0127405             0.00828915            3.62348e-06           0.0523587             
69     0.0418527       0.0645965             0.0634972             0.03929               2.73146e-05           0.0507169             
70     0.0142636       0.0223536             0.0219281             0.0127717             1.17339e-06           0.0480195             
71     0.0084582       0.0120657             0.0119721             0.00961429            0.000180658           0.0801678             
72     0.0658142       0.0990766             0.097704              0.0662339             0.000242478           0.0569509             
73     0.0366803       0.0559382             0.0550763             0.0356665             4.02597e-05           0.0528095             
74     0.0397603       0.0573354             0.0568294             0.044295              0.000581305           0.0726616             
75     0.0658142       0.0990766             0.097704              0.0662339             0.000242478           0.0569509             
76     0.0084924       0.0129364             0.0127405             0.00828915            3.62348e-06           0.0523587             
77     0.0418527       0.0645965             0.0634972             0.03929               2.73146e-05           0.0507169             
78     0.0418527       0.0645965             0.0634972             0.03929               2.73146e-05           0.0507169             
79     0.0397603       0.0573354             0.0568294             0.044295              0.000581305           0.0726616             
80     0.0348785       0.0530494             0.0522505             0.0341705             4.35824e-05           0.0533186             
81     6.53866e-09     4.34721e-16           4.23801e-11           2.24751e-08           3.6372e-09            0.700937              
82     0.0084924       0.0129364             0.0127405             0.00828915            3.62348e-06           0.0523587             
83     0.0418527       0.0645965             0.0634972             0.03929               2.73146e-05           0.0507169             
84     0.0280045       0.0423001             0.0417016             0.0279703             4.60806e-05           0.0546425             
85     0.0658142       0.0990766             0.097704              0.0662339             0.000242478           0.0569509             
86     0.0142636       0.0223536             0.0219281             0.0127717             1.17339e-06           0.0480195             
87     0.0255412       0.0407641             0.0398784             0.0215212             1.02035e-06           0.0453523             
88     0.0229196       0.0341536             0.0337274             0.0237216             7.57932e-05           0.0580171             
89     0.0348785       0.0530494             0.0522505             0.0341705             4.35824e-05           0.0533186             
90     5.48546e-07     9.33167e-24           9.03677e-14           3.82427e-08           2.15594e-06           3.72828               
91     0.0334525       0.0532833             0.0521395             0.0283852             2.10845e-06           0.0456686             
92     0.0366803       0.0559382             0.0550763             0.0356665             4.02597e-05           0.0528095             
93     0.013928        0.022949              0.0223352             0.0104275             4.86487e-08           0.0406433             
94     0.0310511       0.044039              0.0437175             0.0355685             0.000879264           0.0871935             
95     0.000196364     1.31604e-07           4.07838e-05           0.000737467           7.07229e-06           0.224341              
96     0.0084924       0.0129364             0.0127405             0.00828915            3.62348e-06           0.0523587             
97     0.0229196       0.0341536             0.0337274             0.0237216             7.57932e-05           0.0580171             
98     0.0280045       0.0423001             0.0417016             0.0279703             4.60806e-05           0.0546425             
99     0.0229196       0.0341536             0.0337274             0.0237216             7.57932e-05           0.0580171             
100    0.0376119       0.0611921             0.0596748             0.0295793             1.25808e-06           0.0425508             
101    0.000158266     1.05271e-07           3.26221e-05           0.00059025            1.00885e-05           0.249294              
102    0.0280045       0.0423001             0.0417016             0.0279703             4.60806e-05           0.0546425             
103    0.0397603       0.0573354             0.0568294             0.044295              0.000581305           0.0726616             
104    0.0348785       0.0530494             0.0522505             0.0341705             4.35824e-05           0.0533186             
105    0.0084924       0.0129364             0.0127405             0.00828915            3.62348e-06           0.0523587             
106    0.000142333     1.12469e-07           3.46535e-05           0.000533797           7.67273e-07           0.195113              
107    0.0264931       0.0419742             0.0411073             0.0228889             1.86675e-06           0.0464437             
108    0.0418527       0.0645965             0.0634972             0.03929               2.73146e-05           0.0507169             
109    0.0472002       0.0715826             0.0705303             0.0466101             7.77061e-05           0.0540821             
110    0.0084924       0.0129364             0.0127405             0.00828915            3.62348e-06           0.0523587             
111    7.90007e-12     9.1242e-27            5.85108e-20           2.38155e-14           3.15765e-11           3.78813               
112    0.0280045       0.0423001             0.0417016             0.0279703             4.60806e-05           0.0546425             
113    0.0658142       0.0990766             0.097704              0.0662339             0.000242478           0.0569509             
114    0.0142636       0.0223536             0.0219281             0.0127717             1.17339e-06           0.0480195             
115    0.0429772       0.0691418             0.0675381             0.0352203             8.75554e-06           0.0443577             
116    0.0418527       0.0645965             0.0634972             0.03929               2.73146e-05           0.0507169             
117    0.0310511       0.044039              0.0437175             0.0355685             0.000879264           0.0871935             
118    0.0505021       0.0790612             0.0775612             0.0453737             1.22776e-05           0.0483233             
119    0.000131324     7.88342e-08           2.45061e-05           0.000483128           1.75839e-05           0.313188              
120    0.0418527       0.0645965             0.0634972             0.03929               2.73146e-05           0.0507169             
121    0.0376119       0.0611921             0.0596748             0.0295793             1.25808e-06           0.0425508             
122    9.99629e-05     6.99441e-08           2.16455e-05           0.000376282           1.8542e-06            0.208237              
123    0.0348785       0.0530494             0.0522505             0.0341705             4.35824e-05           0.0533186             
124    0.0084924       0.0129364             0.0127405             0.00828915            3.62348e-06           0.0523587             
125    0.0310511       0.044039              0.0437175             0.0355685             0.000879264           0.0871935             
126    0.0084582       0.0120657             0.0119721             0.00961429            0.000180658           0.0801678             
127    0.0229196       0.0341536             0.0337274             0.0237216             7.57932e-05           0.0580171             
128    0.0348785       0.0530494             0.0522505             0.0341705             4.35824e-05           0.0533186             
129    0.0255412       0.0407641             0.0398784             0.0215212             1.02035e-06           0.0453523             
130    0.0397603       0.0573354             0.0568294             0.044295              0.000581305           0.0726616             
131    0.0280045       0.0423001             0.0417016             0.0279703             4.60806e-05           0.0546425             
132    0.0084924       0.0129364             0.0127405             0.00828915            3.62348e-06           0.0523587             
133    0.0418527       0.0645965             0.0634972             0.03929               2.73146e-05           0.0507169             
134    0.0348785       0.0530494             0.0522505             0.0341705             4.35824e-05           0.0533186             
135    0.0722776       0.0790658             0.0790092             0.0774293             0.0536059             0.758942              
136    4.71808e-06     1.66607e-09           5.20869e-07           1.20544e-05           6.2954e-06            1.39388               
137    0.0310511       0.044039              0.0437175             0.0355685             0.000879264           0.0871935             
138    0.0658142       0.0990766             0.097704              0.0662339             0.000242478           0.0569509             
139    0.0084924       0.0129364             0.0127405             0.00828915            3.62348e-06           0.0523587             
140    0.0418527       0.0645965             0.0634972             0.03929               2.73146e-05           0.0507169             
141    0.0229196       0.0341536             0.0337274             0.0237216             7.57932e-05           0.0580171             
142    0.0366803       0.0559382             0.0550763             0.0356665             4.02597e-05           0.0528095             
143    0.0142636       0.0223536             0.0219281             0.0127717             1.17339e-06           0.0480195             
144    0.0429772       0.0691418             0.0675381             0.0352203             8.75554e-06           0.0443577             
145    0.0310511       0.044039              0.0437175             0.0355685             0.000879264           0.0871935             
146    0.0366803       0.0559382             0.0550763             0.0356665             4.02597e-05           0.0528095             
147    0.0383025       0.0621521             0.0606256             0.0304258             6.32765e-06           0.0430695             
148    0.013928        0.022949              0.0223352             0.0104275             4.86487e-08           0.0406433             
149    0.0084924       0.0129364             0.0127405             0.00828915            3.62348e-06           0.0523587             
150    0.0658142       0.0990766             0.097704              0.0662339             0.000242478           0.0569509             
151    0.0264931       0.0419742             0.0411073             0.0228889             1.86675e-06           0.0464437             
152    0.0229196       0.0341536             0.0337274             0.0237216             7.57932e-05           0.0580171             
153    0.0658142       0.0990766             0.097704              0.0662339             0.000242478           0.0569509             
154    0.0429772       0.0691418             0.0675381             0.0352203             8.75554e-06           0.0443577             
155    0.0397603       0.0573354             0.0568294             0.044295              0.000581305           0.0726616             
156    0.0280045       0.0423001             0.0417016             0.0279703             4.60806e-05           0.0546425             
157    0.0084924       0.0129364             0.0127405             0.00828915            3.62348e-06           0.0523587             
158    0.0310511       0.044039              0.0437175             0.0355685             0.000879264           0.0871935             
159    0.0472002       0.0715826             0.0705303             0.0466101             7.77061e-05           0.0540821             
160    0.0397603       0.0573354             0.0568294             0.044295              0.000581305           0.0726616             
161    0.0310511       0.044039              0.0437175             0.0355685             0.000879264           0.0871935             
162    0.0418527       0.0645965             0.0634972             0.03929               2.73146e-05           0.0507169             
163    9.05655e-06     5.52367e-09           1.71728e-06           3.3908e-05            5.95406e-07           0.251896              
164    6.68899e-09     1.67491e-26           1.62943e-16           7.80462e-11           2.66779e-08           3.78036               
165    1.15717e-05     6.79509e-09           2.11291e-06           4.20292e-05           2.13811e-06           0.359026              
166    1.596e-06       1.78075e-19           5.55863e-12           1.18935e-07           6.26505e-06           3.72397               
167    1.61657e-06     8.61444e-14           8.42334e-09           4.56185e-06           1.89601e-06           1.25419               
168    2.52598e-08     1.55215e-24           5.2659e-17            4.2118e-12            1.01035e-07           3.79068               
169    0.0546705       0.0611968             0.0611393             0.0595418             0.0368041             0.694999              
170    0.0926172       0.0990808             0.0990291             0.0975831             0.0747756             0.820267              
171    2.36446e-05     8.15339e-10           2.56774e-07           7.28982e-06           8.70309e-05           3.50392               
172    0.000294757     8.82381e-09           2.72491e-06           7.80778e-05           0.00109821            3.54441               
173    0.0548226       0.0573369             0.0573179             0.0567846             0.047851              0.881371              
174    0.0424176       0.04404               0.0440279             0.043689              0.0379136             0.90095               
175    0.0548226       0.0573369             0.0573179             0.0567846             0.047851              0.881371              
176    0.0556278       0.0621568             0.062099              0.0604923             0.0377632             0.700271              
177    0.0368402       0.0407669             0.0407334             0.0398005             0.02606               0.726927              
178    0.0204212       0.0223549             0.0223389             0.0218906             0.0151003             0.756869              
179    0.0926172       0.0990808             0.0990291             0.0975831             0.0747756             0.820267              
180    0.0926172       0.0990808             0.0990291             0.0975831             0.0747756             0.820267              
181    1.99441e-06     1.79458e-20           5.59806e-13           1.22984e-08           7.96533e-06           3.7853                
182    2.55464e-09     1.47788e-28           1.44937e-18           8.90416e-13           1.02177e-08           3.79052               
183    1.68467e-08     4.06935e-23           1.27814e-15           3.35385e-11           6.73532e-08           3.78904               
184    3.68578e-10     1.83628e-28           1.7953e-18            9.83245e-13           1.47333e-09           3.78844               
185    1.3407e-05      7.30499e-09           2.27537e-06           4.73473e-05           3.99793e-06           0.461419              
186    0.066697        0.0990771             0.0978598             0.0693501             0.000500977           0.062236              
187    0.00018374      1.15336e-08           3.63317e-06           0.000103852           0.000627464           3.26498               
188    1.33481e-12     1.91785e-34           1.25466e-24           2.19951e-17           5.3392e-12            3.79082               
189    7.16472e-05     2.61297e-08           8.17504e-06           0.000192869           8.55186e-05           1.26747               
190    9.39732e-12     3.27769e-31           3.2307e-21            2.20722e-15           3.75871e-11           3.79062               
191    4.10236e-10     9.1189e-28            8.86639e-18           4.16645e-12           1.63678e-09           3.78172               
192    3.92146e-09     6.19066e-32           1.89028e-19           2.6626e-12            1.56832e-08           3.79022               
193    4.3439e-10      2.21117e-24           7.00215e-17           2.09497e-12           1.73547e-09           3.7865                
194    0.0546705       0.0611968             0.0611393             0.0595418             0.0368041             0.694999              
195    0.0722776       0.0790658             0.0790092             0.0774293             0.0536059             0.758942              
196    0.0120145       0.012937              0.0129296             0.0127232             0.0094683             0.802268              
197    0.0546705       0.0611968             0.0611393             0.0595418             0.0368041             0.694999              
198    0.0424176       0.04404               0.0440279             0.043689              0.0379136             0.90095               
199    0.0722776       0.0790658             0.0790092             0.0774293             0.0536059             0.758942              
200    0.0115954       0.012066              0.0120625             0.0119638             0.0102893             0.89493               
201    0.0548226       0.0573369             0.0573179             0.0567846             0.047851              0.881371              
202    0.0546705       0.0611968             0.0611393             0.0595418             0.0368041             0.694999              
203    0.0548226       0.0573369             0.0573179             0.0567846             0.047851              0.881371              
204    0.0622042       0.0691468             0.0690861             0.0673979             0.0431859             0.714662              
205    0.0595447       0.0645999             0.0645584             0.0634004             0.0456202             0.781799              
206    4.83747e-05     1.22511e-09           3.78454e-07           1.09428e-05           0.000182176           3.58046               
207    0.0519193       0.0559409             0.0559084             0.0550004             0.0408276             0.800672              
208    0.0722776       0.0790658             0.0790092             0.0774293             0.0536059             0.758942              
209    0.0120145       0.012937              0.0129296             0.0127232             0.0094683             0.802268              
210    3.10056e-05     9.47058e-10           2.98327e-07           8.52641e-06           0.000115197           3.53498               
211    0.0482145       0.0532869             0.0532436             0.052039              0.0342886             0.730464              
212    0.0548226       0.0573369             0.0573179             0.0567846             0.047851              0.881371              
213    0.000132409     3.53028e-09           1.09044e-06           3.1439e-05            0.000497103           3.56999               
214    0.0926172       0.0990808             0.0990291             0.0975831             0.0747756             0.820267              
215    0.0120145       0.012937              0.0129296             0.0127232             0.0094683             0.802268              
216    0.0368402       0.0407669             0.0407334             0.0398005             0.02606               0.726927              
Note : P(D|M) is the probability of site D given the model M (i.e., the site likelihood)
P(D|M,rr[x]) is the probability of site D given the model M and the relative rate
of evolution rr[x], where x is the class of rate to be considered.
We have P(D|M) = \sum_x P(x) x P(D|M,rr[x]).


Site   P(D|M)          P(D|M,rr[1]=0.0003)   P(D|M,rr[2]=0.0251)   P(D|M,rr[3]=0.3405)   P(D|M,rr[4]=3.6341)   Posterior mean        
1      0.0165836       0.0229467             0.0225863             0.0184675             0.00233372            0.231285              
2      0.0304037       0.0407609             0.0402413             0.0341852             0.00642748            0.296173              
3      0.0567812       0.0715787             0.0709623             0.0635833             0.0210006             0.439269              
4      0.000673932     8.41065e-07           7.1527e-05            0.000822818           0.00180054            2.53193               
5      0.0457425       0.0621464             0.0612504             0.0509694             0.00860372            0.274229              
6      0.0602935       0.0790556             0.0781763             0.0678244             0.0161178             0.34685               
7      0.0487116       0.0573335             0.0570375             0.0534032             0.0270723             0.605681              
8      0.0794328       0.0990715             0.0982676             0.0886249             0.0317672             0.466166              
9      0.0567812       0.0715787             0.0709623             0.0635833             0.0210006             0.439269              
10     0.0440476       0.055935              0.0554301             0.0494016             0.0154235             0.421579              
11     0.0337126       0.0422979             0.0419473             0.0377386             0.0128666             0.449927              
12     0.0398491       0.0532791             0.0526081             0.0447851             0.00872421            0.302947              
13     0.0337126       0.0422979             0.0419473             0.0377386             0.0128666             0.449927              
14     0.0602935       0.0790556             0.0781763             0.0678244             0.0161178             0.34685               
15     0.0337126       0.0422979             0.0419473             0.0377386             0.0128666             0.449927              
16     0.0567812       0.0715787             0.0709623             0.0635833             0.0210006             0.439269              
17     0.000369759     3.11569e-07           2.66148e-05           0.000323637           0.00112847            2.84773               
18     0.0419144       0.0530465             0.0525784             0.0469826             0.01505               0.429595              
19     0.0513214       0.0691359             0.0681948             0.0573354             0.0106196             0.291523              
20     0.0567812       0.0715787             0.0709623             0.0635833             0.0210006             0.439269              
21     0.0165836       0.0229467             0.0225863             0.0184675             0.00233372            0.231285              
22     0.0304037       0.0407609             0.0402413             0.0341852             0.00642748            0.296173              
23     0.000958604     8.52289e-07           7.27738e-05           0.00088017            0.00288062            2.8088                
24     0.0487116       0.0573335             0.0570375             0.0534032             0.0270723             0.605681              
25     0.000330093     3.36053e-07           2.8663e-05            0.000341807           0.000949565           2.70224               
26     0.0487116       0.0573335             0.0570375             0.0534032             0.0270723             0.605681              
27     0.000531588     4.05135e-07           3.46404e-05           0.00042632            0.00166499            2.9143                
28     0.0794328       0.0990715             0.0982676             0.0886249             0.0317672             0.466166              
29     0.0382499       0.0440378             0.0438498             0.041526              0.0235861             0.659916              
30     0.0337126       0.0422979             0.0419473             0.0377386             0.0128666             0.449927              
31     4.9918e-05      4.17867e-08           3.5701e-06            4.34982e-05           0.000152562           2.85134               
32     0.0487116       0.0573335             0.0570375             0.0534032             0.0270723             0.605681              
33     0.0165836       0.0229467             0.0225863             0.0184675             0.00233372            0.231285              
34     0.0419144       0.0530465             0.0525784             0.0469826             0.01505               0.429595              
35     0.0501164       0.0645924             0.0639482             0.0563074             0.0156177             0.386856              
36     0.0448166       0.0611865             0.0602958             0.0500565             0.0077275             0.260263              
37     0.000522905     3.49194e-07           2.9893e-05            0.000373494           0.00168788            2.99382               
38     0.0448166       0.0611865             0.0602958             0.0500565             0.0077275             0.260263              
39     0.0602935       0.0790556             0.0781763             0.0678244             0.0161178             0.34685               
40     0.0513214       0.0691359             0.0681948             0.0573354             0.0106196             0.291523              
41     0.0101799       0.0129356             0.0128209             0.0114461             0.00351699            0.417582              
42     0.0315598       0.041971              0.0414626             0.0355127             0.00729288            0.314063              
43     0.0337126       0.0422979             0.0419473             0.0377386             0.0128666             0.449927              
44     0.0337126       0.0422979             0.0419473             0.0377386             0.0128666             0.449927              
45     0.000172093     1.7212e-07            1.46789e-05           0.000174852           0.000498669           2.71966               
46     0.0501164       0.0645924             0.0639482             0.0563074             0.0156177             0.386856              
47     0.0487116       0.0573335             0.0570375             0.0534032             0.0270723             0.605681              
48     0.0794328       0.0990715             0.0982676             0.0886249             0.0317672             0.466166              
49     0.0101799       0.0129356             0.0128209             0.0114461             0.00351699            0.417582              
50     0.0567812       0.0715787             0.0709623             0.0635833             0.0210006             0.439269              
51     0.0501164       0.0645924             0.0639482             0.0563074             0.0156177             0.386856              
52     0.0487116       0.0573335             0.0570375             0.0534032             0.0270723             0.605681              
53     0.0501164       0.0645924             0.0639482             0.0563074             0.0156177             0.386856              
54     4.35515e-05     3.07462e-08           2.63004e-06           3.25535e-05           0.000138992           2.96354               
55     0.0101799       0.0129356             0.0128209             0.0114461             0.00351699            0.417582              
56     0.0382499       0.0440378             0.0438498             0.041526              0.0235861             0.659916              
57     0.0337126       0.0422979             0.0419473             0.0377386             0.0128666             0.449927              
58     0.0440476       0.055935              0.0554301             0.0494016             0.0154235             0.421579              
59     0.0170006       0.0223521             0.0221026             0.0191614             0.00438627            0.338597              
60     0.00089626      7.42464e-07           6.3435e-05            0.000773224           0.00274764            2.85915               
61     0.000140505     1.17679e-07           1.00527e-05           0.00012229            0.00042956            2.85216               
62     1.98399e-07     1.14339e-14           8.44167e-11           1.44843e-08           7.79027e-07           3.57364               
63     3.81187e-05     2.63137e-08           2.25166e-06           2.79865e-05           0.00012221            2.97568               
64     0.0501164       0.0645924             0.0639482             0.0563074             0.0156177             0.386856              
65     2.26794e-05     6.94889e-08           5.84217e-06           5.80409e-05           2.6765e-05            1.29167               
66     0.0473802       0.0691276             0.0674986             0.0499535             0.00294094            0.155176              
67     0.0473802       0.0691276             0.0674986             0.0499535             0.00294094            0.155176              
68     0.00936774      0.0129346             0.0127356             0.0104544             0.00134627            0.234189              
69     0.0461556       0.0645868             0.06347               0.0508779             0.00568776            0.214513              
70     0.0156746       0.0223499             0.0219175             0.0170968             0.00133434            0.179056              
71     0.00966403      0.0120649             0.0119698             0.0108231             0.00379838            0.460281              
72     0.0731596       0.0990645             0.0976699             0.0816315             0.0142724             0.28069               
73     0.0405479       0.0559306             0.055055              0.0450699             0.00613601            0.240714              
74     0.0451125       0.0573309             0.0568168             0.0506687             0.0156336             0.418444              
75     0.0731596       0.0990645             0.0976699             0.0816315             0.0142724             0.28069               
76     0.00936774      0.0129346             0.0127356             0.0104544             0.00134627            0.234189              
77     0.0461556       0.0645868             0.06347               0.0508779             0.00568776            0.214513              
78     0.0461556       0.0645868             0.06347               0.0508779             0.00568776            0.214513              
79     0.0451125       0.0573309             0.0568168             0.0506687             0.0156336             0.418444              
80     0.0385826       0.0530424             0.0522307             0.042952              0.00610531            0.247116              
81     2.94706e-08     7.61735e-15           5.56282e-11           8.30846e-09           1.09518e-07           3.4003                
82     0.00936774      0.0129346             0.0127356             0.0104544             0.00134627            0.234189              
83     0.0461556       0.0645868             0.06347               0.0508779             0.00568776            0.214513              
84     0.0310329       0.0422948             0.0416867             0.0346871             0.0054629             0.263601              
85     0.0731596       0.0990645             0.0976699             0.0816315             0.0142724             0.28069               
86     0.0156746       0.0223499             0.0219175             0.0170968             0.00133434            0.179056              
87     0.0280796       0.0407563             0.0398565             0.0300133             0.00169226            0.154742              
88     0.0255379       0.0341499             0.0337168             0.0286749             0.00561005            0.303536              
89     0.0385826       0.0530424             0.0522307             0.042952              0.00610531            0.247116              
90     0.000121521     4.19048e-11           3.05141e-07           4.3974e-05            0.000441803           3.33391               
91     0.0367894       0.0532732             0.0521112             0.0393895             0.00238364            0.158989              
92     0.0405479       0.0559306             0.055055              0.0450699             0.00613601            0.240714              
93     0.0153591       0.0229436             0.0223201             0.0157259             0.000446663           0.122795              
94     0.0355987       0.0440361             0.0437095             0.0397586             0.0148906             0.482889              
95     0.000183102     3.38876e-07           2.87129e-05           0.000314882           0.000388474           2.07495               
96     0.00936774      0.0129346             0.0127356             0.0104544             0.00134627            0.234189              
97     0.0255379       0.0341499             0.0337168             0.0286749             0.00561005            0.303536              
98     0.0310329       0.0422948             0.0416867             0.0346871             0.0054629             0.263601              
99     0.0255379       0.0341499             0.0337168             0.0286749             0.00561005            0.303536              
100    0.0414429       0.0611787             0.0596373             0.0431584             0.00179713            0.137172              
101    0.000230253     4.20078e-07           3.55859e-05           0.000389416           0.000495591           2.10045               
102    0.0310329       0.0422948             0.0416867             0.0346871             0.0054629             0.263601              
103    0.0451125       0.0573309             0.0568168             0.0506687             0.0156336             0.418444              
104    0.0385826       0.0530424             0.0522307             0.042952              0.00610531            0.247116              
105    0.00936774      0.0129346             0.0127356             0.0104544             0.00134627            0.234189              
106    0.000106783     2.89587e-07           2.43885e-05           0.000247819           0.000154633           1.51465               
107    0.0291251       0.0419665             0.0410859             0.0313844             0.00206372            0.165049              
108    0.0461556       0.0645868             0.06347               0.0508779             0.00568776            0.214513              
109    0.0522711       0.0715733             0.0705042             0.0582563             0.00875067            0.255522              
110    0.00936774      0.0129346             0.0127356             0.0104544             0.00134627            0.234189              
111    1.13407e-10     9.60945e-22           6.08715e-16           1.34333e-12           4.52283e-10           3.62438               
112    0.0310329       0.0422948             0.0416867             0.0346871             0.0054629             0.263601              
113    0.0731596       0.0990645             0.0976699             0.0816315             0.0142724             0.28069               
114    0.0156746       0.0223499             0.0219175             0.0170968             0.00133434            0.179056              
115    0.0473802       0.0691276             0.0674986             0.0499535             0.00294094            0.155176              
116    0.0461556       0.0645868             0.06347               0.0508779             0.00568776            0.214513              
117    0.0355987       0.0440361             0.0437095             0.0397586             0.0148906             0.482889              
118    0.0555787       0.0790479             0.0775241             0.0605638             0.00517894            0.186264              
119    0.000219566     3.18193e-07           2.70358e-05           0.000307193           0.000543715           2.3697                
120    0.0461556       0.0645868             0.06347               0.0508779             0.00568776            0.214513              
121    0.0414429       0.0611787             0.0596373             0.0431584             0.00179713            0.137172              
122    8.47041e-05     1.801e-07             1.52298e-05           0.000162917           0.000160489           1.88626               
123    0.0385826       0.0530424             0.0522307             0.042952              0.00610531            0.247116              
124    0.00936774      0.0129346             0.0127356             0.0104544             0.00134627            0.234189              
125    0.0355987       0.0440361             0.0437095             0.0397586             0.0148906             0.482889              
126    0.00966403      0.0120649             0.0119698             0.0108231             0.00379838            0.460281              
127    0.0255379       0.0341499             0.0337168             0.0286749             0.00561005            0.303536              
128    0.0385826       0.0530424             0.0522307             0.042952              0.00610531            0.247116              
129    0.0280796       0.0407563             0.0398565             0.0300133             0.00169226            0.154742              
130    0.0451125       0.0573309             0.0568168             0.0506687             0.0156336             0.418444              
131    0.0310329       0.0422948             0.0416867             0.0346871             0.0054629             0.263601              
132    0.00936774      0.0129346             0.0127356             0.0104544             0.00134627            0.234189              
133    0.0461556       0.0645868             0.06347               0.0508779             0.00568776            0.214513              
134    0.0385826       0.0530424             0.0522307             0.042952              0.00610531            0.247116              
135    0.0737063       0.0790642             0.0789131             0.0770144             0.0598335             0.833267              
136    4.31004e-06     3.75696e-09           3.20876e-07           3.89339e-06           1.30221e-05           2.82237               
137    0.0355987       0.0440361             0.0437095             0.0397586             0.0148906             0.482889              
138    0.0731596       0.0990645             0.0976699             0.0816315             0.0142724             0.28069               
139    0.00936774      0.0129346             0.0127356             0.0104544             0.00134627            0.234189              
140    0.0461556       0.0645868             0.06347               0.0508779             0.00568776            0.214513              
141    0.0255379       0.0341499             0.0337168             0.0286749             0.00561005            0.303536              
142    0.0405479       0.0559306             0.055055              0.0450699             0.00613601            0.240714              
143    0.0156746       0.0223499             0.0219175             0.0170968             0.00133434            0.179056              
144    0.0473802       0.0691276             0.0674986             0.0499535             0.00294094            0.155176              
145    0.0355987       0.0440361             0.0437095             0.0397586             0.0148906             0.482889              
146    0.0405479       0.0559306             0.055055              0.0450699             0.00613601            0.240714              
147    0.0422539       0.0621385             0.0605881             0.0440469             0.00224228            0.146043              
148    0.0153591       0.0229436             0.0223201             0.0157259             0.000446663           0.122795              
149    0.00936774      0.0129346             0.0127356             0.0104544             0.00134627            0.234189              
150    0.0731596       0.0990645             0.0976699             0.0816315             0.0142724             0.28069               
151    0.0291251       0.0419665             0.0410859             0.0313844             0.00206372            0.165049              
152    0.0255379       0.0341499             0.0337168             0.0286749             0.00561005            0.303536              
153    0.0731596       0.0990645             0.0976699             0.0816315             0.0142724             0.28069               
154    0.0473802       0.0691276             0.0674986             0.0499535             0.00294094            0.155176              
155    0.0451125       0.0573309             0.0568168             0.0506687             0.0156336             0.418444              
156    0.0310329       0.0422948             0.0416867             0.0346871             0.0054629             0.263601              
157    0.00936774      0.0129346             0.0127356             0.0104544             0.00134627            0.234189              
158    0.0355987       0.0440361             0.0437095             0.0397586             0.0148906             0.482889              
159    0.0522711       0.0715733             0.0705042             0.0582563             0.00875067            0.255522              
160    0.0451125       0.0573309             0.0568168             0.0506687             0.0156336             0.418444              
161    0.0355987       0.0440361             0.0437095             0.0397586             0.0148906             0.482889              
162    0.0461556       0.0645868             0.06347               0.0508779             0.00568776            0.214513              
163    1.50812e-05     2.22949e-08           1.8947e-06            2.15729e-05           3.68351e-05           2.3416                
164    1.12787e-06     2.696e-13             1.96719e-09           2.91207e-07           4.21832e-06           3.41997               
165    1.97491e-05     2.74266e-08           2.33107e-06           2.65958e-05           5.00421e-05           2.41751               
166    0.000244358     2.09368e-07           1.79534e-05           0.000227025           0.000732243           2.80207               
167    2.09296e-06     4.62101e-13           3.37782e-09           5.10672e-07           7.85778e-06           3.43178               
168    2.49831e-07     7.70094e-15           5.72848e-11           1.07471e-08           9.88518e-07           3.59851               
169    0.0559624       0.0611952             0.0610419             0.059124              0.0424887             0.786642              
170    0.0940431       0.0990794             0.0989413             0.0972022             0.0809494             0.876694              
171    4.20673e-05     1.63301e-08           1.40411e-06           1.85511e-05           0.000148297           3.24056               
172    0.00024078      8.53773e-08           7.3462e-06            9.79403e-05           0.000857746           3.27136               
173    0.0554091       0.0573364             0.0572857             0.0566435             0.0503708             0.919499              
174    0.042802        0.0440396             0.0440074             0.0435992             0.0395618             0.932986              
175    0.0554091       0.0573364             0.0572857             0.0566435             0.0503708             0.919499              
176    0.0569152       0.0621552             0.0620009             0.0600725             0.0434324             0.790063              
177    0.0376456       0.0407659             0.0406766             0.0395559             0.0295841             0.810274              
178    0.0208294       0.0223545             0.0223116             0.0217728             0.0168789             0.831991              
179    0.0940431       0.0990794             0.0989413             0.0972022             0.0809494             0.876694              
180    0.0940431       0.0990794             0.0989413             0.0972022             0.0809494             0.876694              
181    9.55649e-06     5.40349e-13           3.99225e-09           6.90556e-07           3.75314e-05           3.57426               
182    7.09012e-09     3.52763e-20           2.24352e-14           5.20655e-11           2.83084e-08           3.62809               
183    6.76327e-07     2.25853e-14           1.67979e-10           3.14352e-08           2.67371e-06           3.59564               
184    5.41921e-09     4.81387e-20           3.04884e-14           6.71182e-11           2.16097e-08           3.62394               
185    2.28154e-05     2.94849e-08           2.50892e-06           2.90275e-05           5.96958e-05           2.48615               
186    0.0739829       0.0990656             0.0977653             0.0827184             0.0163823             0.304736              
187    0.000134479     5.49003e-08           4.72689e-06           6.33092e-05           0.000469824           3.21441               
188    5.30887e-10     1.75113e-21           1.12154e-15           2.81834e-12           2.12073e-09           3.62977               
189    7.78356e-05     5.85002e-08           5.00329e-06           6.17712e-05           0.000244509           2.92199               
190    4.02949e-12     7.75722e-24           4.98708e-18           1.31692e-14           1.61048e-11           3.63145               
191    2.95217e-08     6.66624e-19           4.19195e-13           8.43257e-10           1.17243e-07           3.61061               
192    3.89296e-09     5.51784e-24           2.99531e-16           8.37393e-12           1.55635e-08           3.63237               
193    1.83894e-08     1.15297e-15           8.62319e-12           1.66665e-09           7.18823e-08           3.55909               
194    0.0559624       0.0611952             0.0610419             0.059124              0.0424887             0.786642              
195    0.0737063       0.0790642             0.0789131             0.0770144             0.0598335             0.833267              
196    0.0122173       0.0129368             0.0129171             0.0126688             0.0103465             0.864391              
197    0.0559624       0.0611952             0.0610419             0.059124              0.0424887             0.786642              
198    0.042802        0.0440396             0.0440074             0.0435992             0.0395618             0.932986              
199    0.0737063       0.0790642             0.0789131             0.0770144             0.0598335             0.833267              
200    0.0117065       0.0120659             0.0120565             0.0119377             0.0107658             0.928868              
201    0.0554091       0.0573364             0.0572857             0.0566435             0.0503708             0.919499              
202    0.0559624       0.0611952             0.0610419             0.059124              0.0424887             0.786642              
203    0.0554091       0.0573364             0.0572857             0.0566435             0.0503708             0.919499              
204    0.0635936       0.0691451             0.0689831             0.0669563             0.0492897             0.800686              
205    0.0606289       0.0645987             0.064488              0.0630959             0.0503331             0.849583              
206    3.75375e-05     1.18541e-08           1.02085e-06           1.37611e-05           0.000135356           3.30746               
207    0.0527962       0.05594               0.0558533             0.0547613             0.0446302             0.863012              
208    0.0737063       0.0790642             0.0789131             0.0770144             0.0598335             0.833267              
209    0.0122173       0.0129368             0.0129171             0.0126688             0.0103465             0.864391              
210    2.50838e-05     9.24941e-09           7.95606e-07           1.0565e-05            8.89654e-05           3.25838               
211    0.0492561       0.0532856             0.0531702             0.0517231             0.0388455             0.812742              
212    0.0554091       0.0573364             0.0572857             0.0566435             0.0503708             0.919499              
213    0.000104341     3.41585e-08           2.94087e-06           3.95043e-05           0.000374884           3.29666               
214    0.0940431       0.0990794             0.0989413             0.0972022             0.0809494             0.876694              
215    0.0122173       0.0129368             0.0129171             0.0126688             0.0103465             0.864391              
216    0.0376456       0.0407659             0.0406766             0.0395559             0.0295841             0.810274              
