Note : P(D|M) is the probability of site D given the model M (i.e., the site likelihood)
P(D|M,rr[x]) is the probability of site D given the model M and the relative rate
of evolution rr[x], where x is the class of rate to be considered.
We have P(D|M) = \sum_x P(x) x P(D|M,rr[x]).


Site   P(D|M)          P(D|M,rr[1]=0.0264)   P(D|M,rr[2]=0.2257)   P(D|M,rr[3]=0.7896)   P(D|M,rr[4]=2.9583)   Posterior mean        
1      0.00252935      0.0100941             2.32933e-05           1.07881e-11           6.83727e-20           0.0268587             
2      0.0124488       0.0438295             0.00593811            2.76003e-05           7.81391e-12           0.0505853             
3      5.07655e-06     1.5325e-05            4.97854e-06           2.61573e-09           8.31101e-19           0.0753526             
4      0.0124488       0.0438295             0.00593811            2.76003e-05           7.81391e-12           0.0505853             
5      0.000206541     0.000426426           0.00039566            4.0783e-06            4.89494e-12           0.125598              
6      8.20251e-06     3.13745e-05           1.43542e-06           9.99342e-11           1.31648e-15           0.03512               
7      0.00903629      0.0349829             0.00116188            3.23616e-07           4.57744e-14           0.0328121             
8      8.24562e-06     1.71196e-05           1.58575e-05           5.34441e-09           5.17713e-15           0.122327              
9      0.00868263      0.0335309             0.00119921            3.80059e-07           5.22497e-14           0.0332887             
10     3.23923e-05     0.000113905           1.56604e-05           4.09601e-09           3.32528e-14           0.0505082             
11     0.000337071     0.00117922            0.000168964           1.029e-07             1.00402e-12           0.0514295             
12     0.0118874       0.0457537             0.00179484            8.22785e-07           6.58486e-13           0.0339347             
13     0.010497        0.0352643             0.00665735            6.61427e-05           2.28841e-11           0.0591965             
14     1.41929e-07     1.32159e-07           4.32434e-07           3.12297e-09           1.05775e-14           0.18238               
15     4.73484e-08     2.49759e-08           1.60828e-07           3.58979e-09           3.44746e-15           0.210076              
16     1.34404e-09     9.29799e-12           4.45015e-09           9.16708e-10           2.1507e-14            0.321496              
17     0.0118874       0.0457537             0.00179484            8.22785e-07           6.58486e-13           0.0339347             
18     0.0071955       0.0286584             0.000123652           9.97531e-10           1.63952e-15           0.027256              
19     0.00278767      0.00952738            0.00161203            1.1276e-05            2.84001e-13           0.055979              
20     0.00696676      0.027637              0.000230021           2.68716e-09           2.88504e-16           0.0280448             
21     0.000367692     0.00117041            0.00030015            2.06284e-07           6.79054e-14           0.0671722             
22     0.0118874       0.0457537             0.00179484            8.22785e-07           6.58486e-13           0.0339347             
23     2.8914e-05      0.000106427           9.2278e-06            7.40992e-10           4.11636e-16           0.0423035             
24     0.0118874       0.0457537             0.00179484            8.22785e-07           6.58486e-13           0.0339347             
25     0.0071955       0.0286584             0.000123652           9.97531e-10           1.63952e-15           0.027256              
26     0.00696676      0.027637              0.000230021           2.68716e-09           2.88504e-16           0.0280448             
27     0.00278767      0.00952738            0.00161203            1.1276e-05            2.84001e-13           0.055979              
28     0.000180371     0.000553415           0.000167792           2.75458e-07           2.33374e-12           0.0730333             
29     0.00696676      0.027637              0.000230021           2.68716e-09           2.88504e-16           0.0280448             
30     1.9078e-08      4.10835e-08           3.52085e-08           1.99047e-11           1.03762e-16           0.118535              
31     0.00696676      0.027637              0.000230021           2.68716e-09           2.88504e-16           0.0280448             
32     8.70637e-05     0.000257554           9.05678e-05           1.33197e-07           6.14159e-14           0.0785129             
33     1.35354e-12     2.86695e-16           3.87386e-12           1.53898e-12           1.04334e-15           0.386491              
34     3.95591e-08     6.50366e-09           1.49864e-07           1.86884e-09           1.3359e-14            0.224135              
35     0.062157        0.062157              0.062157              0.062157              0.062157              1                     
36     7.43801e-10     4.94094e-11           2.6521e-09            2.7355e-10            1.45834e-13           0.274343              
37     0.000122612     0.000180671           0.000298251           1.15252e-05           3.3864e-11            0.165512              
38     1.73088e-10     3.47738e-13           2.52314e-10           4.36451e-10           3.23904e-12           0.593872              
39     1.32148e-11     2.3126e-13            4.87508e-11           3.87424e-12           2.90243e-15           0.266278              
40     7.96326e-12     1.15878e-14           2.15018e-11           1.02242e-11           1.15411e-13           0.416518              
41     6.99266e-11     1.9983e-13            1.25922e-10           1.51622e-10           1.96312e-12           0.550417              
42     4.84208e-06     7.48938e-08           3.75954e-06           1.36048e-05           1.92912e-06           0.893218              
43     6.17526e-08     7.75086e-11           2.04652e-08           1.21207e-07           1.05261e-07           1.66682               
44     6.21875e-08     4.1939e-11            1.38976e-08           8.91048e-08           1.45706e-07           2.0283                
45     0.000133856     4.33457e-07           2.65681e-05           0.00017982            0.000328604           2.09199               
46     0.00186364      0.000168396           0.00118421            0.00262121            0.00348077            1.69542               
47     0.00574037      0.000972583           0.00624104            0.0103073             0.00544057            1.11787               
48     0.000851074     0.000109232           0.000744092           0.00141832            0.00113266            1.36342               
49     0.057337        0.057337              0.057337              0.057337              0.057337              1                     
50     0.057337        0.057337              0.057337              0.057337              0.057337              1                     
51     0.099081        0.099081              0.099081              0.099081              0.099081              1                     
52     0.061197        0.061197              0.061197              0.061197              0.061197              1                     
53     0.099081        0.099081              0.099081              0.099081              0.099081              1                     
54     0.00218772      0.00011864            0.000995323           0.00293143            0.00470548            1.88127               
55     0.000313271     5.43104e-05           0.00035787            0.000599646           0.000241257           1.01303               
56     0.000133573     4.27105e-07           2.65687e-05           0.000180369           0.000326929           2.08796               
57     0.00166857      0.000655271           0.00308615            0.0024397             0.000493168           0.614171              
58     0.00214589      0.000274331           0.00185575            0.00355714            0.00289633            1.37508               
59     0.00127688      5.23901e-05           0.000542346           0.00187096            0.0026418             1.84364               
60     0.00138243      0.000101394           0.000720952           0.00166633            0.00304105            1.89476               
61     0.00298074      0.000136633           0.00114165            0.0035672             0.00707745            2.0142                
62     0.00257081      0.000262795           0.00184597            0.00396256            0.0042119             1.55715               
63     0.000246381     7.65395e-06           6.66273e-05           0.000231727           0.000679517           2.24087               
64     0.0355069       0.0560749             0.0475194             0.0304415             0.00799177            0.421634              
65     0.00758805      0.0118321             0.0102126             0.00676958            0.00153788            0.412227              
66     0.00145531      2.28021e-05           0.000246404           0.00114529            0.00440673            2.40447               
67     0.00360285      0.00040275            0.00280036            0.00576028            0.00544803            1.47855               
68     0.00511434      0.000963096           0.00575762            0.00836362            0.00537303            1.16457               
69     0.057337        0.057337              0.057337              0.057337              0.057337              1                     
70     0.069147        0.069147              0.069147              0.069147              0.069147              1                     
71     0.000730698     5.88942e-05           0.000440706           0.00104853            0.00137467            1.7092                
72     0.00171454      0.000127045           0.000929428           0.00228798            0.00351371            1.81016               
73     0.0284022       0.0432365             0.0376592             0.0256965             0.00701669            0.446164              
74     0.0284022       0.0432365             0.0376592             0.0256965             0.00701669            0.446164              
75     0.040767        0.040767              0.040767              0.040767              0.040767              1                     
76     0.0646          0.0646                0.0646                0.0646                0.0646                1                     
77     0.04404         0.04404               0.04404               0.04404               0.04404               1                     
78     0.040767        0.040767              0.040767              0.040767              0.040767              1                     
79     0.061197        0.061197              0.061197              0.061197              0.061197              1                     
80     0.012066        0.012066              0.012066              0.012066              0.012066              1                     
81     0.057337        0.057337              0.057337              0.057337              0.057337              1                     
82     0.012066        0.012066              0.012066              0.012066              0.012066              1                     
83     0.071586        0.071586              0.071586              0.071586              0.071586              1                     
84     0.057337        0.057337              0.057337              0.057337              0.057337              1                     
85     0.057337        0.057337              0.057337              0.057337              0.057337              1                     
86     9.72628e-07     3.05668e-07           3.15594e-06           4.2239e-07            6.51735e-09           0.275817              
87     4.1134e-08      3.54414e-08           1.12493e-07           1.23956e-08           4.2062e-09            0.295087              
88     8.15918e-08     1.77396e-09           1.88173e-07           1.3382e-07            2.60082e-09           0.477603              
89     0.0117739       0.0369366             0.00989336            0.000265757           1.36194e-08           0.0725669             
90     0.079066        0.079066              0.079066              0.079066              0.079066              1                     
91     0.071586        0.071586              0.071586              0.071586              0.071586              1                     
92     0.0646          0.0646                0.0646                0.0646                0.0646                1                     
93     0.055941        0.055941              0.055941              0.055941              0.055941              1                     
94     0.022355        0.022355              0.022355              0.022355              0.022355              1                     
95     0.069147        0.069147              0.069147              0.069147              0.069147              1                     
96     0.071586        0.071586              0.071586              0.071586              0.071586              1                     
97     0.053052        0.053052              0.053052              0.053052              0.053052              1                     
98     0.099081        0.099081              0.099081              0.099081              0.099081              1                     
99     0.012937        0.012937              0.012937              0.012937              0.012937              1                     
100    0.079066        0.079066              0.079066              0.079066              0.079066              1                     
101    0.099081        0.099081              0.099081              0.099081              0.099081              1                     
102    0.04404         0.04404               0.04404               0.04404               0.04404               1                     
103    0.061197        0.061197              0.061197              0.061197              0.061197              1                     
104    0.0646          0.0646                0.0646                0.0646                0.0646                1                     
105    0.022355        0.022355              0.022355              0.022355              0.022355              1                     
106    0.042302        0.042302              0.042302              0.042302              0.042302              1                     
107    0.055941        0.055941              0.055941              0.055941              0.055941              1                     
108    0.057337        0.057337              0.057337              0.057337              0.057337              1                     
109    7.81187e-09     1.05321e-13           7.56874e-10           9.25013e-09           2.12404e-08           2.25011               
110    9.3946e-08      2.2565e-10            5.10369e-08           2.0097e-07            1.23551e-07           1.4256                
111    1.33348e-10     7.30802e-15           6.71546e-11           3.75445e-10           9.07865e-11           1.08774               
112    1.14573e-16     1.09033e-28           2.46629e-21           4.82863e-18           4.5346e-16            2.93543               
113    2.07763e-09     2.20072e-11           3.73572e-09           4.54615e-09           6.63171e-12           0.535832              
114    4.17967e-15     1.17155e-23           8.30705e-18           2.23454e-15           1.44758e-14           2.66709               
115    5.22969e-14     4.61693e-19           3.23063e-14           1.57855e-13           1.90262e-14           0.899784              
116    0.0125359       0.0439885             0.00612447            3.07772e-05           1.93468e-11           0.0512062             
117    7.08536e-09     8.98687e-14           4.13726e-10           1.44195e-08           1.35081e-08           1.81503               
118    9.17687e-08     1.15073e-09           9.44323e-08           1.76815e-07           9.46766e-08           1.2015                
119    5.39571e-08     1.34827e-12           5.00868e-10           1.5938e-08            1.99388e-07           2.79179               
120    2.12183e-08     3.18283e-11           5.35737e-09           1.99035e-08           5.95803e-08           2.27614               
121    0.099081        0.099081              0.099081              0.099081              0.099081              1                     
122    0.099081        0.099081              0.099081              0.099081              0.099081              1                     
123    0.012066        0.012066              0.012066              0.012066              0.012066              1                     
124    0.04404         0.04404               0.04404               0.04404               0.04404               1                     
125    0.099081        0.099081              0.099081              0.099081              0.099081              1                     
126    0.040767        0.040767              0.040767              0.040767              0.040767              1                     
127    0.04404         0.04404               0.04404               0.04404               0.04404               1                     
128    0.012937        0.012937              0.012937              0.012937              0.012937              1                     
129    0.00173549      0.000329375           0.00188388            0.00238173            0.00234695            1.33356               
130    0.00262495      0.000650926           0.00289502            0.00352975            0.00342411            1.29405               
131    0.00202599      0.000655681           0.00237448            0.00257853            0.00249528            1.23039               
132    0.00177183      0.00120293            0.00272959            0.00172719            0.00142759            0.879718              
133    0.00164967      0.000139556           0.00137841            0.00255448            0.00252623            1.48594               
134    3.71144e-06     6.54936e-09           1.93002e-06           7.20713e-06           5.70205e-06           1.54894               
135    2.61268e-06     1.09799e-07           5.31266e-06           3.33866e-06           1.68959e-06           0.845532              
136    3.70666e-05     1.79552e-05           9.07598e-05           3.86923e-05           8.58907e-07           0.364541              
137    6.37575e-06     1.41459e-06           1.55304e-05           6.97125e-06           1.58681e-06           0.5388                
138    6.06765e-05     2.83892e-05           0.000169356           2.90332e-05           1.59273e-05           0.449146              
139    0.071586        0.071586              0.071586              0.071586              0.071586              1                     
140    0.053052        0.053052              0.053052              0.053052              0.053052              1                     
141    0.057337        0.057337              0.057337              0.057337              0.057337              1                     
142    0.069147        0.069147              0.069147              0.069147              0.069147              1                     
143    0.069147        0.069147              0.069147              0.069147              0.069147              1                     
144    0.053287        0.053287              0.053287              0.053287              0.053287              1                     
145    0.055941        0.055941              0.055941              0.055941              0.055941              1                     
146    2.12823e-07     4.39502e-09           3.76911e-07           2.97901e-07           1.72086e-07           0.974386              
147    6.39832e-07     2.25705e-10           2.57818e-07           1.53674e-06           7.64548e-07           1.3806                
148    9.43372e-05     1.39419e-05           0.000212068           0.000127798           2.35399e-05           0.579774              
149    5.82269e-06     3.42802e-09           1.49215e-06           8.39264e-06           1.34025e-05           2.00134               
150    9.28629e-05     0.000122258           0.000203104           4.36448e-05           2.44512e-06           0.244333              
151    2.62369e-06     1.31128e-09           2.32919e-07           2.11779e-06           8.14275e-06           2.45966               
152    9.00495e-06     5.92899e-09           1.69287e-06           1.29431e-05           2.13778e-05           2.05011               
153    4.44095e-05     5.22902e-05           0.000117659           7.68449e-06           4.15037e-09           0.191469              
154    1.34928e-07     3.11267e-12           9.99183e-09           2.09038e-07           3.20679e-07           2.06774               
155    1.80369e-08     1.1774e-12            1.40415e-09           2.11111e-08           4.96313e-08           2.2705                
156    2.4633e-09      1.43683e-13           2.10855e-10           1.82068e-09           7.82153e-09           2.49905               
157    1.60486e-10     1.3276e-13            5.13417e-11           3.86829e-10           2.0364e-10            1.43233               
158    7.05987e-08     5.71277e-12           2.10946e-08           2.11047e-07           5.0248e-08            1.13338               
159    2.29053e-10     5.13828e-15           6.59304e-11           8.08802e-10           4.14738e-11           0.847219              
160    1.0771e-10      2.64244e-12           4.20253e-10           7.94456e-12           2.00384e-17           0.234842              
161    2.13613e-14     2.36001e-27           8.70901e-20           7.43841e-16           8.47014e-14           2.93941               
162    7.52407e-13     1.1976e-20            6.33129e-15           7.39704e-13           2.26359e-12           2.41954               
163    1.50083e-09     4.81997e-14           2.2943e-10            5.19107e-09           5.82772e-10           0.978602              
164    2.78034e-09     2.98795e-12           2.03623e-09           5.47824e-09           3.60389e-09           1.38893               
165    3.03115e-08     2.6233e-13            2.02409e-10           8.74444e-09           1.12299e-07           2.79732               
166    1.73052e-07     9.9966e-13            2.46975e-09           8.2105e-08            6.0763e-07            2.69131               
167    6.62082e-05     1.67686e-06           6.0142e-05            0.000123114           7.98994e-05           1.31101               
168    0.00101456      7.85294e-05           0.00065               0.0015126             0.0018171             1.65557               
169    0.053287        0.053287              0.053287              0.053287              0.053287              1                     
170    0.053287        0.053287              0.053287              0.053287              0.053287              1                     
171    0.061197        0.061197              0.061197              0.061197              0.061197              1                     
172    0.0239217       0.0425979             0.0332273             0.0169631             0.00289858            0.319713              
173    0.00323516      0.000850409           0.00471124            0.00549221            0.00188677            0.850353              
174    0.00152982      0.000235732           0.00159144            0.0025326             0.00175952            1.23713               
175    0.000335163     2.43167e-06           8.78117e-05           0.000442854           0.000807556           2.05763               
176    0.00210359      0.000266379           0.00177353            0.00310018            0.00327426            1.49049               
177    0.0190691       0.0396618             0.0250807             0.0091805             0.0023536             0.27425               
178    0.00414219      0.00153293            0.00656912            0.00516533            0.00330139            0.927536              
179    0.00585108      0.00170551            0.00876543            0.00896866            0.0039647             0.890171              
180    0.00116429      4.89465e-05           0.000471865           0.00150211            0.00263425            1.95114               
181    0.099081        0.099081              0.099081              0.099081              0.099081              1                     
Note : P(D|M) is the probability of site D given the model M (i.e., the site likelihood)
P(D|M,rr[x]) is the probability of site D given the model M and the relative rate
of evolution rr[x], where x is the class of rate to be considered.
We have P(D|M) = \sum_x P(x) x P(D|M,rr[x]).


Site   P(D|M)          P(D|M,rr[1]=0.0287)   P(D|M,rr[2]=0.2345)   P(D|M,rr[3]=0.8003)   P(D|M,rr[4]=2.9365)   Posterior mean        
1      0.00253653      0.0101147             3.14164e-05           2.9671e-11            1.34632e-19           0.0292955             
2      0.012617        0.0438589             0.00656409            4.50869e-05           2.36541e-11           0.0561247             
3      5.12452e-06     1.50135e-05           5.47927e-06           5.29931e-09           3.22468e-18           0.0838898             
4      0.012617        0.0438589             0.00656409            4.50869e-05           2.36541e-11           0.0561247             
5      0.000209966     0.000417964           0.000415562           6.33874e-06           1.27787e-11           0.136349              
6      8.03854e-06     3.04544e-05           1.69956e-06           1.83392e-10           1.98188e-15           0.0395444             
7      0.00909853      0.0350231             0.00137035            6.26822e-07           1.13833e-13           0.0364233             
8      7.78214e-06     1.52503e-05           1.58688e-05           9.46743e-09           8.85499e-15           0.133845              
9      0.00874478      0.0335686             0.00140976            7.31987e-07           1.35662e-13           0.0369716             
10     3.28904e-05     0.000113364           1.81895e-05           7.49654e-09           5.30432e-14           0.0571663             
11     0.000318131     0.00109305            0.000179305           1.7233e-07            1.91785e-12           0.0577717             
12     0.011976        0.0458038             0.00209881            1.51212e-06           1.47169e-12           0.0377024             
13     0.0106573       0.035284              0.00724331            0.000102007           8.17866e-11           0.0654859             
14     1.52082e-07     1.3466e-07            4.68596e-07           5.07345e-09           2.35855e-14           0.193681              
15     4.72593e-08     2.41328e-08           1.59731e-07           5.17404e-09           9.73567e-15           0.223738              
16     1.32371e-09     9.17407e-12           4.10298e-09           1.18262e-09           4.85538e-14           0.360571              
17     0.011976        0.0458038             0.00209881            1.51212e-06           1.47169e-12           0.0377024             
18     0.00721783      0.0287113             0.000159995           2.16035e-09           2.58055e-15           0.029799              
19     0.00282881      0.00953304            0.00176412            1.80629e-05           1.70844e-12           0.0619876             
20     0.006993        0.0276817             0.000290341           6.24057e-09           5.29333e-16           0.0307952             
21     0.000351082     0.00108741            0.00031655            3.65895e-07           1.59811e-13           0.0752659             
22     0.011976        0.0458038             0.00209881            1.51212e-06           1.47169e-12           0.0377024             
23     2.85079e-05     0.00010332            1.07106e-05           1.50187e-09           7.38362e-16           0.0480056             
24     0.011976        0.0458038             0.00209881            1.51212e-06           1.47169e-12           0.0377024             
25     0.00721783      0.0287113             0.000159995           2.16035e-09           2.58055e-15           0.029799              
26     0.006993        0.0276817             0.000290341           6.24057e-09           5.29333e-16           0.0307952             
27     0.00282881      0.00953304            0.00176412            1.80629e-05           1.70844e-12           0.0619876             
28     0.00018278      0.000543625           0.000187026           4.66429e-07           4.53491e-12           0.0818154             
29     0.006993        0.0276817             0.000290341           6.24057e-09           5.29333e-16           0.0307952             
30     1.90463e-08     3.89388e-08           3.72141e-08           3.21058e-11           1.58308e-16           0.129548              
31     0.006993        0.0276817             0.000290341           6.24057e-09           5.29333e-16           0.0307952             
32     9.33763e-05     0.000268717           0.000104549           2.39668e-07           1.54321e-13           0.0867807             
33     1.8618e-12      2.34447e-15           5.10754e-12           2.33585e-12           1.45595e-15           0.412456              
34     2.35173e-08     3.74382e-09           8.85363e-08           1.7891e-09            2.33393e-14           0.237102              
35     0.062157        0.062157              0.062157              0.062157              0.062157              1                     
36     1.14738e-09     8.01243e-11           4.00485e-09           5.04275e-10           2.76399e-13           0.293268              
37     0.000118793     0.000170953           0.000289528           1.46894e-05           8.33526e-11           0.177957              
38     1.62418e-10     2.9417e-13            2.0614e-10            4.37985e-10           5.2536e-12            0.637713              
39     1.70491e-12     3.27243e-15           4.93694e-12           1.87546e-12           3.96149e-15           0.391598              
40     3.62529e-12     2.96817e-15           7.18438e-12           7.18271e-12           1.31086e-13           0.539156              
41     1.27252e-10     4.29098e-13           2.26049e-10           2.79218e-10           3.31167e-12           0.562296              
42     5.60239e-06     8.90739e-08           4.19591e-06           1.54815e-05           2.64312e-06           0.943261              
43     4.61441e-08     3.9998e-11            9.12485e-09           6.80899e-08           1.07321e-07           2.01426               
44     4.97585e-08     2.48365e-11           6.7888e-09            4.93168e-08           1.42903e-07           2.31467               
45     0.000135852     5.06939e-07           2.84027e-05           0.000183119           0.00033138            2.0727                
46     0.00185751      0.000175882           0.00118535            0.00259346            0.00347536            1.69097               
47     0.00579671      0.00101529            0.00624625            0.0103012             0.00562409            1.13225               
48     0.000854569     0.000114072           0.000744772           0.00141137            0.00114807            1.36875               
49     0.057337        0.057337              0.057337              0.057337              0.057337              1                     
50     0.057337        0.057337              0.057337              0.057337              0.057337              1                     
51     0.099081        0.099081              0.099081              0.099081              0.099081              1                     
52     0.061197        0.061197              0.061197              0.061197              0.061197              1                     
53     0.099081        0.099081              0.099081              0.099081              0.099081              1                     
54     0.00217588      0.00012407            0.000996494           0.00288268            0.00470027            1.87817               
55     0.000327793     5.61501e-05           0.000359206           0.000622436           0.000273381           1.05766               
56     0.000128891     4.19214e-07           2.39992e-05           0.000162373           0.000328773           2.13558               
57     0.00164597      0.000615024           0.00289746            0.0025264             0.000545002           0.656068              
58     0.00215687      0.000286468           0.00185744            0.00353781            0.00294578            1.38226               
59     0.00127433      5.48929e-05           0.000543087           0.00183755            0.00266178            1.84722               
60     0.00136473      0.000105909           0.000721661           0.00164549            0.00298586            1.87897               
61     0.00294858      0.000142868           0.00114301            0.00349942            0.007009              2.00561               
62     0.00257547      0.000274481           0.00184774            0.00392657            0.00425307            1.56019               
63     0.000240733     8.00551e-06           6.671e-05             0.000226477           0.00066174            2.22272               
64     0.0357223       0.0560179             0.0475086             0.0308761             0.00848653            0.436554              
65     0.00764093      0.0118215             0.0102105             0.00686137            0.00167028            0.429577              
66     0.00141107      2.38898e-05           0.000246767           0.00111274            0.0042609             2.38492               
67     0.00361452      0.00042064            0.00280301            0.00571672            0.00551771            1.48342               
68     0.00514672      0.00100492            0.00576192            0.00837967            0.00544039            1.16881               
69     0.057337        0.057337              0.057337              0.057337              0.057337              1                     
70     0.069147        0.069147              0.069147              0.069147              0.069147              1                     
71     0.000728147     6.15411e-05           0.000441163           0.00103649            0.00137339            1.7056                
72     0.0017056       0.000132723           0.000930381           0.00225684            0.00350246            1.80481               
73     0.0285928       0.0432001             0.037652              0.0260178             0.00750142            0.462694              
74     0.0285928       0.0432001             0.037652              0.0260178             0.00750142            0.462694              
75     0.040767        0.040767              0.040767              0.040767              0.040767              1                     
76     0.0646          0.0646                0.0646                0.0646                0.0646                1                     
77     0.04404         0.04404               0.04404               0.04404               0.04404               1                     
78     0.040767        0.040767              0.040767              0.040767              0.040767              1                     
79     0.061197        0.061197              0.061197              0.061197              0.061197              1                     
80     0.012066        0.012066              0.012066              0.012066              0.012066              1                     
81     0.057337        0.057337              0.057337              0.057337              0.057337              1                     
82     0.012066        0.012066              0.012066              0.012066              0.012066              1                     
83     0.071586        0.071586              0.071586              0.071586              0.071586              1                     
84     0.057337        0.057337              0.057337              0.057337              0.057337              1                     
85     0.057337        0.057337              0.057337              0.057337              0.057337              1                     
86     1.04136e-06     3.25514e-07           3.31032e-06           5.2192e-07            7.69022e-09           0.294325              
87     4.22932e-08     3.53617e-08           1.15348e-07           1.41447e-08           4.31849e-09           0.307779              
88     7.40021e-08     1.58469e-09           1.57142e-07           1.34169e-07           3.11329e-09           0.518292              
89     0.0119512       0.0369272             0.0105129             0.000364806           2.36671e-08           0.079823              
90     0.079066        0.079066              0.079066              0.079066              0.079066              1                     
91     0.071586        0.071586              0.071586              0.071586              0.071586              1                     
92     0.0646          0.0646                0.0646                0.0646                0.0646                1                     
93     0.055941        0.055941              0.055941              0.055941              0.055941              1                     
94     0.022355        0.022355              0.022355              0.022355              0.022355              1                     
95     0.069147        0.069147              0.069147              0.069147              0.069147              1                     
96     0.071586        0.071586              0.071586              0.071586              0.071586              1                     
97     0.053052        0.053052              0.053052              0.053052              0.053052              1                     
98     0.099081        0.099081              0.099081              0.099081              0.099081              1                     
99     0.012937        0.012937              0.012937              0.012937              0.012937              1                     
100    0.079066        0.079066              0.079066              0.079066              0.079066              1                     
101    0.099081        0.099081              0.099081              0.099081              0.099081              1                     
102    0.04404         0.04404               0.04404               0.04404               0.04404               1                     
103    0.061197        0.061197              0.061197              0.061197              0.061197              1                     
104    0.0646          0.0646                0.0646                0.0646                0.0646                1                     
105    0.022355        0.022355              0.022355              0.022355              0.022355              1                     
106    0.042302        0.042302              0.042302              0.042302              0.042302              1                     
107    0.055941        0.055941              0.055941              0.055941              0.055941              1                     
108    0.057337        0.057337              0.057337              0.057337              0.057337              1                     
109    7.72416e-09     1.09824e-13           7.109e-10             9.0759e-09            2.11097e-08           2.24681               
110    9.8059e-08      2.56149e-10           5.34787e-08           2.08859e-07           1.29643e-07           1.42872               
111    1.46275e-10     1.20204e-14           8.09929e-11           4.11355e-10           9.27386e-11           1.06056               
112    9.77612e-17     1.57568e-28           2.46343e-21           3.07963e-18           3.87963e-16           2.91966               
113    1.94248e-09     1.99321e-11           3.1484e-09            4.59116e-09           1.04325e-11           0.571942              
114    3.84098e-15     8.72588e-24           5.2631e-18            1.45378e-15           1.39049e-14           2.73344               
115    7.68223e-14     4.40691e-18           6.83135e-14           2.16912e-13           2.2059e-14            0.827867              
116    0.0127088       0.0440206             0.00676452            5.00013e-05           5.00111e-11           0.0568127             
117    6.1464e-09      6.10215e-14           2.62146e-10           1.01625e-08           1.41609e-08           2.02469               
118    1.39201e-07     2.01706e-08           2.21884e-07           2.14858e-07           9.98908e-08           0.930129              
119    5.00899e-08     3.23604e-13           2.95782e-10           1.46403e-08           1.85423e-07           2.77642               
120    1.47968e-07     3.48432e-08           3.7569e-07            1.21333e-07           6.00063e-08           0.612333              
121    0.099081        0.099081              0.099081              0.099081              0.099081              1                     
122    0.099081        0.099081              0.099081              0.099081              0.099081              1                     
123    0.012066        0.012066              0.012066              0.012066              0.012066              1                     
124    0.04404         0.04404               0.04404               0.04404               0.04404               1                     
125    0.099081        0.099081              0.099081              0.099081              0.099081              1                     
126    0.040767        0.040767              0.040767              0.040767              0.040767              1                     
127    0.04404         0.04404               0.04404               0.04404               0.04404               1                     
128    0.012937        0.012937              0.012937              0.012937              0.012937              1                     
129    0.00173308      0.000336998           0.00186587            0.00238239            0.00234708            1.33376               
130    0.00262359      0.000664615           0.00287152            0.00353368            0.00342453            1.29371               
131    0.00202768      0.000668956           0.00236258            0.00258364            0.00249556            1.22914               
132    0.00178714      0.00122491            0.00273754            0.00175789            0.00142823            0.878218              
133    0.00164162      0.00014319            0.00135467            0.00254172            0.0025269             1.48881               
134    3.73589e-06     7.01953e-09           1.87681e-06           7.29568e-06           5.76407e-06           1.55286               
135    2.6598e-06      1.16269e-07           5.31954e-06           3.46026e-06           1.74315e-06           0.858989              
136    3.65964e-05     1.76535e-05           8.64916e-05           4.11896e-05           1.05092e-06           0.3883                
137    6.02786e-06     1.34042e-06           1.39931e-05           7.07229e-06           1.70557e-06           0.580169              
138    6.16946e-05     2.86248e-05           0.000170832           3.1344e-05            1.59774e-05           0.457451              
139    0.071586        0.071586              0.071586              0.071586              0.071586              1                     
140    0.053052        0.053052              0.053052              0.053052              0.053052              1                     
141    0.057337        0.057337              0.057337              0.057337              0.057337              1                     
142    0.069147        0.069147              0.069147              0.069147              0.069147              1                     
143    0.069147        0.069147              0.069147              0.069147              0.069147              1                     
144    0.053287        0.053287              0.053287              0.053287              0.053287              1                     
145    0.055941        0.055941              0.055941              0.055941              0.055941              1                     
146    1.9736e-07      4.2198e-09            3.24904e-07           2.84241e-07           1.76075e-07           1.03978               
147    6.38943e-07     2.36736e-10           2.41252e-07           1.52077e-06           7.93513e-07           1.41007               
148    9.77163e-05     1.38942e-05           0.000211359           0.000139927           2.56845e-05           0.607311              
149    5.72769e-06     3.38505e-09           1.38173e-06           8.32932e-06           1.31963e-05           1.99649               
150    0.000100657     0.000128457           0.000221688           4.95062e-05           2.97682e-06           0.258393              
151    2.48965e-06     1.33075e-09           2.20121e-07           1.96699e-06           7.77015e-06           2.45445               
152    8.84789e-06     5.78101e-09           1.51647e-06           1.21381e-05           2.17312e-05           2.08761               
153    4.40543e-05     4.9862e-05            0.000116169           1.01804e-05           5.37713e-09           0.209049              
154    1.2501e-07      2.7344e-12            7.57397e-09           1.73797e-07           3.18668e-07           2.15309               
155    1.77348e-08     1.28753e-12           1.40586e-09           2.03198e-08           4.92124e-08           2.27101               
156    2.28604e-09     1.32527e-13           1.69643e-10           1.57207e-09           7.4023e-09            2.51908               
157    2.18002e-10     1.78095e-13           6.28661e-11           5.45611e-10           2.63355e-10           1.40451               
158    6.59649e-08     4.09028e-12           1.41942e-08           1.913e-07             5.83609e-08           1.24235               
159    2.2009e-10      4.92736e-15           5.30208e-11           7.72289e-10           5.50463e-11           0.899797              
160    6.59173e-11     1.61761e-12           2.54145e-10           7.90676e-12           4.17321e-17           0.250238              
161    2.03206e-14     1.42817e-28           2.07485e-20           3.78689e-16           8.09038e-14           2.92655               
162    7.5539e-13      3.32643e-21           3.0523e-15            6.35385e-13           2.38312e-12           2.48456               
163    1.3779e-09      5.40043e-14           2.01238e-10           4.61459e-09           6.95738e-10           1.0493                
164    3.52113e-09     3.92816e-12           2.46288e-09           7.46024e-09           4.15745e-09           1.33172               
165    2.72926e-08     1.47407e-13           1.2479e-10            6.54453e-09           1.02501e-07           2.80535               
166    1.66702e-07     9.99707e-13           2.32213e-09           7.85669e-08           5.8592e-07            2.67539               
167    6.63539e-05     1.72348e-06           5.7812e-05            0.000122416           8.34645e-05           1.34382               
168    0.00100466      8.03121e-05           0.000637776           0.00148475            0.00181579            1.66032               
169    0.053287        0.053287              0.053287              0.053287              0.053287              1                     
170    0.053287        0.053287              0.053287              0.053287              0.053287              1                     
171    0.061197        0.061197              0.061197              0.061197              0.061197              1                     
172    0.024525        0.0426261             0.033803              0.0183247             0.00334612            0.342924              
173    0.0032761       0.000834457           0.0045534             0.00566757            0.00204897            0.88859               
174    0.00152467      0.00023115            0.00152166            0.00253234            0.00181354            1.26513               
175    0.000321389     2.3545e-06            7.94158e-05           0.000407136           0.000796648           2.08772               
176    0.00206867      0.000261226           0.00169532            0.00304915            0.00326898            1.50395               
177    0.0195564       0.0397124             0.0258526             0.0101163             0.00254431            0.291067              
178    0.00417828      0.00150529            0.00645262            0.00543393            0.00332129            0.936885              
179    0.00590931      0.00167388            0.00851247            0.0093355             0.00411539            0.913835              
180    0.00111896      4.79445e-05           0.000441186           0.0014076             0.00257913            1.96722               
181    0.099081        0.099081              0.099081              0.099081              0.099081              1                     
Note : P(D|M) is the probability of site D given the model M (i.e., the site likelihood)
P(D|M,rr[x]) is the probability of site D given the model M and the relative rate
of evolution rr[x], where x is the class of rate to be considered.
We have P(D|M) = \sum_x P(x) x P(D|M,rr[x]).


Site   P(D|M)          P(D|M,rr[1]=0.0264)   P(D|M,rr[2]=0.2257)   P(D|M,rr[3]=0.7897)   P(D|M,rr[4]=2.9582)   Posterior mean        
1      0.00253207      0.0101047             2.35284e-05           1.10936e-11           6.92818e-20           0.0268728             
2      0.0124576       0.0438446             0.00595793            2.79261e-05           8.02767e-12           0.050666              
3      5.08688e-06     1.53373e-05           5.00761e-06           2.67081e-09           8.68605e-19           0.0755571             
4      0.0124576       0.0438446             0.00595793            2.79261e-05           8.02767e-12           0.050666              
5      0.000206945     0.000426657           0.000396997           4.12652e-06           5.02526e-12           0.125795              
6      8.21471e-06     3.14106e-05           1.44809e-06           1.0209e-10            1.3272e-15            0.0351951             
7      0.00904318      0.035004              0.0011684             3.29115e-07           4.67631e-14           0.0328541             
8      8.26011e-06     1.71064e-05           1.59286e-05           5.43887e-09           5.22889e-15           0.122614              
9      0.00868921      0.0335507             0.00120579            3.8646e-07            5.34026e-14           0.0333323             
10     3.24067e-05     0.000113874           1.57485e-05           4.1669e-09            3.35504e-14           0.0506467             
11     0.000336935     0.00117782            0.000169816           1.04523e-07           1.0181e-12            0.0515802             
12     0.0118963       0.04578               0.0018044             8.35773e-07           6.70535e-13           0.0339803             
13     0.0105043       0.0352744             0.00667596            6.68206e-05           2.35463e-11           0.0592888             
14     1.42509e-07     1.32226e-07           4.34636e-07           3.17332e-09           1.08e-14              0.182615              
15     4.74944e-08     2.49733e-08           1.61368e-07           3.63661e-09           3.54118e-15           0.210302              
16     1.34313e-09     9.2535e-12            4.43971e-09           9.23515e-10           2.19875e-14           0.322319              
17     0.0118963       0.04578               0.0018044             8.35773e-07           6.70535e-13           0.0339803             
18     0.00720275      0.0286862             0.000124752           1.01965e-09           1.65324e-15           0.0272728             
19     0.00278963      0.00953028            0.00161684            1.14011e-05           2.94543e-13           0.0560669             
20     0.00697304      0.0276603             0.00023184            2.74805e-09           2.9166e-16            0.0280664             
21     0.000367568     0.00116881            0.000301249           2.09538e-07           6.93205e-14           0.0673527             
22     0.0118963       0.04578               0.0018044             8.35773e-07           6.70535e-13           0.0339803             
23     2.89592e-05     0.000106536           9.30008e-06           7.57408e-10           4.16096e-16           0.0424154             
24     0.0118963       0.04578               0.0018044             8.35773e-07           6.70535e-13           0.0339803             
25     0.00720275      0.0286862             0.000124752           1.01965e-09           1.65324e-15           0.0272728             
26     0.00697304      0.0276603             0.00023184            2.74805e-09           2.9166e-16            0.0280664             
27     0.00278963      0.00953028            0.00161684            1.14011e-05           2.94543e-13           0.0560669             
28     0.00018068      0.000553822           0.000168618           2.79188e-07           2.36815e-12           0.0732021             
29     0.00697304      0.0276603             0.00023184            2.74805e-09           2.9166e-16            0.0280664             
30     1.91187e-08     4.10847e-08           3.53698e-08           2.02278e-11           1.04658e-16           0.118786              
31     0.00697304      0.0276603             0.00023184            2.74805e-09           2.9166e-16            0.0280664             
32     8.71966e-05     0.000257627           9.10244e-05           1.35374e-07           6.27602e-14           0.0787168             
33     1.36399e-12     2.87554e-16           3.8973e-12            1.5573e-12            1.05079e-15           0.387199              
34     3.96495e-08     6.49156e-09           1.50213e-07           1.89328e-09           1.35753e-14           0.224279              
35     0.062157        0.062157              0.062157              0.062157              0.062157              1                     
36     7.42822e-10     4.91933e-11           2.64687e-09           2.75074e-10           1.47793e-13           0.274752              
37     0.000122632     0.000180408           0.000298503           1.16169e-05           3.46969e-11           0.165764              
38     1.72918e-10     3.46894e-13           2.5181e-10            4.36242e-10           3.27228e-12           0.59424               
39     1.32055e-11     2.30097e-13           4.86865e-11           3.90232e-12           2.92201e-15           0.266652              
40     7.84924e-12     1.12537e-14           2.1079e-11            1.01909e-11           1.15821e-13           0.418771              
41     6.99705e-11     1.99973e-13           1.25847e-10           1.51861e-10           1.97353e-12           0.550841              
42     4.82857e-06     7.44753e-08           3.73869e-06           1.35613e-05           1.93984e-06           0.895369              
43     6.17069e-08     7.71029e-11           2.03847e-08           1.21026e-07           1.0534e-07            1.66834               
44     6.21941e-08     4.17385e-11           1.38491e-08           8.91096e-08           1.45776e-07           2.02885               
45     0.000133761     4.32003e-07           2.64774e-05           0.000179397           0.00032874            2.09353               
46     0.00186258      0.000168141           0.00118257            0.00261905            0.00348056            1.696                 
47     0.00574003      0.000971131           0.00623359            0.010307              0.00544841            1.11887               
48     0.000850823     0.000109068           0.00074312            0.00141779            0.00113331            1.3642                
49     0.057337        0.057337              0.057337              0.057337              0.057337              1                     
50     0.057337        0.057337              0.057337              0.057337              0.057337              1                     
51     0.099081        0.099081              0.099081              0.099081              0.099081              1                     
52     0.061197        0.061197              0.061197              0.061197              0.061197              1                     
53     0.099081        0.099081              0.099081              0.099081              0.099081              1                     
54     0.00218626      0.000118456           0.000993651           0.00292762            0.00470532            1.88205               
55     0.000313114     5.4172e-05            0.000357109           0.000599369           0.000241807           1.01453               
56     0.000133455     4.25382e-07           2.6461e-05            0.000179866           0.000327068           2.08976               
57     0.00166877      0.000653854           0.00308292            0.00244385            0.00049446            0.615076              
58     0.00214535      0.000273918           0.00185334            0.00355567            0.00289847            1.37596               
59     0.00127617      5.23054e-05           0.000541289           0.00186836            0.00264272            1.84471               
60     0.00138113      0.00010124            0.000719939           0.00166471            0.00303863            1.89494               
61     0.00297814      0.000136421           0.00113972            0.00356189            0.00707455            2.01481               
62     0.00256983      0.000262398           0.00184343            0.00395978            0.00421372            1.55798               
63     0.000246052     7.64203e-06           6.65094e-05           0.000231314           0.000678742           2.24113               
64     0.035525        0.0560768             0.0475348             0.0304755             0.00801283            0.422093              
65     0.0075921       0.0118325             0.0102156             0.00677678            0.00154354            0.412792              
66     0.00145293      2.27653e-05           0.000245886           0.00114272            0.00440033            2.40473               
67     0.00360168      0.000402142           0.00279657            0.00575694            0.00545107            1.4794                
68     0.0051135       0.000961674           0.00575149            0.00836499            0.00537586            1.16516               
69     0.057337        0.057337              0.057337              0.057337              0.057337              1                     
70     0.069147        0.069147              0.069147              0.069147              0.069147              1                     
71     0.000730266     5.88043e-05           0.000440054           0.00104759            0.00137462            1.70983               
72     0.00171343      0.000126852           0.000928068           0.00228554            0.00351327            1.81078               
73     0.0284166       0.0432378             0.0376694             0.0257217             0.00703746            0.446696              
74     0.0284166       0.0432378             0.0376694             0.0257217             0.00703746            0.446696              
75     0.040767        0.040767              0.040767              0.040767              0.040767              1                     
76     0.0646          0.0646                0.0646                0.0646                0.0646                1                     
77     0.04404         0.04404               0.04404               0.04404               0.04404               1                     
78     0.040767        0.040767              0.040767              0.040767              0.040767              1                     
79     0.061197        0.061197              0.061197              0.061197              0.061197              1                     
80     0.012066        0.012066              0.012066              0.012066              0.012066              1                     
81     0.057337        0.057337              0.057337              0.057337              0.057337              1                     
82     0.012066        0.012066              0.012066              0.012066              0.012066              1                     
83     0.071586        0.071586              0.071586              0.071586              0.071586              1                     
84     0.057337        0.057337              0.057337              0.057337              0.057337              1                     
85     0.057337        0.057337              0.057337              0.057337              0.057337              1                     
86     9.73977e-07     3.05691e-07           3.15949e-06           4.24196e-07           6.53285e-09           0.276056              
87     4.10914e-08     3.53648e-08           1.12392e-07           1.24029e-08           4.20612e-09           0.295306              
88     8.14262e-08     1.76849e-09           1.87617e-07           1.33712e-07           2.60771e-09           0.478032              
89     0.0117767       0.0369389             0.00990135            0.000266615           1.37179e-08           0.0726201             
90     0.079066        0.079066              0.079066              0.079066              0.079066              1                     
91     0.071586        0.071586              0.071586              0.071586              0.071586              1                     
92     0.0646          0.0646                0.0646                0.0646                0.0646                1                     
93     0.055941        0.055941              0.055941              0.055941              0.055941              1                     
94     0.022355        0.022355              0.022355              0.022355              0.022355              1                     
95     0.069147        0.069147              0.069147              0.069147              0.069147              1                     
96     0.071586        0.071586              0.071586              0.071586              0.071586              1                     
97     0.053052        0.053052              0.053052              0.053052              0.053052              1                     
98     0.099081        0.099081              0.099081              0.099081              0.099081              1                     
99     0.012937        0.012937              0.012937              0.012937              0.012937              1                     
100    0.079066        0.079066              0.079066              0.079066              0.079066              1                     
101    0.099081        0.099081              0.099081              0.099081              0.099081              1                     
102    0.04404         0.04404               0.04404               0.04404               0.04404               1                     
103    0.061197        0.061197              0.061197              0.061197              0.061197              1                     
104    0.0646          0.0646                0.0646                0.0646                0.0646                1                     
105    0.022355        0.022355              0.022355              0.022355              0.022355              1                     
106    0.042302        0.042302              0.042302              0.042302              0.042302              1                     
107    0.055941        0.055941              0.055941              0.055941              0.055941              1                     
108    0.057337        0.057337              0.057337              0.057337              0.057337              1                     
109    7.80863e-09     1.0533e-13            7.57214e-10           9.24719e-09           2.123e-08             2.24994               
110    9.39772e-08     2.2588e-10            5.10642e-08           2.01008e-07           1.23611e-07           1.42569               
111    1.33601e-10     7.31767e-15           6.72295e-11           3.76085e-10           9.10839e-11           1.08833               
112    1.14369e-16     1.07996e-28           2.4458e-21            4.79244e-18           4.52682e-16           2.93547               
113    2.08294e-09     2.19612e-11           3.73345e-09           4.5696e-09            6.75904e-12           0.536715              
114    4.18317e-15     1.17188e-23           8.31689e-18           2.22809e-15           1.44963e-14           2.66809               
115    5.2423e-14      4.5895e-19            3.22287e-14           1.58391e-13           1.90721e-14           0.900237              
116    0.0125448       0.0440035             0.00614459            3.11342e-05           1.98186e-11           0.0512876             
117    7.07266e-09     8.83612e-14           4.08908e-10           1.4343e-08            1.35386e-08           1.81928               
118    9.18033e-08     1.15176e-09           9.43287e-08           1.76981e-07           9.47517e-08           1.20196               
119    5.38232e-08     1.29908e-12           4.88062e-10           1.57949e-08           1.99009e-07           2.79289               
120    2.12226e-08     3.19065e-11           5.38057e-09           1.99511e-08           5.95267e-08           2.27426               
121    0.099081        0.099081              0.099081              0.099081              0.099081              1                     
122    0.099081        0.099081              0.099081              0.099081              0.099081              1                     
123    0.012066        0.012066              0.012066              0.012066              0.012066              1                     
124    0.04404         0.04404               0.04404               0.04404               0.04404               1                     
125    0.099081        0.099081              0.099081              0.099081              0.099081              1                     
126    0.040767        0.040767              0.040767              0.040767              0.040767              1                     
127    0.04404         0.04404               0.04404               0.04404               0.04404               1                     
128    0.012937        0.012937              0.012937              0.012937              0.012937              1                     
129    0.00173551      0.000329452           0.00188392            0.00238173            0.00234695            1.33354               
130    0.002625        0.000651064           0.00289506            0.00352976            0.00342411            1.29402               
131    0.00202603      0.000655814           0.0023745             0.00257854            0.00249528            1.23036               
132    0.00177189      0.00120315            0.00272958            0.00172724            0.00142759            0.879702              
133    0.00164969      0.000139593           0.00137846            0.00255446            0.00252624            1.48591               
134    3.71238e-06     6.5533e-09            1.93052e-06           7.21003e-06           5.70242e-06           1.54877               
135    2.61266e-06     1.09758e-07           5.31159e-06           3.33939e-06           1.68991e-06           0.845681              
136    3.70395e-05     1.79404e-05           9.06671e-05           3.86906e-05           8.60017e-07           0.364714              
137    6.36431e-06     1.41145e-06           1.54907e-05           6.9676e-06            1.58746e-06           0.539408              
138    6.06747e-05     2.83753e-05           0.000169351           2.90453e-05           1.59275e-05           0.449223              
139    0.071586        0.071586              0.071586              0.071586              0.071586              1                     
140    0.053052        0.053052              0.053052              0.053052              0.053052              1                     
141    0.057337        0.057337              0.057337              0.057337              0.057337              1                     
142    0.069147        0.069147              0.069147              0.069147              0.069147              1                     
143    0.069147        0.069147              0.069147              0.069147              0.069147              1                     
144    0.053287        0.053287              0.053287              0.053287              0.053287              1                     
145    0.055941        0.055941              0.055941              0.055941              0.055941              1                     
146    2.12388e-07     4.38385e-09           3.75629e-07           2.97428e-07           1.7211e-07            0.975701              
147    6.39868e-07     2.25707e-10           2.57717e-07           1.53682e-06           7.6471e-07            1.38073               
148    9.43545e-05     1.39243e-05           0.000212023           0.000127918           2.3552e-05            0.580018              
149    5.82403e-06     3.42437e-09           1.49169e-06           8.3991e-06            1.34019e-05           2.00097               
150    9.29654e-05     0.000122311           0.000203406           4.36973e-05           2.44771e-06           0.244413              
151    2.62254e-06     1.30861e-09           2.32566e-07           2.1159e-06            8.14039e-06           2.45986               
152    9.00252e-06     5.92001e-09           1.69032e-06           1.29349e-05           2.13789e-05           2.05052               
153    4.43938e-05     5.2219e-05            0.000117638           7.7145e-06            4.15859e-09           0.191664              
154    1.34825e-07     3.10284e-12           9.95743e-09           2.08724e-07           3.20615e-07           2.06846               
155    1.80319e-08     1.17534e-12           1.40171e-09           2.10933e-08           4.96314e-08           2.27088               
156    2.46124e-09     1.43412e-13           2.10362e-10           1.81723e-09           7.81723e-09           2.4995                
157    1.60424e-10     1.32362e-13           5.11815e-11           3.86556e-10           2.03826e-10           1.43335               
158    7.05276e-08     5.65668e-12           2.09322e-08           2.10805e-07           5.03676e-08           1.13499               
159    2.28991e-10     5.10246e-15           6.54678e-11           8.0875e-10            4.17424e-11           0.848197              
160    1.07969e-10     2.63571e-12           4.2117e-10            8.06985e-12           2.04604e-17           0.235026              
161    2.1268e-14      2.2263e-27            8.24927e-20           7.19348e-16           8.43528e-14           2.93986               
162    7.51924e-13     1.14701e-20           6.1472e-15            7.34147e-13           2.2674e-12            2.4233                
163    1.49845e-09     4.79736e-14           2.28057e-10           5.17962e-09           5.86054e-10           0.980253              
164    2.78072e-09     2.97162e-12           2.03047e-09           5.48295e-09           3.60649e-09           1.38965               
165    3.02241e-08     2.5408e-13            1.97584e-10           8.64516e-09           1.12053e-07           2.79866               
166    1.72836e-07     9.91035e-13           2.45756e-09           8.19601e-08           6.06927e-07           2.6914                
167    6.61976e-05     1.67533e-06           6.00827e-05           0.000123077           7.99553e-05           1.31168               
168    0.00101454      7.85444e-05           0.000649995           0.00151252            0.00181709            1.65556               
169    0.053287        0.053287              0.053287              0.053287              0.053287              1                     
170    0.053287        0.053287              0.053287              0.053287              0.053287              1                     
171    0.061197        0.061197              0.061197              0.061197              0.061197              1                     
172    0.0239374       0.0426005             0.0332462             0.0169963             0.00290657            0.320094              
173    0.00323545      0.00084893            0.00470621            0.00549693            0.00188974            0.851173              
174    0.00152945      0.000235307           0.00158918            0.00253275            0.00176054            1.23787               
175    0.000334823     2.42446e-06           8.75296e-05           0.000441977           0.000807359           2.05868               
176    0.00210252      0.0002659             0.00177099            0.00309904            0.00327414            1.49102               
177    0.019083        0.0396665             0.0251058             0.00920255            0.00235713            0.274512              
178    0.00414239      0.00153037            0.0065656             0.00517184            0.00330173            0.927823              
179    0.00585138      0.00170258            0.00875745            0.00897812            0.00396738            0.89072               
180    0.00116317      4.88534e-05           0.000470847           0.00149979            0.0026332             1.95187               
181    0.099081        0.099081              0.099081              0.099081              0.099081              1                     
