Note : P(D|M) is the probability of site D given the model M (i.e., the site likelihood)
P(D|M,rr[x]) is the probability of site D given the model M and the relative rate
of evolution rr[x], where x is the class of rate to be considered.
We have P(D|M) = \sum_x P(x) x P(D|M,rr[x]).


Site   P(D|M)          P(D|M,rr[1]=0.0367)   P(D|M,rr[2]=0.2634)   P(D|M,rr[3]=0.8328)   P(D|M,rr[4]=2.8671)   Posterior mean        
1      0.022951        0.022951              0.022951              0.022951              0.022951              1                     
2      0.042302        0.042302              0.042302              0.042302              0.042302              1                     
3      0.042302        0.042302              0.042302              0.042302              0.042302              1                     
4      0.099081        0.099081              0.099081              0.099081              0.099081              1                     
5      0.042302        0.042302              0.042302              0.042302              0.042302              1                     
6      0.069147        0.069147              0.069147              0.069147              0.069147              1                     
7      0.099081        0.099081              0.099081              0.099081              0.099081              1                     
8      0.042302        0.042302              0.042302              0.042302              0.042302              1                     
9      0.034155        0.034155              0.034155              0.034155              0.034155              1                     
10     0.042302        0.042302              0.042302              0.042302              0.042302              1                     
11     0.034155        0.034155              0.034155              0.034155              0.034155              1                     
12     0.042302        0.042302              0.042302              0.042302              0.042302              1                     
13     0.099081        0.099081              0.099081              0.099081              0.099081              1                     
14     0.062157        0.062157              0.062157              0.062157              0.062157              1                     
15     0.053052        0.053052              0.053052              0.053052              0.053052              1                     
16     0.034155        0.034155              0.034155              0.034155              0.034155              1                     
17     0.069147        0.069147              0.069147              0.069147              0.069147              1                     
18     0.042302        0.042302              0.042302              0.042302              0.042302              1                     
19     0.042302        0.042302              0.042302              0.042302              0.042302              1                     
20     0.061197        0.061197              0.061197              0.061197              0.061197              1                     
21     0.061197        0.061197              0.061197              0.061197              0.061197              1                     
22     0.069147        0.069147              0.069147              0.069147              0.069147              1                     
23     0.042302        0.042302              0.042302              0.042302              0.042302              1                     
24     0.099081        0.099081              0.099081              0.099081              0.099081              1                     
25     0.00349901      0.000838802           0.00410908            0.00564075            0.00340742            1.11318               
26     0.00169453      0.000119384           0.000838129           0.00226262            0.00355801            1.81621               
27     0.0286039       0.0569812             0.0352585             0.0158717             0.00630399            0.372957              
28     0.00169453      0.000119384           0.000838129           0.00226262            0.00355801            1.81621               
29     0.00632875      0.0122565             0.00879761            0.00389161            0.000369284           0.27917               
30     0.000326952     3.6558e-05            0.0002187             0.000461272           0.000591277           1.63505               
31     0.00145751      0.000184537           0.00115167            0.0023365             0.00215734            1.44788               
32     1.71028e-06     1.048e-07             2.51742e-06           3.92022e-06           2.98671e-07           0.69989               
33     2.95658e-07     1.07879e-09           8.67605e-08           5.63243e-07           5.31549e-07           1.70463               
34     4.09078e-06     5.47675e-09           1.13731e-06           9.06885e-06           6.15149e-06           1.55772               
35     5.00617e-06     1.63663e-07           4.76221e-06           1.22598e-05           2.83905e-06           0.979299              
36     8.29641e-05     5.32581e-06           4.02883e-05           0.000119766           0.000166477           1.77139               
37     1.23642e-05     5.97164e-08           2.42638e-06           1.40119e-05           3.29588e-05           2.15957               
38     0.000896126     0.000150734           0.000863749           0.00158792            0.000982105           1.21948               
39     0.000243705     4.10539e-05           0.000224387           0.000382531           0.000326848           1.35028               
40     0.0425796       0.0439841             0.0436411             0.042792              0.0399013             0.957897              
41     0.0425796       0.0439841             0.0436411             0.042792              0.0399013             0.957897              
42     1.73083e-05     1.17106e-07           4.52321e-06           2.35654e-05           4.10277e-05           1.99976               
43     3.17922e-07     9.92893e-12           4.13942e-09           1.08522e-07           1.15902e-06           2.68497               
44     3.79774e-06     1.05719e-08           4.76315e-07           3.37462e-06           1.13295e-05           2.33155               
45     3.42018e-05     1.09806e-05           5.16316e-05           5.95833e-05           1.46116e-05           0.771281              
46     0.0255355       0.0426198             0.0348314             0.0210511             0.00363973            0.378952              
47     6.70213e-09     2.55433e-14           4.79036e-11           2.0974e-09            2.46632e-08           2.70325               
48     2.7235e-08      1.54649e-11           3.49038e-09           3.48216e-08           7.06125e-08           2.13301               
49     0.079066        0.079066              0.079066              0.079066              0.079066              1                     
50     0.057337        0.057337              0.057337              0.057337              0.057337              1                     
51     0.053287        0.053287              0.053287              0.053287              0.053287              1                     
52     0.00416859      0.000955378           0.00482926            0.00688161            0.00400811            1.11127               
53     0.0263169       0.0502345             0.0352928             0.0160012             0.0037389             0.334261              
54     0.000990059     5.15195e-05           0.00034603            0.000973103           0.00258958            2.10289               
55     0.00519098      0.0010405             0.0054279             0.00839806            0.00589747            1.22184               
56     0.0127165       0.0351336             0.0141618             0.00156755            3.2658e-06            0.124554              
57     7.62592e-09     3.34849e-13           4.70242e-10           1.02371e-08           1.9796e-08            2.1442                
58     0.00037358      9.52846e-05           0.000498778           0.000723151           0.000177108           0.833089              
59     9.90395e-05     8.14137e-05           0.000225957           8.55942e-05           3.19298e-06           0.360826              
60     1.77951e-06     7.739e-08             2.04948e-06           4.27628e-06           7.14914e-07           0.864519              
61     9.73569e-06     2.53961e-06           1.32366e-05           1.89307e-05           4.23583e-06           0.808617              
62     0.000613815     0.000190514           0.000931589           0.00115142            0.000181735           0.705561              
63     9.60202e-05     3.1873e-06            9.43222e-05           0.000245752           4.08187e-05           0.902561              
64     0.0212467       0.0590209             0.0230334             0.00289602            3.65447e-05           0.126509              
65     0.0268024       0.0539966             0.0373742             0.0150995             0.000739508           0.247392              
66     6.73253e-07     6.49418e-09           2.52096e-07           1.22339e-06           1.21103e-06           1.69238               
67     0.0134435       0.0364475             0.0153974             0.00192397            5.2669e-06            0.130395              
68     4.20804e-05     5.23658e-06           3.5686e-05            8.16318e-05           4.57671e-05           1.24044               
69     0.0138961       0.0313728             0.0187063             0.00538761            0.000117664           0.196166              
70     2.38375e-08     1.70505e-09           3.78322e-08           5.19933e-08           3.81927e-09           0.674128              
71     0.007392        0.0196032             0.00875816            0.00120455            2.10886e-06           0.136504              
72     0.0387639       0.0900925             0.0508806             0.0136243             0.000458035           0.189421              
73     3.53797e-06     2.41329e-06           7.84792e-06           3.80206e-06           8.85928e-08           0.39402               
74     2.6135e-05      1.11741e-05           4.75346e-05           4.27552e-05           3.07587e-06           0.548656              
75     2.06696e-07     1.52032e-08           3.38272e-07           4.55376e-07           1.7931e-08            0.629317              
76     3.35534e-08     2.47234e-09           5.49713e-08           7.38765e-08           2.89335e-09           0.628777              
77     2.67205e-07     7.19985e-09           2.22824e-07           6.58548e-07           1.80249e-07           1.0518                
78     2.36683e-06     8.37876e-08           2.26156e-06           5.51923e-06           1.60276e-06           1.03413               
79     0.0387639       0.0900925             0.0508806             0.0136243             0.000458035           0.189421              
80     0.0268024       0.0539966             0.0373742             0.0150995             0.000739508           0.247392              
81     4.30252e-05     1.44449e-06           2.00751e-05           8.30903e-05           6.74907e-05           1.55746               
82     1.08372e-06     6.16997e-08           1.47635e-06           2.4402e-06            3.56603e-07           0.794895              
83     7.91824e-08     1.28259e-11           3.91799e-09           6.78427e-08           2.44956e-07           2.39901               
84     8.15984e-05     2.60223e-05           0.000126401           0.00015275            2.12203e-05           0.681082              
85     1.55179e-07     5.07378e-10           8.34169e-08           3.95773e-07           1.41018e-07           1.21779               
86     0.0134435       0.0364475             0.0153974             0.00192397            5.2669e-06            0.130395              
87     3.00661e-05     1.8312e-06            4.327e-05             6.93484e-05           5.81468e-06           0.714172              
88     0.020739        0.050364              0.0266408             0.00587183            7.94286e-05           0.168582              
89     6.49492e-08     4.09367e-12           5.49851e-09           1.05642e-07           1.48652e-07           1.98472               
90     1.18765e-07     1.60235e-08           2.71376e-07           1.84779e-07           2.8814e-09            0.493019              
91     0.099081        0.099081              0.099081              0.099081              0.099081              1                     
92     0.042302        0.042302              0.042302              0.042302              0.042302              1                     
93     2.94328e-05     9.06621e-07           2.70011e-05           7.28009e-05           1.70225e-05           0.990215              
94     5.88278e-06     7.42443e-08           5.17692e-06           1.67078e-05           1.57214e-06           0.840936              
95     7.69976e-05     6.64938e-05           0.000180524           5.99561e-05           1.0165e-06            0.333898              
96     0.0262569       0.0538293             0.0365508             0.0140693             0.000578045           0.237832              
97     0.0180417       0.0521015             0.0182444             0.00180755            1.31768e-05           0.114492              
98     1.22536e-07     6.32156e-09           1.54823e-07           2.76542e-07           5.24572e-08           0.860394              
99     0.000473792     0.000360173           0.00102467            0.000496699           1.36222e-05           0.388268              
100    0.0216451       0.0418002             0.0303165             0.0136146             0.000848888           0.269032              
101    0.0223068       0.0571759             0.0272777             0.00473398            3.93962e-05           0.149512              
102    2.71021e-05     3.68098e-07           1.31173e-05           5.45333e-05           4.03898e-05           1.51911               
103    0.0216451       0.0418002             0.0303165             0.0136146             0.000848888           0.269032              
104    0.0223068       0.0571759             0.0272777             0.00473398            3.93962e-05           0.149512              
105    0.000352927     9.50406e-05           0.000489687           0.000682231           0.00014475            0.790282              
106    0.0216451       0.0418002             0.0303165             0.0136146             0.000848888           0.269032              
107    0.0193938       0.0476231             0.0247255             0.00517306            5.34014e-05           0.164012              
108    0.0223068       0.0571759             0.0272777             0.00473398            3.93962e-05           0.149512              
109    0.0216451       0.0418002             0.0303165             0.0136146             0.000848888           0.269032              
110    0.0379694       0.0897299             0.0494212             0.0124047             0.000321813           0.181506              
111    0.00626269      0.0189217             0.00580289            0.000326074           1.12475e-07           0.0996141             
112    0.0216451       0.0418002             0.0303165             0.0136146             0.000848888           0.269032              
113    0.0135782       0.0312351             0.0181241             0.00487148            8.2249e-05            0.188058              
114    0.00626269      0.0189217             0.00580289            0.000326074           1.12475e-07           0.0996141             
115    0.0202354       0.0500909             0.0256184             0.00518207            5.04144e-05           0.161202              
116    0.0135782       0.0312351             0.0181241             0.00487148            8.2249e-05            0.188058              
117    1.0127e-06      9.9855e-07            2.43307e-06           6.14742e-07           4.44024e-09           0.296786              
118    5.00161e-06     2.83888e-06           1.03745e-05           6.57918e-06           2.13867e-07           0.446318              
119    0.0222117       0.0571157             0.0270725             0.00462246            3.63117e-05           0.148374              
120    0.0205653       0.058453              0.0214813             0.0023114             1.56695e-05           0.118831              
121    0.00576771      0.0114094             0.0080827             0.00341339            0.000165347           0.254209              
122    0.0193136       0.0475788             0.0245609             0.00506515            4.96849e-05           0.162809              
123    0.0123414       0.0348174             0.0132715             0.00127525            1.53829e-06           0.118323              
124    0.0205653       0.058453              0.0214813             0.0023114             1.56695e-05           0.118831              
125    0.0222117       0.0571157             0.0270725             0.00462246            3.63117e-05           0.148374              
126    0.0257322       0.0689129             0.029904              0.00409407            1.7789e-05            0.13474               
127    7.96254e-05     7.78909e-06           0.000152864           0.000154671           3.17767e-06           0.560347              
128    0.0130489       0.0361358             0.0144762             0.0015812             2.58696e-06           0.123853              
129    0.000161965     3.97538e-05           0.000209275           0.000311322           8.75077e-05           0.874796              
130    0.000713832     0.000387458           0.00145178            0.000980157           3.59303e-05           0.460864              
131    0.03781         0.0896531             0.0491188             0.0121669             0.000301258           0.180027              
132    0.0222117       0.0571157             0.0270725             0.00462246            3.63117e-05           0.148374              
133    0.03781         0.0896531             0.0491188             0.0121669             0.000301258           0.180027              
134    0.00576771      0.0114094             0.0080827             0.00341339            0.000165347           0.254209              
135    0.0263907       0.0643701             0.033793              0.0073073             9.25013e-05           0.166879              
136    0.0179565       0.052022              0.018046              0.00174635            1.17219e-05           0.113499              
137    0.0261649       0.0538                0.0364085             0.0138969             0.000554078           0.236272              
138    0.0222117       0.0571157             0.0270725             0.00462246            3.63117e-05           0.148374              
139    0.0179565       0.052022              0.018046              0.00174635            1.17219e-05           0.113499              
140    0.0179565       0.052022              0.018046              0.00174635            1.17219e-05           0.113499              
141    0.0261649       0.0538                0.0364085             0.0138969             0.000554078           0.236272              
142    3.14343e-05     6.60727e-07           2.117e-05             7.14308e-05           3.24758e-05           1.25817               
143    0.00623459      0.0188902             0.00573405            0.000314008           9.8819e-08            0.0988851             
144    0.00576771      0.0114094             0.0080827             0.00341339            0.000165347           0.254209              
145    0.0201514       0.0500431             0.025444              0.00507149            4.68276e-05           0.160013              
146    0.0193136       0.0475788             0.0245609             0.00506515            4.96849e-05           0.162809              
147    0.03781         0.0896531             0.0491188             0.0121669             0.000301258           0.180027              
148    0.000187405     0.000165085           0.000432692           0.000149382           2.46243e-06           0.3355                
149    0.000798533     0.000437388           0.00163213            0.00108696            3.76624e-05           0.456826              
150    0.000743018     0.000388436           0.00148042            0.00105385            4.93596e-05           0.478918              
151    0.000827122     0.000438357           0.00166036            0.00115899            5.07779e-05           0.472793              
152    0.0222117       0.0571157             0.0270725             0.00462246            3.63117e-05           0.148374              
153    0.0123414       0.0348174             0.0132715             0.00127525            1.53829e-06           0.118323              
154    0.00015871      8.15363e-05           0.000312211           0.000226171           1.49233e-05           0.498349              
155    0.013525        0.031211              0.0180242             0.0047872             7.74757e-05           0.186746              
156    0.00104042      0.000500122           0.00196795            0.00156348            0.00013013            0.531488              
157    0.0130489       0.0361358             0.0144762             0.0015812             2.58696e-06           0.123853              
158    0.000202673     0.000110116           0.00041239            0.000277401           1.07833e-05           0.46208               
159    0.013525        0.031211              0.0180242             0.0047872             7.74757e-05           0.186746              
160    0.000743018     0.000388436           0.00148042            0.00105385            4.93596e-05           0.478918              
161    0.0257322       0.0689129             0.029904              0.00409407            1.7789e-05            0.13474               
162    0.0263907       0.0643701             0.033793              0.0073073             9.25013e-05           0.166879              
163    0.0222117       0.0571157             0.0270725             0.00462246            3.63117e-05           0.148374              
164    0.0179565       0.052022              0.018046              0.00174635            1.17219e-05           0.113499              
165    0.0263907       0.0643701             0.033793              0.0073073             9.25013e-05           0.166879              
166    0.013525        0.031211              0.0180242             0.0047872             7.74757e-05           0.186746              
167    8.61357e-05     3.34947e-05           0.000171544           0.000137043           2.46162e-06           0.486447              
168    0.000136661     5.90364e-06           0.00016044            0.000344281           3.60183e-05           0.791126              
169    4.46439e-06     1.99611e-07           5.30553e-06           1.09218e-05           1.43067e-06           0.817713              
170    0.00623459      0.0188902             0.00573405            0.000314008           9.8819e-08            0.0988851             
171    0.0222117       0.0571157             0.0270725             0.00462246            3.63117e-05           0.148374              
172    2.35575e-05     1.29068e-06           3.23494e-05           5.65177e-05           4.07204e-06           0.714332              
173    0.013525        0.031211              0.0180242             0.0047872             7.74757e-05           0.186746              
174    2.41157e-05     1.55633e-05           5.31529e-05           2.74017e-05           3.44885e-07           0.397884              
175    1.30972e-05     8.79851e-07           2.04588e-05           2.98273e-05           1.22304e-06           0.644564              
176    0.0174066       0.0511105             0.0171784             0.00133515            2.53951e-06           0.108025              
177    0.0215741       0.0417814             0.0302189             0.0134765             0.00081964            0.267306              
178    2.28082e-05     1.11339e-06           2.9177e-05            5.66236e-05           4.31899e-06           0.737294              
179    0.013525        0.031211              0.0180242             0.0047872             7.74757e-05           0.186746              
180    0.03781         0.0896531             0.0491188             0.0121669             0.000301258           0.180027              
181    0.0257322       0.0689129             0.029904              0.00409407            1.7789e-05            0.13474               
182    0.013525        0.031211              0.0180242             0.0047872             7.74757e-05           0.186746              
183    0.00108845      0.000947092           0.00251609            0.00087631            1.43217e-05           0.33726               
184    0.0130489       0.0361358             0.0144762             0.0015812             2.58696e-06           0.123853              
185    0.0257322       0.0689129             0.029904              0.00409407            1.7789e-05            0.13474               
186    0.0222117       0.0571157             0.0270725             0.00462246            3.63117e-05           0.148374              
187    2.56143e-07     7.34482e-10           1.3596e-07            7.48944e-07           1.38933e-07           1.03253               
188    0.0201514       0.0500431             0.025444              0.00507149            4.68276e-05           0.160013              
189    0.0257322       0.0689129             0.029904              0.00409407            1.7789e-05            0.13474               
190    0.0263907       0.0643701             0.033793              0.0073073             9.25013e-05           0.166879              
191    0.0257322       0.0689129             0.029904              0.00409407            1.7789e-05            0.13474               
192    0.000630345     0.000453112           0.00141853            0.000639254           1.04857e-05           0.377854              
193    6.42832e-07     9.58643e-10           1.80555e-07           1.27438e-06           1.11543e-06           1.67498               
194    0.0263907       0.0643701             0.033793              0.0073073             9.25013e-05           0.166879              
195    0.0263907       0.0643701             0.033793              0.0073073             9.25013e-05           0.166879              
196    0.0263907       0.0643701             0.033793              0.0073073             9.25013e-05           0.166879              
197    0.0174066       0.0511105             0.0171784             0.00133515            2.53951e-06           0.108025              
198    0.0201514       0.0500431             0.025444              0.00507149            4.68276e-05           0.160013              
199    0.0123414       0.0348174             0.0132715             0.00127525            1.53829e-06           0.118323              
200    0.0201514       0.0500431             0.025444              0.00507149            4.68276e-05           0.160013              
201    0.0123414       0.0348174             0.0132715             0.00127525            1.53829e-06           0.118323              
202    0.0318359       0.058477              0.0442475             0.0222635             0.00235541            0.30702               
203    0.0201514       0.0500431             0.025444              0.00507149            4.68276e-05           0.160013              
204    6.99183e-06     1.2044e-07            4.77224e-06           1.70362e-05           6.03848e-06           1.17144               
205    0.000798533     0.000437388           0.00163213            0.00108696            3.76624e-05           0.456826              
206    0.0222117       0.0571157             0.0270725             0.00462246            3.63117e-05           0.148374              
207    9.39686e-07     4.0513e-10            1.02e-07              1.18465e-06           2.47169e-06           2.15496               
208    0.000827122     0.000438357           0.00166036            0.00115899            5.07779e-05           0.472793              
209    0.000262101     7.37805e-05           0.000373637           0.000502153           9.88313e-05           0.76562               
210    0.013525        0.031211              0.0180242             0.0047872             7.74757e-05           0.186746              
211    2.8529e-07      4.64133e-10           9.06847e-08           6.35029e-07           4.14984e-07           1.52699               
212    6.6696e-06      4.64898e-07           1.05995e-05           1.4955e-05            6.59029e-07           0.642956              
213    0.0179565       0.052022              0.018046              0.00174635            1.17219e-05           0.113499              
214    0.0123414       0.0348174             0.0132715             0.00127525            1.53829e-06           0.118323              
215    0.0215741       0.0417814             0.0302189             0.0134765             0.00081964            0.267306              
216    0.0257322       0.0689129             0.029904              0.00409407            1.7789e-05            0.13474               
217    0.000827122     0.000438357           0.00166036            0.00115899            5.07779e-05           0.472793              
218    0.0193136       0.0475788             0.0245609             0.00506515            4.96849e-05           0.162809              
219    0.0215741       0.0417814             0.0302189             0.0134765             0.00081964            0.267306              
220    0.000713832     0.000387458           0.00145178            0.000980157           3.59303e-05           0.460864              
221    0.0193136       0.0475788             0.0245609             0.00506515            4.96849e-05           0.162809              
222    0.000190497     9.02634e-05           0.000366285           0.000292132           1.33094e-05           0.500323              
223    0.0193136       0.0475788             0.0245609             0.00506515            4.96849e-05           0.162809              
224    0.0193136       0.0475788             0.0245609             0.00506515            4.96849e-05           0.162809              
225    0.0261649       0.0538                0.0364085             0.0138969             0.000554078           0.236272              
226    4.45896e-05     2.08261e-05           8.39433e-05           6.8403e-05            5.18618e-06           0.531014              
227    0.0174066       0.0511105             0.0171784             0.00133515            2.53951e-06           0.108025              
228    1.15991e-08     1.20953e-12           1.39332e-09           2.07769e-08           2.4225e-08            1.87784               
229    0.0222117       0.0571157             0.0270725             0.00462246            3.63117e-05           0.148374              
230    0.00721288      0.0194717             0.00834518            0.00103339            1.22945e-06           0.130929              
231    1.12377e-08     5.41475e-14           1.16031e-10           6.13674e-09           3.8698e-08            2.58262               
232    0.000306605     0.000201895           0.00067224            0.000343514           8.76896e-06           0.404187              
233    0.0257322       0.0689129             0.029904              0.00409407            1.7789e-05            0.13474               
234    3.11138e-06     2.21763e-07           4.9592e-06            6.89471e-06           3.69837e-07           0.652179              
235    0.0201514       0.0500431             0.025444              0.00507149            4.68276e-05           0.160013              
236    0.0158218       0.038189              0.0204799             0.00456627            5.20499e-05           0.169848              
237    5.83766e-07     1.75922e-08           5.70237e-07           1.52477e-06           2.22466e-07           0.881565              
238    0.0201514       0.0500431             0.025444              0.00507149            4.68276e-05           0.160013              
239    0.0130489       0.0361358             0.0144762             0.0015812             2.58696e-06           0.123853              
240    0.00721288      0.0194717             0.00834518            0.00103339            1.22945e-06           0.130929              
241    0.0201514       0.0500431             0.025444              0.00507149            4.68276e-05           0.160013              
242    0.03781         0.0896531             0.0491188             0.0121669             0.000301258           0.180027              
243    0.000921017     0.000832918           0.00213372            0.000705843           1.15835e-05           0.32943               
244    9.62869e-05     8.16512e-05           0.0002275             7.53668e-05           6.29863e-07           0.331023              
245    0.0263907       0.0643701             0.033793              0.0073073             9.25013e-05           0.166879              
246    0.000282227     3.10345e-05           0.000568565           0.000517327           1.19797e-05           0.545729              
247    0.000464372     0.000213716           0.000859548           0.000715306           6.89164e-05           0.553194              
248    1.05666e-05     7.85774e-07           1.72793e-05           2.31458e-05           1.05549e-06           0.636022              
249    0.000127853     6.09354e-05           0.000243266           0.00019284            1.43712e-05           0.524263              
250    2.49255e-06     7.24287e-09           1.37723e-06           7.49659e-06           1.08914e-06           0.975799              
251    0.000594853     0.000384834           0.00129648            0.000678125           1.99669e-05           0.410865              
252    0.0205653       0.058453              0.0214813             0.0023114             1.56695e-05           0.118831              
253    0.0215741       0.0417814             0.0302189             0.0134765             0.00081964            0.267306              
254    0.000713832     0.000387458           0.00145178            0.000980157           3.59303e-05           0.460864              
255    0.0205653       0.058453              0.0214813             0.0023114             1.56695e-05           0.118831              
256    0.0201514       0.0500431             0.025444              0.00507149            4.68276e-05           0.160013              
257    6.73178e-06     1.54623e-07           7.14812e-06           1.83075e-05           1.31684e-06           0.776564              
258    0.0205653       0.058453              0.0214813             0.0023114             1.56695e-05           0.118831              
259    0.0205653       0.058453              0.0214813             0.0023114             1.56695e-05           0.118831              
260    0.0162726       0.0456012             0.017668              0.00181813            3.13155e-06           0.120631              
261    2.45475e-06     1.17145e-07           3.1271e-06            6.13446e-06           4.40285e-07           0.733184              
262    8.20137e-07     5.20931e-10           1.59172e-07           1.83873e-06           1.28213e-06           1.6001                
263    0.0201514       0.0500431             0.025444              0.00507149            4.68276e-05           0.160013              
264    0.00623459      0.0188902             0.00573405            0.000314008           9.8819e-08            0.0988851             
265    9.72132e-05     8.15408e-05           0.000230247           7.66021e-05           4.62861e-07           0.331134              
266    0.0205653       0.058453              0.0214813             0.0023114             1.56695e-05           0.118831              
267    0.03781         0.0896531             0.0491188             0.0121669             0.000301258           0.180027              
268    0.00122094      0.000757139           0.00263053            0.0014652             3.09073e-05           0.415563              
269    0.0201514       0.0500431             0.025444              0.00507149            4.68276e-05           0.160013              
270    0.0123414       0.0348174             0.0132715             0.00127525            1.53829e-06           0.118323              
271    0.0205653       0.058453              0.0214813             0.0023114             1.56695e-05           0.118831              
272    7.28912e-06     2.81651e-07           8.45101e-06           1.89539e-05           1.46993e-06           0.762632              
273    0.0174066       0.0511105             0.0171784             0.00133515            2.53951e-06           0.108025              
274    0.03781         0.0896531             0.0491188             0.0121669             0.000301258           0.180027              
275    2.14689e-06     2.25359e-07           4.26881e-06           4.01672e-06           7.66673e-08           0.547027              
276    0.0205653       0.058453              0.0214813             0.0023114             1.56695e-05           0.118831              
277    0.00721288      0.0194717             0.00834518            0.00103339            1.22945e-06           0.130929              
278    0.0123414       0.0348174             0.0132715             0.00127525            1.53829e-06           0.118323              
279    0.000228825     0.000124534           0.000465418           0.000313065           1.22835e-05           0.462256              
280    0.0222117       0.0571157             0.0270725             0.00462246            3.63117e-05           0.148374              
281    0.03781         0.0896531             0.0491188             0.0121669             0.000301258           0.180027              
282    0.0263907       0.0643701             0.033793              0.0073073             9.25013e-05           0.166879              
283    0.00101255      0.000743387           0.00230597            0.000988739           1.21088e-05           0.368581              
284    0.0263907       0.0643701             0.033793              0.0073073             9.25013e-05           0.166879              
285    0.03781         0.0896531             0.0491188             0.0121669             0.000301258           0.180027              
286    7.56091e-06     2.90846e-07           8.10763e-06           1.83149e-05           3.5303e-06            0.909963              
287    0.0123414       0.0348174             0.0132715             0.00127525            1.53829e-06           0.118323              
288    7.32199e-05     6.76893e-05           0.000170262           5.35678e-05           1.36042e-06           0.327248              
289    0.0263907       0.0643701             0.033793              0.0073073             9.25013e-05           0.166879              
290    0.000338691     0.000166237           0.000642365           0.000508236           3.79245e-05           0.522082              
291    0.0201514       0.0500431             0.025444              0.00507149            4.68276e-05           0.160013              
292    0.00721288      0.0194717             0.00834518            0.00103339            1.22945e-06           0.130929              
293    4.43969e-07     1.63602e-08           4.51658e-07           1.03847e-06           2.69385e-07           0.989236              
294    6.07791e-09     2.38749e-12           5.62686e-10           6.33536e-09           1.74112e-08           2.27642               
295    0.0222117       0.0571157             0.0270725             0.00462246            3.63117e-05           0.148374              
296    0.0222117       0.0571157             0.0270725             0.00462246            3.63117e-05           0.148374              
297    0.0201514       0.0500431             0.025444              0.00507149            4.68276e-05           0.160013              
298    0.000719754     0.000439175           0.00152775            0.000885543           2.65529e-05           0.427975              
299    0.0158218       0.038189              0.0204799             0.00456627            5.20499e-05           0.169848              
300    0.000214169     0.000104695           0.000406864           0.000314955           3.01623e-05           0.536708              
301    0.0001887       3.89736e-05           0.000275269           0.000404173           3.63838e-05           0.682101              
302    2.96114e-06     1.1937e-08            1.89217e-06           8.36167e-06           1.57876e-06           1.01219               
303    0.0162726       0.0456012             0.017668              0.00181813            3.13155e-06           0.120631              
304    2.19052e-06     2.10154e-09           4.67089e-07           4.32279e-06           3.97009e-06           1.72398               
305    1.50759e-07     1.19412e-11           1.56006e-08           2.91274e-07           2.96148e-07           1.81708               
306    0.0158218       0.038189              0.0204799             0.00456627            5.20499e-05           0.169848              
307    3.23178e-09     5.58319e-12           1.13625e-09           8.08314e-09           3.70215e-09           1.365                 
308    1.15916e-06     1.72017e-09           3.61795e-07           2.88885e-06           1.38428e-06           1.39542               
309    0.00124946      0.000668965           0.00253357            0.00173379            6.15363e-05           0.462646              
310    3.11236e-05     8.26511e-07           2.60154e-05           7.70963e-05           2.0556e-05            1.04442               
311    4.91267e-05     1.9578e-05            8.86196e-05           8.15989e-05           6.7104e-06            0.56617               
312    0.069147        0.069147              0.069147              0.069147              0.069147              1                     
313    0.099081        0.099081              0.099081              0.099081              0.099081              1                     
314    0.0646          0.0646                0.0646                0.0646                0.0646                1                     
315    0.034155        0.034155              0.034155              0.034155              0.034155              1                     
316    0.057337        0.057337              0.057337              0.057337              0.057337              1                     
317    0.061197        0.061197              0.061197              0.061197              0.061197              1                     
318    0.061197        0.061197              0.061197              0.061197              0.061197              1                     
319    0.0646          0.0646                0.0646                0.0646                0.0646                1                     
320    0.062157        0.062157              0.062157              0.062157              0.062157              1                     
321    0.053052        0.053052              0.053052              0.053052              0.053052              1                     
322    0.0201514       0.0500431             0.025444              0.00507149            4.68276e-05           0.160013              
323    0.000885705     0.000480547           0.00179078            0.00121371            5.77873e-05           0.470189              
324    2.69921e-05     1.31228e-05           5.26865e-05           4.08074e-05           1.3516e-06            0.483653              
325    3.6137e-07      7.1731e-10            1.3314e-07            8.70897e-07           4.40728e-07           1.40021               
326    6.82516e-08     4.22007e-09           1.00689e-07           1.58893e-07           9.20427e-09           0.679079              
327    0.0222117       0.0571157             0.0270725             0.00462246            3.63117e-05           0.148374              
328    0.0205653       0.058453              0.0214813             0.0023114             1.56695e-05           0.118831              
329    0.0646          0.0646                0.0646                0.0646                0.0646                1                     
330    3.26803e-05     1.22977e-06           3.47773e-05           8.20988e-05           1.26151e-05           0.870146              
331    0.00162152      0.00144504            0.00380653            0.00121965            1.48605e-05           0.325934              
332    0.0193136       0.0475788             0.0245609             0.00506515            4.96849e-05           0.162809              
333    0.000200543     0.000117694           0.000414486           0.000263546           6.44448e-06           0.438131              
334    1.15614e-07     9.79304e-11           1.78729e-08           1.33483e-07           3.11004e-07           2.17868               
335    7.81532e-06     1.90826e-07           6.11441e-06           1.93473e-05           5.60876e-06           1.08156               
336    4.17836e-05     3.79133e-06           7.20721e-05           8.49909e-05           6.2799e-06            0.645641              
337    7.75894e-06     7.19873e-08           3.51088e-06           1.79157e-05           9.53718e-06           1.39167               
338    0.00070204      0.000333598           0.00134093            0.00106533            6.83013e-05           0.515814              
339    0.00057451      0.000212812           0.000947922           0.000985465           0.000151841           0.658621              
340    1.55173e-06     8.48528e-08           2.02899e-06           3.51585e-06           5.77241e-07           0.824974              
341    4.05893e-07     2.21563e-10           5.22494e-08           5.74231e-07           9.9687e-07            2.0634                
342    0.000869707     0.00048761            0.0017734             0.00115663            6.11915e-05           0.466738              
343    3.19762e-06     2.89317e-08           9.91566e-07           4.60902e-06           7.16096e-06           1.92578               
344    8.2651e-06      1.92552e-07           6.42541e-06           2.03786e-05           6.06384e-06           1.09062               
345    1.46979e-05     2.49697e-07           1.00737e-05           3.87506e-05           9.71755e-06           1.0681                
346    2.2116e-06      5.74131e-10           1.48681e-07           2.02535e-06           6.67179e-06           2.35738               
347    3.96862e-06     7.00085e-08           2.42746e-06           8.88755e-06           4.48946e-06           1.31753               
348    5.19369e-05     8.49569e-06           5.27796e-05           0.000102344           4.41286e-05           1.0877                
349    8.43054e-05     1.74419e-06           5.79284e-05           0.000199355           7.81942e-05           1.20258               
350    4.18604e-06     8.13363e-09           4.80613e-07           4.45697e-06           1.17984e-05           2.24948               
351    1.1008e-09      8.34509e-15           1.45936e-11           5.27835e-10           3.86075e-09           2.61457               
352    3.48866e-06     9.20924e-08           2.83661e-06           8.32254e-06           2.70339e-06           1.1059                
353    8.05318e-07     8.81844e-11           3.05939e-08           6.14082e-07           2.57651e-06           2.45446               
354    5.8945e-06      2.63181e-09           6.53548e-07           7.88886e-06           1.5033e-05            2.11395               
355    0.00041144      0.000134199           0.000633525           0.000739995           0.000138042           0.71933               
356    0.00100424      0.000314635           0.00140785            0.00159717            0.000697305           0.924015              
357    0.00134436      0.000221247           0.00128131            0.00239079            0.0014841             1.2258                
358    2.6212e-07      1.53977e-12           2.77095e-09           1.10447e-07           9.35261e-07           2.64589               
359    1.39496e-05     1.70457e-07           5.98499e-06           2.48114e-05           2.48315e-05           1.67459               
360    1.26784e-08     3.73297e-12           9.65443e-10           1.27089e-08           3.70355e-08           2.3075                
361    1.23912e-06     4.60444e-09           1.78596e-07           1.00973e-06           3.76355e-06           2.3562                
362    2.31968e-08     5.27873e-14           1.05308e-10           5.40804e-09           8.72737e-08           2.74554               
363    2.60432e-08     5.6497e-14            1.09319e-10           5.33613e-09           9.87273e-08           2.76013               
364    6.82195e-05     1.34728e-07           6.33807e-06           4.94777e-05           0.000216928           2.43634               
365    3.68711e-05     1.61308e-07           6.72236e-06           4.04896e-05           0.000100111           2.18682               
366    3.36181e-05     4.8738e-08            2.74571e-06           2.57365e-05           0.000105941           2.42354               
367    0.00443535      0.000734036           0.00419337            0.00768731            0.0051267             1.25312               
368    0.041114        0.0752493             0.0558491             0.0280154             0.00534224            0.341262              
369    0.04404         0.04404               0.04404               0.04404               0.04404               1                     
370    2.01082e-05     5.37731e-06           2.78442e-05           3.91212e-05           8.09012e-06           0.787078              
371    4.70407e-09     2.43088e-15           2.8395e-11            2.50377e-09           1.62841e-08           2.59245               
372    0.069147        0.069147              0.069147              0.069147              0.069147              1                     
373    0.041977        0.041977              0.041977              0.041977              0.041977              1                     
374    0.0014566       7.06898e-05           0.000528113           0.00164038            0.00358722            2.02399               
375    0.0013442       7.67452e-05           0.000667867           0.00199138            0.00264081            1.74984               
376    5.51238e-09     1.43975e-13           2.26795e-10           5.974e-09             1.58486e-08           2.28911               
377    1.31699e-05     3.86955e-06           1.94241e-05           2.52963e-05           4.08977e-06           0.722307              
378    1.50482e-09     4.62863e-17           7.33468e-13           1.25903e-10           5.89262e-09           2.82419               
379    3.40614e-06     1.698e-07             4.3637e-06            8.26296e-06           8.28115e-07           0.764159              
380    4.48026e-08     1.96221e-13           5.88659e-10           2.75777e-08           1.51044e-07           2.54547               
381    5.08509e-09     2.32461e-16           5.11938e-12           8.33572e-10           1.95017e-08           2.78304               
382    2.39543e-06     9.23982e-08           2.5242e-06            5.78118e-06           1.18395e-06           0.926485              
383    6.59872e-09     2.24069e-14           4.11542e-11           1.86238e-09           2.44913e-08           2.71947               
384    4.06629e-07     7.49596e-11           2.15382e-08           3.48961e-07           1.25594e-06           2.39602               
385    0.000413351     7.21133e-05           0.00040924            0.000731794           0.000440256           1.19882               
386    0.000882706     4.7441e-05            0.00033509            0.000976555           0.00217174            2.0193                
387    0.053287        0.053287              0.053287              0.053287              0.053287              1                     
388    0.042302        0.042302              0.042302              0.042302              0.042302              1                     
389    0.022355        0.022355              0.022355              0.022355              0.022355              1                     
390    0.041977        0.041977              0.041977              0.041977              0.041977              1                     
391    0.0646          0.0646                0.0646                0.0646                0.0646                1                     
392    0.055941        0.055941              0.055941              0.055941              0.055941              1                     
393    0.00530439      0.00124327            0.00608899            0.00836841            0.00551689            1.15169               
394    1.24069e-06     2.44519e-09           1.33121e-07           1.16887e-06           3.65831e-06           2.3167                
395    2.07276e-07     5.1828e-11            1.32192e-08           1.67934e-07           6.47898e-07           2.41334               
396    0.00567762      0.0120665             0.0078604             0.00270591            7.76324e-05           0.21971               
397    5.33192e-05     1.99024e-07           8.54475e-06           5.48597e-05           0.000149673           2.23685               
398    0.000145301     2.32611e-05           0.000134883           0.000254018           0.000169044           1.26047               
399    0.0126941       0.0215901             0.0174233             0.0101968             0.00156618            0.361677              
400    6.67059e-06     7.26975e-09           3.54744e-07           3.11152e-06           2.32088e-05           2.59445               
401    2.30757e-07     1.24617e-09           5.05094e-08           2.83944e-07           5.8733e-07            2.09498               
402    6.30078e-05     6.065e-06             3.81977e-05           8.8859e-05            0.00011891            1.68712               
403    0.000214612     3.65066e-05           0.00020929            0.000383045           0.000229608           1.20423               
404    0.000196007     3.35225e-05           0.000194171           0.000360577           0.000195758           1.16567               
405    8.58769e-06     2.42259e-08           1.06924e-06           7.36899e-06           2.58883e-05           2.34763               
406    2.16231e-07     7.35261e-10           3.22718e-08           2.16411e-07           6.15506e-07           2.25852               
407    4.37788e-07     1.39868e-09           5.92335e-08           3.75743e-07           1.31477e-06           2.34024               
408    1.1353e-07      4.29271e-10           1.84184e-08           1.17877e-07           3.17396e-07           2.23075               
409    0.000129024     1.76342e-05           0.0001039             0.000206018           0.000188545           1.43415               
410    2.61374e-06     3.47915e-09           1.66168e-07           1.38997e-06           8.89534e-06           2.55429               
411    1.38912e-05     2.8648e-08            1.32025e-06           1.00152e-05           4.42009e-05           2.43708               
412    5.67362e-08     2.84265e-12           8.72804e-10           1.79145e-08           2.08154e-07           2.69643               
413    5.58373e-07     1.91146e-11           6.24394e-09           1.45975e-07           2.08125e-06           2.72681               
414    7.14552e-05     5.87604e-06           3.82795e-05           9.50981e-05           0.000146567           1.78334               
415    6.07694e-08     2.92299e-14           6.81729e-11           4.99129e-09           2.38018e-07           2.82456               
416    9.55396e-09     7.81467e-14           2.9932e-11            9.95943e-10           3.71899e-08           2.812                 
417    0.0445841       0.0696917             0.0591183             0.0393854             0.0101409             0.448627              
418    2.48229e-06     1.67715e-09           8.72233e-08           8.76706e-07           8.96354e-06           2.6641                
419    1.45523e-05     2.62658e-08           1.2232e-06            9.54113e-06           4.74186e-05           2.47764               
420    0.00306276      0.000275213           0.00177083            0.00428265            0.00592234            1.71601               
421    0.00219693      0.000288805           0.00174911            0.00364525            0.00310455            1.41198               
422    0.00123499      0.000141378           0.000874508           0.00192358            0.00200049            1.53302               
423    1.57355e-06     1.4793e-09            7.49091e-08           7.01216e-07           5.51659e-06           2.60878               
424    0.000131856     1.38594e-05           8.67503e-05           0.000196635           0.00023018            1.60603               
425    0.00022016      1.28544e-05           8.75442e-05           0.000243623           0.000536617           2.00416               
426    1.85753e-06     1.83202e-09           9.06913e-08           8.19713e-07           6.51788e-06           2.61016               
427    0.071586        0.071586              0.071586              0.071586              0.071586              1                     
428    0.099081        0.099081              0.099081              0.099081              0.099081              1                     
429    0.071586        0.071586              0.071586              0.071586              0.071586              1                     
430    0.0646          0.0646                0.0646                0.0646                0.0646                1                     
431    0.042302        0.042302              0.042302              0.042302              0.042302              1                     
432    1.12515e-07     2.18999e-10           9.91538e-09           7.31766e-08           3.66748e-07           2.47757               
433    4.60902e-08     6.22195e-11           2.9324e-09            2.3862e-08            1.57504e-07           2.5614                
434    0.0436074       0.0632684             0.0556944             0.0407468             0.0147201             0.53392               
435    4.46658e-08     8.84464e-13           3.0054e-10            7.79988e-09           1.70562e-07           2.77386               
436    0.0436074       0.0632684             0.0556944             0.0407468             0.0147201             0.53392               
437    6.50169e-05     1.1852e-07            5.49832e-06           4.26196e-05           0.000211831           2.47736               
438    0.0367949       0.0593606             0.0492651             0.0312363             0.00731788            0.422282              
439    0.0503019       0.0703109             0.0629851             0.048088              0.0198238             0.576801              
440    6.39089e-06     6.49114e-09           3.22414e-07           2.9195e-06            2.23151e-05           2.60118               
441    2.92188e-06     2.39459e-09           1.20601e-07           1.13915e-06           1.04254e-05           2.64134               
442    7.07982e-05     1.46262e-07           6.68592e-06           5.00525e-05           0.000226308           2.44459               
443    5.36171e-06     1.21108e-08           5.46039e-07           3.96524e-06           1.69235e-05           2.42307               
444    1.43671e-06     3.44602e-09           1.55387e-07           1.12325e-06           4.46476e-06           2.39736               
445    0.0357969       0.04365               0.0413215             0.0360227             0.0221936             0.741109              
446    0.000190042     4.40218e-06           3.65294e-05           0.000143526           0.000575712           2.34147               
447    0.00115355      0.00014113            0.000863624           0.00184979            0.00175968            1.47767               
448    8.35539e-05     9.58072e-06           6.42703e-05           0.000147318           0.000113046           1.38856               
449    0.0350194       0.0677464             0.048475              0.0218031             0.00205303            0.280563              
450    7.50286e-06     3.94045e-09           3.06317e-07           3.97508e-06           2.57261e-05           2.57067               
451    7.15212e-07     5.37432e-11           1.61157e-08           3.09006e-07           2.53567e-06           2.63262               
452    1.74218e-07     1.6482e-11            7.95774e-09           1.67962e-07           5.20937e-07           2.34696               
453    0.000117212     3.29007e-05           0.000161871           0.000212377           6.16989e-05           0.848055              
454    1.75731e-06     8.78606e-11           3.80021e-08           1.00282e-06           5.98832e-06           2.56273               
455    8.87046e-07     2.02671e-10           5.36943e-08           7.71887e-07           2.7224e-06            2.38496               
456    1.12022e-05     1.45443e-07           5.15249e-06           2.13175e-05           1.81934e-05           1.5907                
457    4.63543e-08     8.08735e-12           2.48631e-09           4.01907e-08           1.42732e-07           2.39109               
458    1.26357e-05     2.41174e-08           4.53548e-06           2.98257e-05           1.61577e-05           1.43165               
459    2.74073e-06     2.21752e-08           8.60244e-07           4.39149e-06           5.68902e-06           1.84216               
460    1.01148e-06     9.79123e-10           2.08768e-07           1.82455e-06           2.01163e-06           1.81466               
461    4.24607e-08     6.03733e-13           9.34458e-10           2.78352e-08           1.41073e-07           2.51934               
462    3.3085e-08      4.29709e-13           7.24603e-10           2.36095e-08           1.08006e-07           2.48989               
463    9.02098e-06     9.04593e-07           1.77393e-05           1.71736e-05           2.66406e-07           0.547939              
464    1.21338e-05     1.96422e-07           6.99907e-06           2.72234e-05           1.41165e-05           1.33914               
465    0.0302628       0.0661353             0.0409665             0.0133036             0.000645837           0.216031              
466    0.000118633     5.91767e-06           4.14291e-05           0.000122175           0.000305011           2.08071               
467    0.0334119       0.0519018             0.04416               0.0296568             0.00792908            0.456197              
468    7.6633e-07      2.45171e-08           7.08057e-07           1.78464e-06           5.48105e-07           1.05866               
469    1.32135e-07     2.70164e-11           6.9033e-09            9.71545e-08           4.24456e-07           2.45898               
470    4.14907e-08     2.77428e-09           5.28562e-08           8.26437e-08           2.76887e-08           0.977541              
471    7.4959e-06      6.16197e-07           1.3124e-05            1.57615e-05           4.81897e-07           0.599906              
472    2.68763e-06     1.2128e-07            3.32263e-06           6.81947e-06           4.87131e-07           0.740019              
473    0.000175933     4.43604e-05           0.000232517           0.000340711           8.61444e-05           0.843505              
474    2.99301e-07     1.37646e-09           2.09712e-07           8.34915e-07           1.51202e-07           0.98907               
475    1.16579e-07     4.38044e-12           6.20638e-09           1.42832e-07           3.17272e-07           2.20929               
476    1.99367e-07     8.41846e-09           2.36779e-07           5.06371e-07           4.59004e-08           0.772426              
477    0.000478593     1.39718e-05           0.000106579           0.000381626           0.0014122             2.29593               
478    0.061197        0.061197              0.061197              0.061197              0.061197              1                     
479    0.053287        0.053287              0.053287              0.053287              0.053287              1                     
480    0.042302        0.042302              0.042302              0.042302              0.042302              1                     
481    0.042302        0.042302              0.042302              0.042302              0.042302              1                     
482    0.069147        0.069147              0.069147              0.069147              0.069147              1                     
483    0.04404         0.04404               0.04404               0.04404               0.04404               1                     
484    0.012066        0.012066              0.012066              0.012066              0.012066              1                     
485    0.04404         0.04404               0.04404               0.04404               0.04404               1                     
486    0.053287        0.053287              0.053287              0.053287              0.053287              1                     
487    0.099081        0.099081              0.099081              0.099081              0.099081              1                     
488    0.062157        0.062157              0.062157              0.062157              0.062157              1                     
489    0.042302        0.042302              0.042302              0.042302              0.042302              1                     
490    0.00603788      0.00137588            0.00705377            0.0102898             0.00543207            1.07869               
491    0.00128355      5.3604e-05            0.00041206            0.0013278             0.00334076            2.10246               
492    2.70111e-05     1.6132e-05            5.70226e-05           3.34471e-05           1.44277e-06           0.440591              
493    2.9048e-08      9.99649e-11           5.23568e-09           3.95991e-08           7.1257e-08            2.05401               
494    8.86724e-07     3.77792e-09           1.95752e-07           1.39712e-06           1.95025e-06           1.91906               
495    3.38474e-09     1.54529e-13           5.17343e-11           1.21187e-09           1.22752e-08           2.675                 
496    1.21303e-06     1.43133e-09           3.05812e-07           2.58504e-06           1.95982e-06           1.61834               
497    5.98496e-05     1.173e-05             6.46741e-05           0.000108738           5.42561e-05           1.10101               
498    1.72503e-06     1.56838e-09           3.57116e-07           3.47681e-06           3.06464e-06           1.70666               
499    8.7363e-11      2.11842e-17           2.36136e-13           2.14638e-11           3.27752e-10           2.74036               
500    2.71579e-12     2.29461e-22           1.25373e-16           1.01247e-13           1.07618e-11           2.84807               
501    9.28267e-12     3.23874e-20           2.73036e-15           8.39042e-13           3.62889e-11           2.8209                
502    1.25475e-09     3.10902e-14           5.15835e-11           1.48199e-09           3.48541e-09           2.23962               
503    1.80633e-07     3.60012e-11           1.01634e-08           1.61884e-07           5.5045e-07            2.37452               
504    1.05879e-07     6.00405e-12           1.97376e-09           4.53408e-08           3.76197e-07           2.63711               
505    5.218e-06       1.81891e-07           5.13233e-06           1.26277e-05           2.93006e-06           0.97143               
506    0.00290189      0.000996998           0.00449794            0.00486687            0.00124576            0.762105              
507    0.000148735     2.77335e-05           0.000134662           0.000197597           0.00023495            1.47017               
508    0.000119666     1.01787e-06           3.71366e-05           0.000167914           0.000272594           1.94543               
509    0.00845679      0.00204572            0.0100967             0.0139271             0.00775768            1.08123               
510    0.0646          0.0646                0.0646                0.0646                0.0646                1                     
511    0.071586        0.071586              0.071586              0.071586              0.071586              1                     
512    0.040767        0.040767              0.040767              0.040767              0.040767              1                     
513    0.040767        0.040767              0.040767              0.040767              0.040767              1                     
514    0.053287        0.053287              0.053287              0.053287              0.053287              1                     
515    0.061197        0.061197              0.061197              0.061197              0.061197              1                     
516    0.034155        0.034155              0.034155              0.034155              0.034155              1                     
517    0.012066        0.012066              0.012066              0.012066              0.012066              1                     
518    0.040767        0.040767              0.040767              0.040767              0.040767              1                     
519    0.071586        0.071586              0.071586              0.071586              0.071586              1                     
520    0.0646          0.0646                0.0646                0.0646                0.0646                1                     
521    2.56204e-05     1.67211e-08           9.98465e-07           1.13524e-05           9.01142e-05           2.61589               
522    0.000564698     9.67602e-05           0.000556448           0.00101759            0.000587993           1.18798               
523    0.000165505     3.30503e-05           0.00016014            0.000234711           0.000234119           1.37473               
524    0.000668638     2.02282e-05           0.000195412           0.000737372           0.00172154            2.09458               
525    0.04404         0.04404               0.04404               0.04404               0.04404               1                     
526    0.04404         0.04404               0.04404               0.04404               0.04404               1                     
527    0.04404         0.04404               0.04404               0.04404               0.04404               1                     
528    0.04404         0.04404               0.04404               0.04404               0.04404               1                     
529    0.04404         0.04404               0.04404               0.04404               0.04404               1                     
530    0.04404         0.04404               0.04404               0.04404               0.04404               1                     
531    0.04404         0.04404               0.04404               0.04404               0.04404               1                     
532    0.04404         0.04404               0.04404               0.04404               0.04404               1                     
533    0.04404         0.04404               0.04404               0.04404               0.04404               1                     
534    0.04404         0.04404               0.04404               0.04404               0.04404               1                     
535    0.04404         0.04404               0.04404               0.04404               0.04404               1                     
536    0.04404         0.04404               0.04404               0.04404               0.04404               1                     
537    0.04404         0.04404               0.04404               0.04404               0.04404               1                     
538    0.04404         0.04404               0.04404               0.04404               0.04404               1                     
539    0.04404         0.04404               0.04404               0.04404               0.04404               1                     
540    0.04404         0.04404               0.04404               0.04404               0.04404               1                     
541    0.04404         0.04404               0.04404               0.04404               0.04404               1                     
542    0.04404         0.04404               0.04404               0.04404               0.04404               1                     
543    0.04404         0.04404               0.04404               0.04404               0.04404               1                     
544    0.04404         0.04404               0.04404               0.04404               0.04404               1                     
545    0.04404         0.04404               0.04404               0.04404               0.04404               1                     
546    0.04404         0.04404               0.04404               0.04404               0.04404               1                     
547    0.04404         0.04404               0.04404               0.04404               0.04404               1                     
548    0.04404         0.04404               0.04404               0.04404               0.04404               1                     
549    0.04404         0.04404               0.04404               0.04404               0.04404               1                     
550    0.04404         0.04404               0.04404               0.04404               0.04404               1                     
551    0.04404         0.04404               0.04404               0.04404               0.04404               1                     
552    0.04404         0.04404               0.04404               0.04404               0.04404               1                     
553    0.04404         0.04404               0.04404               0.04404               0.04404               1                     
554    0.04404         0.04404               0.04404               0.04404               0.04404               1                     
555    0.04404         0.04404               0.04404               0.04404               0.04404               1                     
556    0.04404         0.04404               0.04404               0.04404               0.04404               1                     
557    0.04404         0.04404               0.04404               0.04404               0.04404               1                     
558    0.04404         0.04404               0.04404               0.04404               0.04404               1                     
559    0.04404         0.04404               0.04404               0.04404               0.04404               1                     
560    0.04404         0.04404               0.04404               0.04404               0.04404               1                     
561    0.04404         0.04404               0.04404               0.04404               0.04404               1                     
562    0.04404         0.04404               0.04404               0.04404               0.04404               1                     
563    0.04404         0.04404               0.04404               0.04404               0.04404               1                     
564    0.04404         0.04404               0.04404               0.04404               0.04404               1                     
565    0.04404         0.04404               0.04404               0.04404               0.04404               1                     
566    0.04404         0.04404               0.04404               0.04404               0.04404               1                     
567    0.04404         0.04404               0.04404               0.04404               0.04404               1                     
568    0.04404         0.04404               0.04404               0.04404               0.04404               1                     
569    0.04404         0.04404               0.04404               0.04404               0.04404               1                     
570    0.04404         0.04404               0.04404               0.04404               0.04404               1                     
571    0.04404         0.04404               0.04404               0.04404               0.04404               1                     
572    0.04404         0.04404               0.04404               0.04404               0.04404               1                     
573    0.04404         0.04404               0.04404               0.04404               0.04404               1                     
574    0.04404         0.04404               0.04404               0.04404               0.04404               1                     
575    0.04404         0.04404               0.04404               0.04404               0.04404               1                     
576    0.04404         0.04404               0.04404               0.04404               0.04404               1                     
577    0.04404         0.04404               0.04404               0.04404               0.04404               1                     
578    0.04404         0.04404               0.04404               0.04404               0.04404               1                     
579    0.04404         0.04404               0.04404               0.04404               0.04404               1                     
580    0.04404         0.04404               0.04404               0.04404               0.04404               1                     
581    0.04404         0.04404               0.04404               0.04404               0.04404               1                     
582    0.04404         0.04404               0.04404               0.04404               0.04404               1                     
583    0.00111606      6.86315e-05           0.000467706           0.00129115            0.00263677            1.96243               
584    3.56006e-06     1.74417e-10           6.45283e-08           1.58793e-06           1.25876e-05           2.62839               
585    3.47929e-07     5.60624e-11           1.43974e-08           2.09881e-07           1.16738e-06           2.53323               
586    0.0236535       0.0422682             0.0328329             0.017507              0.00200583            0.322696              
587    1.46212e-10     1.52079e-16           3.29349e-13           2.0071e-11            5.64448e-10           2.79578               
588    4.80259e-07     6.36289e-11           1.7436e-08            2.74975e-07           1.62856e-06           2.55216               
589    2.82609e-06     6.11078e-10           1.63127e-07           2.36927e-06           8.77137e-06           2.40298               
590    2.86244e-07     1.49219e-11           4.79711e-09           1.03135e-07           1.03703e-06           2.67288               
591    1.32566e-05     2.35869e-07           7.75118e-06           2.71541e-05           1.78852e-05           1.43217               
592    2.82016e-07     4.53267e-10           8.80964e-08           6.4105e-07            3.98465e-07           1.50658               
593    4.18865e-09     4.60267e-14           8.1877e-11            2.96166e-09           1.3711e-08            2.49474               
594    0.0503915       0.0939847             0.0684452             0.0331666             0.00596949            0.328512              
595    0.00154728      6.93021e-05           0.000515424           0.00163585            0.00396854            2.08086               
596    0.00154728      6.93021e-05           0.000515424           0.00163585            0.00396854            2.08086               
597    0.00154728      6.93021e-05           0.000515424           0.00163585            0.00396854            2.08086               
598    0.0646          0.0646                0.0646                0.0646                0.0646                1                     
599    0.0646          0.0646                0.0646                0.0646                0.0646                1                     
600    0.071586        0.071586              0.071586              0.071586              0.071586              1                     
