Note : P(D|M) is the probability of site D given the model M (i.e., the site likelihood)
P(D|M,rr[x]) is the probability of site D given the model M and the relative rate
of evolution rr[x], where x is the class of rate to be considered.
We have P(D|M) = \sum_x P(x) x P(D|M,rr[x]).


Site   P(D|M)          P(D|M,rr[1]=0.1312)   P(D|M,rr[2]=0.4680)   P(D|M,rr[3]=0.9951)   P(D|M,rr[4]=2.4056)   Posterior mean        
1      0.0170021       0.0219449             0.0195633             0.0163515             0.0101487             0.775226              
2      0.0179282       0.0216556             0.0199611             0.0175754             0.0125205             0.833796              
3      8.51159e-05     1.27747e-05           4.4272e-05            9.00287e-05           0.000193388           1.69534               
4      0.0635324       0.0766018             0.0706403             0.0622696             0.0446177             0.835849              
5      0.0402886       0.0435097             0.0421784             0.040178              0.0352885             0.932789              
6      0.0467166       0.0545234             0.0510578             0.0460969             0.0351883             0.864648              
7      0.0842461       0.0968229             0.091286              0.0833152             0.0655604             0.878537              
8      0.0416958       0.0514092             0.0468982             0.0406461             0.0278299             0.815984              
9      0.0358077       0.0413171             0.0388987             0.0354094             0.0276055             0.874624              
10     0.0402886       0.0435097             0.0421784             0.040178              0.0352885             0.932789              
11     0.010819        0.0126146             0.0118239             0.0106853             0.00815236            0.865004              
12     0.0635324       0.0766018             0.0706403             0.0622696             0.0446177             0.835849              
13     0.0463109       0.0587091             0.052797              0.0447636             0.028974              0.79172               
14     0.0602542       0.0698548             0.0656144             0.0595231             0.0460246             0.870592              
15     0.029456        0.0334532             0.0317217             0.0292006             0.0234487             0.888643              
16     0.0842461       0.0968229             0.091286              0.0833152             0.0655604             0.878537              
17     0.0109783       0.0119116             0.0115246             0.0109443             0.00953263            0.928647              
18     0.000172783     3.14493e-05           0.000104405           0.000198532           0.000356745           1.60424               
19     0.000528484     9.3641e-05            0.000312776           0.000600479           0.00110704            1.61752               
20     0.0467166       0.0545234             0.0510578             0.0460969             0.0351883             0.864648              
21     0.0602542       0.0698548             0.0656144             0.0595231             0.0460246             0.870592              
22     0.0530188       0.0627929             0.0583972             0.0521625             0.0387226             0.851736              
23     0.0635324       0.0766018             0.0706403             0.0622696             0.0446177             0.835849              
24     0.029456        0.0334532             0.0317217             0.0292006             0.0234487             0.888643              
25     0.000648969     0.000124284           0.000407697           0.000761029           0.00130287            1.5789                
26     0.0444719       0.0517377             0.0485213             0.0439081             0.0337203             0.867467              
27     0.0179282       0.0216556             0.0199611             0.0175754             0.0125205             0.833796              
28     0.0467166       0.0545234             0.0510578             0.0460969             0.0351883             0.864648              
29     0.0467166       0.0545234             0.0510578             0.0460969             0.0351883             0.864648              
30     0.0530188       0.0627929             0.0583972             0.0521625             0.0387226             0.851736              
31     0.0533096       0.0665176             0.0602566             0.0517149             0.0347491             0.80655               
32     0.0317937       0.0393128             0.0358195             0.0309786             0.021064              0.813238              
33     0.0463109       0.0587091             0.052797              0.0447636             0.028974              0.79172               
34     0.0635324       0.0766018             0.0706403             0.0622696             0.0446177             0.835849              
35     0.000342375     6.4107e-05            0.000211405           0.00039787            0.000696117           1.59027               
36     0.0402886       0.0435097             0.0421784             0.040178              0.0352885             0.932789              
37     0.0842461       0.0968229             0.091286              0.0833152             0.0655604             0.878537              
38     0.0533096       0.0665176             0.0602566             0.0517149             0.0347491             0.80655               
39     0.0444719       0.0517377             0.0485213             0.0439081             0.0337203             0.867467              
40     0.0416958       0.0514092             0.0468982             0.0406461             0.0278299             0.815984              
41     2.31642e-05     3.90833e-06           1.31939e-05           2.5763e-05            4.97915e-05           1.64158               
42     6.35783e-05     1.19405e-05           3.93406e-05           7.39488e-05           0.000129083           1.58895               
43     0.0402886       0.0435097             0.0421784             0.040178              0.0352885             0.932789              
44     0.0842461       0.0968229             0.091286              0.0833152             0.0655604             0.878537              
45     0.0416958       0.0514092             0.0468982             0.0406461             0.0278299             0.815984              
46     0.0358077       0.0413171             0.0388987             0.0354094             0.0276055             0.874624              
47     8.91669e-07     1.29829e-08           1.54287e-07           6.2756e-07            2.77184e-06           2.06533               
48     0.0179282       0.0216556             0.0199611             0.0175754             0.0125205             0.833796              
49     0.0842461       0.0968229             0.091286              0.0833152             0.0655604             0.878537              
50     0.000240703     4.5325e-05            0.000149304           0.000280467           0.000487714           1.5872                
51     0.0842461       0.0968229             0.091286              0.0833152             0.0655604             0.878537              
52     0.0530188       0.0627929             0.0583972             0.0521625             0.0387226             0.851736              
53     0.0842461       0.0968229             0.091286              0.0833152             0.0655604             0.878537              
54     0.0530188       0.0627929             0.0583972             0.0521625             0.0387226             0.851736              
55     0.0467166       0.0545234             0.0510578             0.0460969             0.0351883             0.864648              
56     0.0842461       0.0968229             0.091286              0.0833152             0.0655604             0.878537              
57     0.0530188       0.0627929             0.0583972             0.0521625             0.0387226             0.851736              
58     0.0842461       0.0968229             0.091286              0.0833152             0.0655604             0.878537              
59     0.000495856     8.43723e-05           0.000284317           0.000553572           0.00106116            1.63745               
60     0.0602542       0.0698548             0.0656144             0.0595231             0.0460246             0.870592              
61     0.000495856     8.43723e-05           0.000284317           0.000553572           0.00106116            1.63745               
62     0.0467166       0.0545234             0.0510578             0.0460969             0.0351883             0.864648              
63     0.0842461       0.0968229             0.091286              0.0833152             0.0655604             0.878537              
64     0.0463109       0.0587091             0.052797              0.0447636             0.028974              0.79172               
65     0.0533096       0.0665176             0.0602566             0.0517149             0.0347491             0.80655               
66     0.0472725       0.0596556             0.0537246             0.0456963             0.0300134             0.796701              
67     0.000713544     0.000125259           0.000419214           0.000807403           0.0015023             1.6222                
68     0.0467166       0.0545234             0.0510578             0.0460969             0.0351883             0.864648              
69     0.0444719       0.0517377             0.0485213             0.0439081             0.0337203             0.867467              
70     0.0331144       0.0405533             0.0371233             0.032344              0.022437              0.821832              
71     0.0467166       0.0545234             0.0510578             0.0460969             0.0351883             0.864648              
72     0.0842461       0.0968229             0.091286              0.0833152             0.0655604             0.878537              
73     0.0842461       0.0968229             0.091286              0.0833152             0.0655604             0.878537              
74     0.0842461       0.0968229             0.091286              0.0833152             0.0655604             0.878537              
75     0.0602542       0.0698548             0.0656144             0.0595231             0.0460246             0.870592              
76     0.0530188       0.0627929             0.0583972             0.0521625             0.0387226             0.851736              
77     0.0533096       0.0665176             0.0602566             0.0517149             0.0347491             0.80655               
78     0.0635324       0.0766018             0.0706403             0.0622696             0.0446177             0.835849              
79     0.0463109       0.0587091             0.052797              0.0447636             0.028974              0.79172               
80     0.0533096       0.0665176             0.0602566             0.0517149             0.0347491             0.80655               
81     0.0170021       0.0219449             0.0195633             0.0163515             0.0101487             0.775226              
82     0.0467166       0.0545234             0.0510578             0.0460969             0.0351883             0.864648              
83     0.0416958       0.0514092             0.0468982             0.0406461             0.0278299             0.815984              
84     0.0467166       0.0545234             0.0510578             0.0460969             0.0351883             0.864648              
85     8.80031e-05     1.31911e-05           4.57278e-05           9.30293e-05           0.000200064           1.69592               
86     0.0317937       0.0393128             0.0358195             0.0309786             0.021064              0.813238              
87     0.0416958       0.0514092             0.0468982             0.0406461             0.0278299             0.815984              
88     0.0444719       0.0517377             0.0485213             0.0439081             0.0337203             0.867467              
89     0.000330014     6.29806e-05           0.000206655           0.000386086           0.000664336           1.58123               
90     0.0530188       0.0627929             0.0583972             0.0521625             0.0387226             0.851736              
91     0.0331144       0.0405533             0.0371233             0.032344              0.022437              0.821832              
92     0.000181835     2.90912e-05           9.96348e-05           0.000198531           0.000400085           1.66422               
93     0.0463109       0.0587091             0.052797              0.0447636             0.028974              0.79172               
94     5.37287e-05     9.92457e-06           3.27769e-05           6.19131e-05           0.0001103             1.59874               
95     0.0179282       0.0216556             0.0199611             0.0175754             0.0125205             0.833796              
96     2.41437e-08     2.61851e-10           3.28629e-09           1.45106e-08           7.85161e-08           2.12157               
97     0.0463109       0.0587091             0.052797              0.0447636             0.028974              0.79172               
98     0.0467166       0.0545234             0.0510578             0.0460969             0.0351883             0.864648              
99     4.90496e-05     9.46047e-06           3.09815e-05           5.76805e-05           9.80761e-05           1.57531               
Note : P(D|M) is the probability of site D given the model M (i.e., the site likelihood)
P(D|M,rr[x]) is the probability of site D given the model M and the relative rate
of evolution rr[x], where x is the class of rate to be considered.
We have P(D|M) = \sum_x P(x) x P(D|M,rr[x]).


Site   P(D|M)          P(D|M,rr[1]=0.1336)   P(D|M,rr[2]=0.4717)   P(D|M,rr[3]=0.9972)   P(D|M,rr[4]=2.3975)   Posterior mean        
1      0.016996        0.0219271             0.0195392             0.0163405             0.0101773             0.777259              
2      0.0179249       0.0216432             0.0199436             0.017567              0.0125456             0.835365              
3      8.51174e-05     1.29965e-05           4.45788e-05           9.01462e-05           0.000192748           1.68816               
4      0.0635205       0.076558              0.0705788             0.0622403             0.044705              0.837396              
5      0.0402877       0.0435001             0.0421643             0.0401707             0.0353156             0.933462              
6      0.0467108       0.0544981             0.0510217             0.0460793             0.035244              0.865947              
7      0.0842374       0.0967826             0.0912283             0.0832868             0.065652              0.879709              
8      0.041686        0.0513759             0.0468519             0.0406244             0.0278918             0.817696              
9      0.035804        0.0412995             0.0388735             0.035397              0.0276459             0.875836              
10     0.0402877       0.0435001             0.0421643             0.0401707             0.0353156             0.933462              
11     0.0108178       0.0126089             0.0118156             0.0106812             0.00816542            0.866305              
12     0.0635205       0.076558              0.0705788             0.0622403             0.044705              0.837396              
13     0.0462964       0.0586652             0.0527368             0.044736              0.0290478             0.793621              
14     0.0602474       0.0698239             0.0655703             0.0595015             0.046094              0.871838              
15     0.0294537       0.0334407             0.0317036             0.0291916             0.0234789             0.889728              
16     0.0842374       0.0967826             0.0912283             0.0832868             0.065652              0.879709              
17     0.010978        0.0119089             0.0115205             0.0109422             0.00954043            0.92936               
18     0.00017304      3.2004e-05            0.000105141           0.000198858           0.000356156           1.59796               
19     0.000529206     9.52969e-05           0.000315002           0.000601488           0.00110504            1.6111                
20     0.0467108       0.0544981             0.0510217             0.0460793             0.035244              0.865947              
21     0.0602474       0.0698239             0.0655703             0.0595015             0.046094              0.871838              
22     0.0530108       0.0627608             0.0583517             0.0521405             0.0387902             0.853147              
23     0.0635205       0.076558              0.0705788             0.0622403             0.044705              0.837396              
24     0.0294537       0.0334407             0.0317036             0.0291916             0.0234789             0.889728              
25     0.000650072     0.000126465           0.000410518           0.000762228           0.00130108            1.57287               
26     0.0444666       0.0517143             0.0484878             0.0438917             0.0337725             0.868741              
27     0.0179249       0.0216432             0.0199436             0.017567              0.0125456             0.835365              
28     0.0467108       0.0544981             0.0510217             0.0460793             0.035244              0.865947              
29     0.0467108       0.0544981             0.0510217             0.0460793             0.035244              0.865947              
30     0.0530108       0.0627608             0.0583517             0.0521405             0.0387902             0.853147              
31     0.0532946       0.0664711             0.0601928             0.0516855             0.0348291             0.808327              
32     0.0317861       0.039287              0.0357837             0.0309618             0.0211119             0.814974              
33     0.0462964       0.0586652             0.0527368             0.044736              0.0290478             0.793621              
34     0.0635205       0.076558              0.0705788             0.0622403             0.044705              0.837396              
35     0.000342716     6.5197e-05            0.000212755           0.000398272           0.000694641           1.58411               
36     0.0402877       0.0435001             0.0421643             0.0401707             0.0353156             0.933462              
37     0.0842374       0.0967826             0.0912283             0.0832868             0.065652              0.879709              
38     0.0532946       0.0664711             0.0601928             0.0516855             0.0348291             0.808327              
39     0.0444666       0.0517143             0.0484878             0.0438917             0.0337725             0.868741              
40     0.041686        0.0513759             0.0468519             0.0406244             0.0278918             0.817696              
41     2.31766e-05     3.97544e-06           1.32816e-05           2.57927e-05           4.96567e-05           1.63491               
42     6.3671e-05      1.21486e-05           3.96087e-05           7.40558e-05           0.000128871           1.58282               
43     0.0402877       0.0435001             0.0421643             0.0401707             0.0353156             0.933462              
44     0.0842374       0.0967826             0.0912283             0.0832868             0.065652              0.879709              
45     0.041686        0.0513759             0.0468519             0.0406244             0.0278918             0.817696              
46     0.035804        0.0412995             0.0388735             0.035397              0.0276459             0.875836              
47     8.89529e-07     1.34543e-08           1.56622e-07           6.30004e-07           2.75803e-06           2.05621               
48     0.0179249       0.0216432             0.0199436             0.017567              0.0125456             0.835365              
49     0.0842374       0.0967826             0.0912283             0.0832868             0.065652              0.879709              
50     0.000241096     4.6122e-05            0.000150344           0.000280915           0.000487001           1.5811                
51     0.0842374       0.0967826             0.0912283             0.0832868             0.065652              0.879709              
52     0.0530108       0.0627608             0.0583517             0.0521405             0.0387902             0.853147              
53     0.0842374       0.0967826             0.0912283             0.0832868             0.065652              0.879709              
54     0.0530108       0.0627608             0.0583517             0.0521405             0.0387902             0.853147              
55     0.0467108       0.0544981             0.0510217             0.0460793             0.035244              0.865947              
56     0.0842374       0.0967826             0.0912283             0.0832868             0.065652              0.879709              
57     0.0530108       0.0627608             0.0583517             0.0521405             0.0387902             0.853147              
58     0.0842374       0.0967826             0.0912283             0.0832868             0.065652              0.879709              
59     0.00049615      8.58201e-05           0.000286202           0.000554209           0.00105837            1.63083               
60     0.0602474       0.0698239             0.0655703             0.0595015             0.046094              0.871838              
61     0.00049615      8.58201e-05           0.000286202           0.000554209           0.00105837            1.63083               
62     0.0467108       0.0544981             0.0510217             0.0460793             0.035244              0.865947              
63     0.0842374       0.0967826             0.0912283             0.0832868             0.065652              0.879709              
64     0.0462964       0.0586652             0.0527368             0.044736              0.0290478             0.793621              
65     0.0532946       0.0664711             0.0601928             0.0516855             0.0348291             0.808327              
66     0.0472577       0.0596114             0.0536643             0.0456688             0.0300863             0.798554              
67     0.000714483     0.000127476           0.000422206           0.000808767           0.00149949            1.61573               
68     0.0467108       0.0544981             0.0510217             0.0460793             0.035244              0.865947              
69     0.0444666       0.0517143             0.0484878             0.0438917             0.0337725             0.868741              
70     0.0331072       0.0405281             0.037088              0.0323273             0.0224853             0.823498              
71     0.0467108       0.0544981             0.0510217             0.0460793             0.035244              0.865947              
72     0.0842374       0.0967826             0.0912283             0.0832868             0.065652              0.879709              
73     0.0842374       0.0967826             0.0912283             0.0832868             0.065652              0.879709              
74     0.0842374       0.0967826             0.0912283             0.0832868             0.065652              0.879709              
75     0.0602474       0.0698239             0.0655703             0.0595015             0.046094              0.871838              
76     0.0530108       0.0627608             0.0583517             0.0521405             0.0387902             0.853147              
77     0.0532946       0.0664711             0.0601928             0.0516855             0.0348291             0.808327              
78     0.0635205       0.076558              0.0705788             0.0622403             0.044705              0.837396              
79     0.0462964       0.0586652             0.0527368             0.044736              0.0290478             0.793621              
80     0.0532946       0.0664711             0.0601928             0.0516855             0.0348291             0.808327              
81     0.016996        0.0219271             0.0195392             0.0163405             0.0101773             0.777259              
82     0.0467108       0.0544981             0.0510217             0.0460793             0.035244              0.865947              
83     0.041686        0.0513759             0.0468519             0.0406244             0.0278918             0.817696              
84     0.0467108       0.0544981             0.0510217             0.0460793             0.035244              0.865947              
85     8.8057e-05      1.34279e-05           4.60717e-05           9.32059e-05           0.000199522           1.68874               
86     0.0317861       0.039287              0.0357837             0.0309618             0.0211119             0.814974              
87     0.041686        0.0513759             0.0468519             0.0406244             0.0278918             0.817696              
88     0.0444666       0.0517143             0.0484878             0.0438917             0.0337725             0.868741              
89     0.000330567     6.40863e-05           0.000208086           0.000386697           0.000663399           1.57518               
90     0.0530108       0.0627608             0.0583517             0.0521405             0.0387902             0.853147              
91     0.0331072       0.0405281             0.037088              0.0323273             0.0224853             0.823498              
92     0.000181997     2.96108e-05           0.000100368           0.000198882           0.000399129           1.65734               
93     0.0462964       0.0586652             0.0527368             0.044736              0.0290478             0.793621              
94     5.38092e-05     1.00992e-05           3.30062e-05           6.20134e-05           0.000110118           1.59249               
95     0.0179249       0.0216432             0.0199436             0.017567              0.0125456             0.835365              
96     2.40384e-08     2.71315e-10           3.33605e-09           1.45627e-08           7.79836e-08           2.11219               
97     0.0462964       0.0586652             0.0527368             0.044736              0.0290478             0.793621              
98     0.0467108       0.0544981             0.0510217             0.0460793             0.035244              0.865947              
99     4.92356e-05     9.64619e-06           3.12594e-05           5.78896e-05           9.81472e-05           1.56932               
Note : P(D|M) is the probability of site D given the model M (i.e., the site likelihood)
P(D|M,rr[x]) is the probability of site D given the model M and the relative rate
of evolution rr[x], where x is the class of rate to be considered.
We have P(D|M) = \sum_x P(x) x P(D|M,rr[x]).


Site   P(D|M)          P(D|M,rr[1]=0.1340)   P(D|M,rr[2]=0.4722)   P(D|M,rr[3]=0.9975)   P(D|M,rr[4]=2.3963)   Posterior mean        
1      0.0169964       0.0219249             0.0195366             0.0163405             0.0101836             0.777596              
2      0.0179254       0.0216416             0.0199417             0.017567              0.0125511             0.835625              
3      8.51048e-05     1.30253e-05           4.46137e-05           9.01474e-05           0.000192633           1.68717               
4      0.0635223       0.0765525             0.0705724             0.0622403             0.0447241             0.837653              
5      0.0402885       0.0434989             0.0421629             0.0401707             0.0353215             0.933574              
6      0.0467121       0.0544949             0.051018              0.0460793             0.0352563             0.866163              
7      0.0842397       0.0967776             0.0912223             0.0832868             0.0656721             0.879903              
8      0.0416872       0.0513717             0.0468471             0.0406244             0.0279055             0.81798               
9      0.035805        0.0412973             0.0388709             0.035397              0.0276548             0.876037              
10     0.0402885       0.0434989             0.0421629             0.0401707             0.0353215             0.933574              
11     0.0108181       0.0126081             0.0118148             0.0106812             0.00816829            0.866522              
12     0.0635223       0.0765525             0.0705724             0.0622403             0.0447241             0.837653              
13     0.0462976       0.0586596             0.0527305             0.044736              0.029064              0.793936              
14     0.0602491       0.06982               0.0655657             0.0595015             0.0461092             0.872045              
15     0.0294545       0.0334391             0.0317017             0.0291916             0.0234855             0.889908              
16     0.0842397       0.0967776             0.0912223             0.0832868             0.0656721             0.879903              
17     0.0109782       0.0119085             0.0115201             0.0109422             0.00954214            0.929478              
18     0.000173018     3.2069e-05            0.000105203           0.000198831           0.000355969           1.59713               
19     0.000529126     9.54908e-05           0.000315188           0.000601403           0.00110442            1.61024               
20     0.0467121       0.0544949             0.051018              0.0460793             0.0352563             0.866163              
21     0.0602491       0.06982               0.0655657             0.0595015             0.0461092             0.872045              
22     0.0530123       0.0627567             0.058347              0.0521405             0.038805              0.853381              
23     0.0635223       0.0765525             0.0705724             0.0622403             0.0447241             0.837653              
24     0.0294545       0.0334391             0.0317017             0.0291916             0.0234855             0.889908              
25     0.000650018     0.000126721           0.000410753           0.000762122           0.00130048            1.57208               
26     0.0444679       0.0517113             0.0484844             0.0438917             0.033784              0.868952              
27     0.0179254       0.0216416             0.0199417             0.017567              0.0125511             0.835625              
28     0.0467121       0.0544949             0.051018              0.0460793             0.0352563             0.866163              
29     0.0467121       0.0544949             0.051018              0.0460793             0.0352563             0.866163              
30     0.0530123       0.0627567             0.058347              0.0521405             0.038805              0.853381              
31     0.0532959       0.0664653             0.0601862             0.0516855             0.0348466             0.808621              
32     0.031787        0.0392838             0.0357799             0.0309618             0.0211225             0.815262              
33     0.0462976       0.0586596             0.0527305             0.044736              0.029064              0.793936              
34     0.0635223       0.0765525             0.0705724             0.0622403             0.0447241             0.837653              
35     0.000342734     6.53387e-05           0.00021291            0.000398277           0.000694409           1.5833                
36     0.0402885       0.0434989             0.0421629             0.0401707             0.0353215             0.933574              
37     0.0842397       0.0967776             0.0912223             0.0832868             0.0656721             0.879903              
38     0.0532959       0.0664653             0.0601862             0.0516855             0.0348466             0.808621              
39     0.0444679       0.0517113             0.0484844             0.0438917             0.033784              0.868952              
40     0.0416872       0.0513717             0.0468471             0.0406244             0.0279055             0.81798               
41     2.31756e-05     3.98416e-06           1.32916e-05           2.5793e-05            4.96336e-05           1.63401               
42     6.37058e-05     1.2181e-05            3.9657e-05            7.40934e-05           0.000128892           1.58201               
43     0.0402885       0.0434989             0.0421629             0.0401707             0.0353215             0.933574              
44     0.0842397       0.0967776             0.0912223             0.0832868             0.0656721             0.879903              
45     0.0416872       0.0513717             0.0468471             0.0406244             0.0279055             0.81798               
46     0.035805        0.0412973             0.0388709             0.035397              0.0276548             0.876037              
47     8.88971e-07     1.35162e-08           1.56893e-07           6.3013e-07            2.75534e-06           2.05495               
48     0.0179254       0.0216416             0.0199417             0.017567              0.0125511             0.835625              
49     0.0842397       0.0967776             0.0912223             0.0832868             0.0656721             0.879903              
50     0.000241073     4.62153e-05           0.000150431           0.000280876           0.00048677            1.58029               
51     0.0842397       0.0967776             0.0912223             0.0832868             0.0656721             0.879903              
52     0.0530123       0.0627567             0.058347              0.0521405             0.038805              0.853381              
53     0.0842397       0.0967776             0.0912223             0.0832868             0.0656721             0.879903              
54     0.0530123       0.0627567             0.058347              0.0521405             0.038805              0.853381              
55     0.0467121       0.0544949             0.051018              0.0460793             0.0352563             0.866163              
56     0.0842397       0.0967776             0.0912223             0.0832868             0.0656721             0.879903              
57     0.0530123       0.0627567             0.058347              0.0521405             0.038805              0.853381              
58     0.0842397       0.0967776             0.0912223             0.0832868             0.0656721             0.879903              
59     0.000496133     8.60081e-05           0.000286417           0.000554216           0.00105789            1.62993               
60     0.0602491       0.06982               0.0655657             0.0595015             0.0461092             0.872045              
61     0.000496133     8.60081e-05           0.000286417           0.000554216           0.00105789            1.62993               
62     0.0467121       0.0544949             0.051018              0.0460793             0.0352563             0.866163              
63     0.0842397       0.0967776             0.0912223             0.0832868             0.0656721             0.879903              
64     0.0462976       0.0586596             0.0527305             0.044736              0.029064              0.793936              
65     0.0532959       0.0664653             0.0601862             0.0516855             0.0348466             0.808621              
66     0.0472587       0.0596058             0.053658              0.0456687             0.0301023             0.79886               
67     0.000714376     0.000127736           0.000422457           0.000808659           0.00149865            1.61487               
68     0.0467121       0.0544949             0.051018              0.0460793             0.0352563             0.866163              
69     0.0444679       0.0517113             0.0484844             0.0438917             0.033784              0.868952              
70     0.0331081       0.0405249             0.0370844             0.0323273             0.0224959             0.823774              
71     0.0467121       0.0544949             0.051018              0.0460793             0.0352563             0.866163              
72     0.0842397       0.0967776             0.0912223             0.0832868             0.0656721             0.879903              
73     0.0842397       0.0967776             0.0912223             0.0832868             0.0656721             0.879903              
74     0.0842397       0.0967776             0.0912223             0.0832868             0.0656721             0.879903              
75     0.0602491       0.06982               0.0655657             0.0595015             0.0461092             0.872045              
76     0.0530123       0.0627567             0.058347              0.0521405             0.038805              0.853381              
77     0.0532959       0.0664653             0.0601862             0.0516855             0.0348466             0.808621              
78     0.0635223       0.0765525             0.0705724             0.0622403             0.0447241             0.837653              
79     0.0462976       0.0586596             0.0527305             0.044736              0.029064              0.793936              
80     0.0532959       0.0664653             0.0601862             0.0516855             0.0348466             0.808621              
81     0.0169964       0.0219249             0.0195366             0.0163405             0.0101836             0.777596              
82     0.0467121       0.0544949             0.051018              0.0460793             0.0352563             0.866163              
83     0.0416872       0.0513717             0.0468471             0.0406244             0.0279055             0.81798               
84     0.0467121       0.0544949             0.051018              0.0460793             0.0352563             0.866163              
85     8.80301e-05     1.34557e-05           4.61008e-05           9.31929e-05           0.000199371           1.68775               
86     0.031787        0.0392838             0.0357799             0.0309618             0.0211225             0.815262              
87     0.0416872       0.0513717             0.0468471             0.0406244             0.0279055             0.81798               
88     0.0444679       0.0517113             0.0484844             0.0438917             0.033784              0.868952              
89     0.000330535     6.42156e-05           0.000208205           0.000386641           0.000663078           1.57438               
90     0.0530123       0.0627567             0.058347              0.0521405             0.038805              0.853381              
91     0.0331081       0.0405249             0.0370844             0.0323273             0.0224959             0.823774              
92     0.000182018     2.96833e-05           0.000100468           0.000198927           0.000398995           1.65639               
93     0.0462976       0.0586596             0.0527305             0.044736              0.029064              0.793936              
94     5.38236e-05     1.01237e-05           3.30383e-05           6.20291e-05           0.000110103           1.59166               
95     0.0179254       0.0216416             0.0199417             0.017567              0.0125511             0.835625              
96     2.4025e-08      2.72664e-10           3.34308e-09           1.45703e-08           7.79139e-08           2.11089               
97     0.0462976       0.0586596             0.0527305             0.044736              0.029064              0.793936              
98     0.0467121       0.0544949             0.051018              0.0460793             0.0352563             0.866163              
99     4.92014e-05     9.65961e-06           3.12578e-05           5.78456e-05           9.80424e-05           1.56854               
