Note : P(D|M) is the probability of site D given the model M (i.e., the site likelihood)
P(D|M,rr[x]) is the probability of site D given the model M and the relative rate
of evolution rr[x], where x is the class of rate to be considered.
We have P(D|M) = \sum_x P(x) x P(D|M,rr[x]).


Site   P(D|M)          P(D|M,rr[1]=0.0521)   P(D|M,rr[2]=0.3094)   P(D|M,rr[3]=0.8787)   P(D|M,rr[4]=2.7598)   Posterior mean        
1      0.00713939      0.0191714             0.0080008             0.00134217            4.31774e-05           0.167107              
2      0.000100278     1.20342e-06           3.317e-05             0.000147235           0.000219502           1.85856               
3      0.000632168     9.26296e-05           0.000469226           0.000950786           0.00101603            1.49862               
4      0.000877083     0.000261439           0.00109014            0.00148733            0.000669421           0.999141              
5      0.000993963     0.000301309           0.00127076            0.00171892            0.000684863           0.958133              
6      7.29638e-05     1.2161e-06            2.66324e-05           8.97267e-05           0.00017428            1.94661               
7      0.0246077       0.0419467             0.033014              0.0195945             0.00387561            0.409552              
8      2.13449e-06     8.65605e-09           2.73145e-07           1.67205e-06           6.58413e-06           2.31029               
9      0.000832885     0.000274678           0.00108506            0.00137585            0.000595952           0.961632              
10     0.00176494      0.000930712           0.00293124            0.00251472            0.000683089           0.715367              
11     0.0006943       0.00040701            0.00126493            0.000984345           0.000120918           0.580166              
12     0.0225567       0.0479822             0.02969               0.0113598             0.00119465            0.276675              
13     0.0300529       0.0696504             0.0380034             0.0114957             0.00106217            0.236396              
14     1.74544e-06     1.15649e-08           3.27744e-07           1.65741e-06           4.98503e-06           2.19375               
15     0.000131864     1.07331e-06           3.11423e-05           0.000159319           0.00033592            2.04144               
16     0.0449027       0.0903668             0.0586933             0.0258864             0.00466417            0.325614              
17     0.0300529       0.0696504             0.0380034             0.0114957             0.00106217            0.236396              
18     0.000970178     0.000421025           0.00151985            0.00156347            0.000376371           0.748502              
19     0.00108252      0.000394332           0.00133048            0.00160164            0.00100363            1.06451               
20     0.0449027       0.0903668             0.0586933             0.0258864             0.00466417            0.325614              
21     0.000268705     8.30817e-05           0.000331419           0.000437093           0.000223227           1.02995               
22     0.000174927     3.32518e-06           7.87252e-05           0.000283048           0.000334612           1.7103                
23     0.030063        0.0540598             0.0405596             0.0219523             0.00368041            0.372641              
24     9.25261e-05     2.13803e-06           4.5348e-05            0.000140212           0.000182407           1.73129               
25     0.000117931     2.34079e-05           9.89891e-05           0.000156803           0.000192523           1.48596               
26     0.000445488     4.84035e-05           0.000286342           0.000678918           0.00076829            1.57581               
27     0.000524669     6.72591e-05           0.000351667           0.000755951           0.000923798           1.58485               
28     0.0449027       0.0903668             0.0586933             0.0258864             0.00466417            0.325614              
29     0.0244783       0.059255              0.0292145             0.0084815             0.000962162           0.227062              
30     0.0214207       0.052781              0.0250485             0.00703562            0.000817558           0.22101               
31     0.0225567       0.0479822             0.02969               0.0113598             0.00119465            0.276675              
32     0.000286318     0.000149221           0.00049289            0.000426337           7.68239e-05           0.652177              
33     0.0235417       0.0504775             0.0308988             0.0116041             0.00118645            0.272488              
34     0.0021108       0.0013914             0.00403756            0.00268533            0.000328899           0.543519              
35     0.0184282       0.0384906             0.0244423             0.00972133            0.00105845            0.285296              
36     0.00111305      0.000543639           0.00178777            0.00165037            0.000470418           0.747927              
37     0.0309329       0.0649042             0.0406898             0.0161305             0.00200723            0.288386              
38     0.0157027       0.0314283             0.0210591             0.00925903            0.00106427            0.306083              
39     0.0150906       0.0365522             0.0187354             0.00480706            0.000267744           0.20978               
40     0.000626946     0.000328449           0.0010716             0.000901857           0.000205881           0.681609              
41     3.90242e-05     4.19566e-06           1.96583e-05           3.92646e-05           9.29784e-05           1.90527               
42     0.00828173      0.0196759             0.0105471             0.00280734            9.66733e-05           0.211954              
43     0.0244783       0.059255              0.0292145             0.0084815             0.000962162           0.227062              
44     0.000897006     0.000124609           0.000727778           0.00151534            0.00122029            1.37429               
45     8.72719e-05     2.138e-06             4.83499e-05           0.000157032           0.000141568           1.55765               
46     0.0202921       0.0518339             0.0236061             0.00533422            0.000394171           0.194381              
47     0.0244783       0.059255              0.0292145             0.0084815             0.000962162           0.227062              
48     0.0150906       0.0365522             0.0187354             0.00480706            0.000267744           0.20978               
49     0.00164501      0.000721935           0.00253854            0.00257104            0.000748549           0.782376              
50     0.0053131       0.0116888             0.00709209            0.00238237            8.9171e-05            0.241969              
51     0.0053131       0.0116888             0.00709209            0.00238237            8.9171e-05            0.241969              
52     0.0202921       0.0518339             0.0236061             0.00533422            0.000394171           0.194381              
53     0.0260384       0.0576656             0.0335918             0.0116642             0.00123226            0.259674              
54     0.00474018      0.00177485            0.00670244            0.00776829            0.00271514            0.869458              
55     0.000127867     3.75997e-05           0.000135654           0.000194244           0.000143969           1.19645               
56     0.0260384       0.0576656             0.0335918             0.0116642             0.00123226            0.259674              
57     0.0235417       0.0504775             0.0308988             0.0116041             0.00118645            0.272488              
58     0.0235417       0.0504775             0.0308988             0.0116041             0.00118645            0.272488              
59     0.0449027       0.0903668             0.0586933             0.0258864             0.00466417            0.325614              
60     0.0142416       0.0352383             0.0173977             0.00411788            0.000212574           0.200516              
61     0.0142416       0.0352383             0.0173977             0.00411788            0.000212574           0.200516              
62     0.0225567       0.0479822             0.02969               0.0113598             0.00119465            0.276675              
63     0.0260384       0.0576656             0.0335918             0.0116642             0.00123226            0.259674              
64     0.0244783       0.059255              0.0292145             0.0084815             0.000962162           0.227062              
65     0.0021108       0.0013914             0.00403756            0.00268533            0.000328899           0.543519              
66     0.00484384      0.00301671            0.00882984            0.0063293             0.00119948            0.607013              
67     5.18509e-05     4.30407e-07           1.31347e-05           6.61528e-05           0.000127686           1.99902               
68     0.0315875       0.0651416             0.0415844             0.0171664             0.0024577             0.301742              
69     0.0459247       0.0906782             0.0599101             0.0274578             0.00565258            0.342872              
70     0.003874        0.001741              0.00601655            0.00596998            0.00176847            0.779475              
71     0.0145497       0.0354296             0.0179672             0.00451427            0.000287889           0.209025              
72     0.00143542      0.000297975           0.0013779             0.00231488            0.00175091            1.27283               
73     0.000164036     4.08306e-06           8.87098e-05           0.00026877            0.000294581           1.64113               
74     0.00267673      0.00152889            0.00475988            0.00372121            0.000696943           0.630027              
75     0.00511987      0.000724245           0.00368583            0.00749205            0.00857736            1.53487               
76     0.0027513       0.000451415           0.00221802            0.00420385            0.0041319             1.43633               
77     0.00090613      0.000275847           0.00111291            0.00147972            0.000756044           1.03338               
78     0.00154411      0.000593145           0.00227834            0.00252648            0.000778489           0.82642               
79     0.000221297     2.49043e-06           6.65785e-05           0.000297123           0.000518998           1.93648               
80     0.000443316     0.000176709           0.000627559           0.000657832           0.000311164           0.924945              
81     0.000962809     0.00019843            0.000974126           0.0016748             0.00100388            1.18245               
82     4.28769e-05     3.15583e-07           8.93089e-06           4.47786e-05           0.000117482           2.1361                
83     0.000797205     0.0001157             0.000705114           0.00145529            0.000912717           1.26125               
84     0.00120844      0.000583023           0.00202316            0.00189135            0.000336231           0.671572              
85     0.000203567     4.62211e-06           0.000105565           0.00035005            0.00035403            1.61808               
86     0.0244783       0.059255              0.0292145             0.0084815             0.000962162           0.227062              
87     0.0244783       0.059255              0.0292145             0.0084815             0.000962162           0.227062              
88     0.0244783       0.059255              0.0292145             0.0084815             0.000962162           0.227062              
89     0.0157027       0.0314283             0.0210591             0.00925903            0.00106427            0.306083              
90     0.0225567       0.0479822             0.02969               0.0113598             0.00119465            0.276675              
91     0.0142416       0.0352383             0.0173977             0.00411788            0.000212574           0.200516              
92     0.0202921       0.0518339             0.0236061             0.00533422            0.000394171           0.194381              
93     0.0188693       0.0461517             0.0231475             0.00582424            0.000353888           0.20747               
94     0.00119422      0.000447783           0.0017232             0.00199541            0.000610503           0.836264              
95     0.0225567       0.0479822             0.02969               0.0113598             0.00119465            0.276675              
96     0.0300529       0.0696504             0.0380034             0.0114957             0.00106217            0.236396              
97     0.000542989     0.000204223           0.00077252            0.000897849           0.000297364           0.856037              
98     4.3877e-05      9.49325e-07           2.13858e-05           6.86326e-05           8.45404e-05           1.71098               
99     0.0658188       0.0959612             0.082233              0.0597475             0.0253336             0.580595              
100    0.00285738      0.00154065            0.00496902            0.00413296            0.000786907           0.649288              
101    0.000138305     4.05186e-06           8.55712e-05           0.000243983           0.000219614           1.53135               
102    0.000756363     0.000185751           0.000834108           0.00129614            0.000709451           1.11211               
103    0.000648521     0.000193788           0.000848088           0.00115047            0.000401733           0.92215               
104    0.0184282       0.0384906             0.0244423             0.00972133            0.00105845            0.285296              
105    0.000663699     0.000182464           0.000665723           0.000964645           0.000841967           1.27573               
106    0.0202921       0.0518339             0.0236061             0.00533422            0.000394171           0.194381              
107    0.00450842      0.00299792            0.00850637            0.00568446            0.000844941           0.56089               
108    0.00340281      0.000856078           0.00399317            0.00604753            0.00271446            1.03484               
109    0.0449027       0.0903668             0.0586933             0.0258864             0.00466417            0.325614              
110    0.000369971     0.00010102            0.000441047           0.00064387            0.000293946           1.02625               
111    0.0260384       0.0576656             0.0335918             0.0116642             0.00123226            0.259674              
112    0.0449027       0.0903668             0.0586933             0.0258864             0.00466417            0.325614              
113    0.00108865      0.000325565           0.0013498             0.00183068            0.000848546           1.007                 
114    1.35008e-06     5.6757e-10            7.87453e-08           8.26069e-07           4.49494e-06           2.43606               
115    6.67417e-06     1.09309e-07           2.54783e-06           9.18693e-06           1.48526e-05           1.86754               
116    0.0184282       0.0384906             0.0244423             0.00972133            0.00105845            0.285296              
117    0.000486716     0.000209958           0.000767634           0.000798253           0.000171018           0.73033               
118    1.65018e-05     4.58292e-07           9.90309e-06           2.98635e-05           2.57824e-05           1.52232               
119    0.0244783       0.059255              0.0292145             0.0084815             0.000962162           0.227062              
120    5.9275e-05      2.7055e-05            8.52304e-05           8.43251e-05           4.04895e-05           0.900973              
121    0.00145385      0.000417721           0.00173945            0.00240905            0.00124919            1.05312               
122    0.0449027       0.0903668             0.0586933             0.0258864             0.00466417            0.325614              
123    0.00055971      0.000164983           0.00070568            0.000984793           0.000383383           0.960473              
124    0.030063        0.0540598             0.0405596             0.0219523             0.00368041            0.372641              
125    0.032052        0.0544489             0.042385              0.0250929             0.00628104            0.431587              
126    0.0200989       0.0389403             0.0263199             0.0123899             0.00274552            0.356178              
127    0.0333585       0.0707497             0.0420626             0.0163044             0.00431751            0.321809              
128    0.00139294      0.000210191           0.00106502            0.00211381            0.00218271            1.47562               
129    0.0200989       0.0389403             0.0263199             0.0123899             0.00274552            0.356178              
130    0.0227385       0.0529128             0.0270643             0.00873114            0.00224571            0.274849              
131    0.0227385       0.0529128             0.0270643             0.00873114            0.00224571            0.274849              
132    0.00023244      3.45698e-05           0.000163187           0.00031401            0.000417993           1.59375               
133    0.0200989       0.0389403             0.0263199             0.0123899             0.00274552            0.356178              
134    0.0259726       0.042195              0.0342105             0.0217557             0.00572911            0.459234              
135    0.032052        0.0544489             0.042385              0.0250929             0.00628104            0.431587              
136    0.0499259       0.0914142             0.0633906             0.0335557             0.011343              0.426448              
137    0.00566611      0.0118333             0.00763575            0.00296141            0.000234001           0.274733              
138    0.0340384       0.0656964             0.0440221             0.0209591             0.00547588            0.371423              
139    0.032052        0.0544489             0.042385              0.0250929             0.00628104            0.431587              
140    0.0287973       0.0584822             0.0368205             0.015931              0.00395572            0.341638              
141    0.00165661      0.000319448           0.00143553            0.00243016            0.00244128            1.40856               
142    9.10462e-06     1.92139e-07           4.03262e-06           1.22113e-05           1.99824e-05           1.84345               
143    0.0333585       0.0707497             0.0420626             0.0163044             0.00431751            0.321809              
144    0.000819721     3.08502e-05           0.000352141           0.00122185            0.00167404            1.7702                
145    0.0073666       0.00220333            0.00876532            0.0117095             0.00678829            1.08091               
146    0.00037066      4.55103e-05           0.000229865           0.000482432           0.000724835           1.68471               
147    0.000384587     4.80946e-05           0.000292715           0.000601124           0.000596415           1.47384               
148    0.0227385       0.0529128             0.0270643             0.00873114            0.00224571            0.274849              
149    0.0073666       0.00220333            0.00876532            0.0117095             0.00678829            1.08091               
150    0.0227385       0.0529128             0.0270643             0.00873114            0.00224571            0.274849              
151    0.0156381       0.0358723             0.0194687             0.00604832            0.00116319            0.26244               
152    0.0259726       0.042195              0.0342105             0.0217557             0.00572911            0.459234              
153    0.00566611      0.0118333             0.00763575            0.00296141            0.000234001           0.274733              
154    0.0499259       0.0914142             0.0633906             0.0335557             0.011343              0.426448              
155    0.00165661      0.000319448           0.00143553            0.00243016            0.00244128            1.40856               
156    0.0021361       0.000685822           0.00256994            0.0032176             0.00207105            1.09708               
157    0.00470854      0.00192215            0.00669869            0.00693813            0.00327519            0.918981              
158    0.00212783      0.000864007           0.00299838            0.00313491            0.00151402            0.928858              
159    0.0278111       0.0604267             0.0334825             0.0135386             0.00379679            0.322538              
160    0.0333585       0.0707497             0.0420626             0.0163044             0.00431751            0.321809              
161    0.0499259       0.0914142             0.0633906             0.0335557             0.011343              0.426448              
162    0.0208257       0.0469758             0.025932              0.00858808            0.00180714            0.276137              
163    0.0258096       0.0511229             0.033541              0.0152123             0.00336205            0.34566               
164    0.0244915       0.0538894             0.0290092             0.01174               0.00332743            0.319299              
165    0.0499259       0.0914142             0.0633906             0.0335557             0.011343              0.426448              
166    0.0259726       0.042195              0.0342105             0.0217557             0.00572911            0.459234              
167    0.00894946      0.019984              0.0116047             0.00379154            0.000417569           0.254627              
168    0.0499259       0.0914142             0.0633906             0.0335557             0.011343              0.426448              
169    0.0169815       0.0317517             0.0224719             0.0113828             0.00231941            0.368187              
170    0.0499259       0.0914142             0.0633906             0.0335557             0.011343              0.426448              
171    0.032052        0.0544489             0.042385              0.0250929             0.00628104            0.431587              
172    0.0227385       0.0529128             0.0270643             0.00873114            0.00224571            0.274849              
173    0.0156381       0.0358723             0.0194687             0.00604832            0.00116319            0.26244               
174    0.00183347      0.000502449           0.00200977            0.00278415            0.00203751            1.18868               
175    0.0247164       0.0485815             0.032165              0.0147924             0.00332662            0.350582              
176    0.0278111       0.0604267             0.0334825             0.0135386             0.00379679            0.322538              
177    0.0499259       0.0914142             0.0633906             0.0335557             0.011343              0.426448              
178    0.0165664       0.0371777             0.0208617             0.0069142             0.00131184            0.272938              
179    0.00230318      0.000735544           0.00290229            0.00368403            0.00189087            1.01945               
180    0.00531417      0.00172359            0.00685099            0.00865677            0.00402531            0.984416              
181    0.00577046      0.00107614            0.00546813            0.00960789            0.0069297             1.27005               
182    0.00782819      0.0195972             0.00918415            0.00217464            0.000356776           0.215805              
183    0.00371386      0.00175421            0.00577685            0.00527826            0.00204614            0.818808              
184    0.00200992      0.000559156           0.00232141            0.00322184            0.00193728            1.11012               
185    0.0165664       0.0371777             0.0208617             0.0069142             0.00131184            0.272938              
186    0.032052        0.0544489             0.042385              0.0250929             0.00628104            0.431587              
187    0.0244915       0.0538894             0.0290092             0.01174               0.00332743            0.319299              
188    0.00362168      0.00175125            0.00571953            0.00513293            0.001883              0.798521              
189    0.00103608      0.00034997            0.00137438            0.001679              0.000740981           0.956436              
190    0.0278111       0.0604267             0.0334825             0.0135386             0.00379679            0.322538              
191    0.0499259       0.0914142             0.0633906             0.0335557             0.011343              0.426448              
192    0.0165664       0.0371777             0.0208617             0.0069142             0.00131184            0.272938              
193    0.00343669      0.00117415            0.00422554            0.0050204             0.00332668            1.08833               
194    0.0227385       0.0529128             0.0270643             0.00873114            0.00224571            0.274849              
195    0.0165664       0.0371777             0.0208617             0.0069142             0.00131184            0.272938              
196    0.0227385       0.0529128             0.0270643             0.00873114            0.00224571            0.274849              
197    0.00566611      0.0118333             0.00763575            0.00296141            0.000234001           0.274733              
198    0.0259726       0.042195              0.0342105             0.0217557             0.00572911            0.459234              
199    0.0287973       0.0584822             0.0368205             0.015931              0.00395572            0.341638              
200    0.0259726       0.042195              0.0342105             0.0217557             0.00572911            0.459234              
201    0.00156877      0.0001591             0.000963557           0.00229474            0.00285769            1.62699               
202    0.00313467      0.000983212           0.00403426            0.00530006            0.00222113            0.963942              
203    0.0244915       0.0538894             0.0290092             0.01174               0.00332743            0.319299              
204    0.000798293     0.000223003           0.000932624           0.0012801             0.000757443           1.10092               
205    0.0340384       0.0656964             0.0440221             0.0209591             0.00547588            0.371423              
206    0.0227385       0.0529128             0.0270643             0.00873114            0.00224571            0.274849              
207    0.000964323     0.000264416           0.00109055            0.00151977            0.000982557           1.14026               
208    0.0200989       0.0389403             0.0263199             0.0123899             0.00274552            0.356178              
209    0.00289294      0.00121034            0.00427105            0.00443019            0.00166019            0.852003              
210    0.0258096       0.0511229             0.033541              0.0152123             0.00336205            0.34566               
211    0.000289823     0.000101049           0.000324725           0.000379161           0.000354356           1.22218               
212    0.0259726       0.042195              0.0342105             0.0217557             0.00572911            0.459234              
213    0.0278111       0.0604267             0.0334825             0.0135386             0.00379679            0.322538              
214    0.0165664       0.0371777             0.0208617             0.0069142             0.00131184            0.272938              
215    0.0247164       0.0485815             0.032165              0.0147924             0.00332662            0.350582              
216    0.0227385       0.0529128             0.0270643             0.00873114            0.00224571            0.274849              
217    0.0169815       0.0317517             0.0224719             0.0113828             0.00231941            0.368187              
218    0.00566611      0.0118333             0.00763575            0.00296141            0.000234001           0.274733              
219    0.0340384       0.0656964             0.0440221             0.0209591             0.00547588            0.371423              
220    0.0287973       0.0584822             0.0368205             0.015931              0.00395572            0.341638              
221    0.0073666       0.00220333            0.00876532            0.0117095             0.00678829            1.08091               
222    0.0499259       0.0914142             0.0633906             0.0335557             0.011343              0.426448              
223    0.0259726       0.042195              0.0342105             0.0217557             0.00572911            0.459234              
224    0.00691018      0.0115292             0.00921689            0.00565752            0.00123707            0.42826               
225    0.0073666       0.00220333            0.00876532            0.0117095             0.00678829            1.08091               
226    0.00179463      0.000358447           0.00163325            0.00274173            0.0024451             1.34864               
227    0.00114597      0.000104186           0.000618746           0.0015491             0.00231184            1.7318                
228    0.0227385       0.0529128             0.0270643             0.00873114            0.00224571            0.274849              
229    0.00144997      0.000517426           0.00191085            0.00226902            0.00110259            0.975008              
230    0.0340384       0.0656964             0.0440221             0.0209591             0.00547588            0.371423              
231    0.0200989       0.0389403             0.0263199             0.0123899             0.00274552            0.356178              
232    0.0244915       0.0538894             0.0290092             0.01174               0.00332743            0.319299              
233    0.0247164       0.0485815             0.032165              0.0147924             0.00332662            0.350582              
234    0.0287973       0.0584822             0.0368205             0.015931              0.00395572            0.341638              
235    0.00343669      0.00117415            0.00422554            0.0050204             0.00332668            1.08833               
236    0.0287973       0.0584822             0.0368205             0.015931              0.00395572            0.341638              
237    0.00324133      0.00121829            0.00444061            0.00494893            0.0023575             0.948092              
238    0.00124792      0.000105019           0.00064163            0.00170297            0.00254207            1.74612               
239    0.00212783      0.000864007           0.00299838            0.00313491            0.00151402            0.928858              
240    0.000306189     3.94138e-05           0.00021677            0.000464205           0.000504366           1.52601               
241    0.00187995      0.000557372           0.00227767            0.00305208            0.00163266            1.05342               
242    0.0278111       0.0604267             0.0334825             0.0135386             0.00379679            0.322538              
243    0.00664511      0.00219142            0.00848913            0.0107053             0.00519456            0.996357              
244    0.0278111       0.0604267             0.0334825             0.0135386             0.00379679            0.322538              
245    0.00894946      0.019984              0.0116047             0.00379154            0.000417569           0.254627              
246    0.00566611      0.0118333             0.00763575            0.00296141            0.000234001           0.274733              
247    0.0499259       0.0914142             0.0633906             0.0335557             0.011343              0.426448              
248    0.0333585       0.0707497             0.0420626             0.0163044             0.00431751            0.321809              
249    0.032052        0.0544489             0.042385              0.0250929             0.00628104            0.431587              
250    0.0244915       0.0538894             0.0290092             0.01174               0.00332743            0.319299              
251    0.0227385       0.0529128             0.0270643             0.00873114            0.00224571            0.274849              
252    0.0258096       0.0511229             0.033541              0.0152123             0.00336205            0.34566               
253    0.0227385       0.0529128             0.0270643             0.00873114            0.00224571            0.274849              
254    0.0333585       0.0707497             0.0420626             0.0163044             0.00431751            0.321809              
255    0.00286334      0.000796135           0.00340444            0.00464926            0.00260355            1.07964               
256    0.00734957      0.00376155            0.0118455             0.0103275             0.00346374            0.765185              
257    0.0333585       0.0707497             0.0420626             0.0163044             0.00431751            0.321809              
258    0.0244915       0.0538894             0.0290092             0.01174               0.00332743            0.319299              
259    0.0333585       0.0707497             0.0420626             0.0163044             0.00431751            0.321809              
260    0.0169815       0.0317517             0.0224719             0.0113828             0.00231941            0.368187              
261    0.0244915       0.0538894             0.0290092             0.01174               0.00332743            0.319299              
262    0.00782819      0.0195972             0.00918415            0.00217464            0.000356776           0.215805              
263    0.0287973       0.0584822             0.0368205             0.015931              0.00395572            0.341638              
264    0.0208257       0.0469758             0.025932              0.00858808            0.00180714            0.276137              
265    0.00289294      0.00121034            0.00427105            0.00443019            0.00166019            0.852003              
266    0.032052        0.0544489             0.042385              0.0250929             0.00628104            0.431587              
267    0.00258047      0.00120139            0.00408687            0.00390984            0.00112378            0.761887              
268    0.0219721       0.0525506             0.0259844             0.00778171            0.00157162            0.24976               
269    0.00100395      0.0001043             0.000615986           0.00151731            0.0017782             1.60287               
270    0.0240602       0.0483802             0.0313829             0.0137978             0.00267997            0.329895              
271    0.0240602       0.0483802             0.0313829             0.0137978             0.00267997            0.329895              
272    0.0323434       0.07038               0.0407756             0.0149326             0.00328534            0.297347              
273    0.0165862       0.0316428             0.0220186             0.010745              0.00193857            0.35047               
274    0.0251186       0.0509062             0.0327067             0.0141664             0.00269485            0.325014              
275    4.43261e-05     1.29371e-05           5.16056e-05           6.7905e-05            4.48566e-05           1.1286                
276    0.00014942      5.82515e-05           0.000186986           0.00020301            0.000149431           1.09035               
277    0.0279603       0.0582083             0.0358096             0.014725              0.00309836            0.31831               
278    0.00492902      0.00171643            0.00668392            0.00807334            0.0032424             0.923102              
279    0.0251186       0.0509062             0.0327067             0.0141664             0.00269485            0.325014              
280    0.0251186       0.0509062             0.0327067             0.0141664             0.00269485            0.325014              
281    0.0255257       0.0421106             0.0338056             0.0210329             0.00515365            0.44423               
282    7.84584e-05     2.91885e-06           5.50444e-05           0.00013168            0.00012419            1.51556               
283    0.0235562       0.0535242             0.0278653             0.010482              0.00235322            0.287753              
284    0.0219721       0.0525506             0.0259844             0.00778171            0.00157162            0.24976               
285    0.0255257       0.0421106             0.0338056             0.0210329             0.00515365            0.44423               
286    0.0160968       0.0369661             0.0201667             0.00628167            0.000972519           0.254214              
287    0.0195878       0.0387888             0.0257182             0.0116049             0.00223937            0.336363              
288    0.0160968       0.0369661             0.0201667             0.00628167            0.000972519           0.254214              
289    0.0195878       0.0387888             0.0257182             0.0116049             0.00223937            0.336363              
290    0.0484598       0.0910661             0.061974              0.0314822             0.00931672            0.398746              
291    0.0314286       0.0543171             0.0417791             0.0240894             0.00552904            0.415078              
292    0.0151898       0.0356574             0.0187864             0.00546695            0.000848366           0.24382               
293    0.0484598       0.0910661             0.061974              0.0314822             0.00931672            0.398746              
294    0.0484598       0.0910661             0.061974              0.0314822             0.00931672            0.398746              
295    0.0331066       0.0654308             0.0429773             0.019583              0.00443526            0.348513              
296    0.0165862       0.0316428             0.0220186             0.010745              0.00193857            0.35047               
297    0.0331066       0.0654308             0.0429773             0.019583              0.00443526            0.348513              
298    0.000347602     5.62234e-05           0.000273609           0.00050861            0.000551967           1.48002               
299    0.0219721       0.0525506             0.0259844             0.00778171            0.00157162            0.24976               
300    0.0484598       0.0910661             0.061974              0.0314822             0.00931672            0.398746              
301    0.0012113       0.000102019           0.000764356           0.00197037            0.00200843            1.55125               
302    0.055941        0.055941              0.055941              0.055941              0.055941              1                     
303    0.061197        0.061197              0.061197              0.061197              0.061197              1                     
304    0.055941        0.055941              0.055941              0.055941              0.055941              1                     
305    0.04404         0.04404               0.04404               0.04404               0.04404               1                     
306    0.053287        0.053287              0.053287              0.053287              0.053287              1                     
307    0.069147        0.069147              0.069147              0.069147              0.069147              1                     
308    0.0484598       0.0910661             0.061974              0.0314822             0.00931672            0.398746              
309    0.0484598       0.0910661             0.061974              0.0314822             0.00931672            0.398746              
310    6.7679e-05      2.27132e-05           8.3315e-05            9.80134e-05           6.66745e-05           1.09744               
311    0.00120975      0.000275562           0.0012025             0.00188678            0.00147417            1.26323               
312    0.00234068      0.000286901           0.00156011            0.00343294            0.00408278            1.57881               
313    0.00108803      8.6235e-05            0.00055861            0.0014599             0.00224736            1.76063               
314    9.82426e-05     2.69115e-06           5.42117e-05           0.000150293           0.000185774           1.68379               
315    0.000678711     6.72368e-05           0.000438607           0.00105069            0.00115831            1.56885               
316    0.00109344      5.01971e-05           0.000521509           0.00162221            0.00217984            1.73887               
317    3.90315e-05     1.06523e-05           4.23595e-05           5.70431e-05           4.6071e-05            1.22294               
318    2.17457e-06     2.04779e-09           1.25761e-07           1.26336e-06           7.30712e-06           2.45054               
319    4.19318e-05     9.93514e-08           3.80295e-06           2.77612e-05           0.000136064           2.39131               
320    0.00334022      0.000809417           0.00357279            0.00523543            0.00374323            1.20341               
321    1.65837e-05     5.49362e-08           1.78499e-06           1.15529e-05           5.29421e-05           2.36403               
322    5.53709e-05     1.17242e-05           5.38719e-05           8.91914e-05           6.6696e-05            1.26294               
323    0.00080383      7.6552e-05            0.000432138           0.00103964            0.00166699            1.75778               
324    0.00110405      0.000102607           0.000815647           0.0019092             0.00158873            1.43109               
325    0.000173525     2.09717e-06           5.00399e-05           0.000222505           0.00041946            1.97196               
326    0.0010335       9.94038e-05           0.000523162           0.00122007            0.00229136            1.82943               
327    8.47874e-07     2.88194e-09           9.3285e-08            5.99326e-07           2.696e-06             2.3577                
328    0.000347724     4.54191e-05           0.000227142           0.000466392           0.000651943           1.64046               
329    0.000979836     0.000102679           0.000557952           0.00128675            0.00197197            1.72246               
330    2.4586e-09      4.44127e-14           1.66206e-11           4.83581e-10           9.33417e-09           2.66317               
331    0.000676101     0.000175704           0.000705338           0.00102914            0.000794217           1.22896               
332    0.0151898       0.0356574             0.0187864             0.00546695            0.000848366           0.24382               
333    0.00114704      0.000122676           0.00067138            0.00153452            0.00225958            1.69971               
334    1.07348e-06     3.1453e-09            9.69372e-08           6.2124e-07            3.57259e-06           2.43036               
335    1.91597e-06     5.35729e-09           1.74609e-07           1.18113e-06           6.30277e-06           2.41219               
336    5.53889e-09     8.92427e-13           1.47245e-10           2.07239e-09           1.9935e-08            2.56747               
337    0.00157063      0.000318808           0.00141852            0.00234936            0.00219582            1.36569               
338    0.000766994     4.89153e-05           0.000329594           0.00095259            0.00173688            1.86933               
339    0.00157063      0.000318808           0.00141852            0.00234936            0.00219582            1.36569               
340    0.000996938     6.63587e-05           0.000747012           0.00178622            0.00138816            1.41313               
341    0.00254855      0.000791418           0.00328644            0.00420745            0.00190887            0.983238              
342    0.0219721       0.0525506             0.0259844             0.00778171            0.00157162            0.24976               
343    0.000173525     2.09717e-06           5.00399e-05           0.000222505           0.00041946            1.97196               
344    5.91045e-07     2.37176e-09           7.0755e-08            4.15865e-07           1.87519e-06           2.35288               
345    1.78412e-05     5.69779e-08           1.86744e-06           1.22928e-05           5.71474e-05           2.36951               
346    7.10236e-06     5.84734e-08           1.55205e-06           7.20548e-06           1.95935e-05           2.14327               
347    0.00101246      5.01408e-05           0.000371177           0.00117657            0.00245197            1.95521               
348    0.0314286       0.0543171             0.0417791             0.0240894             0.00552904            0.415078              
349    3.17076e-06     3.49191e-09           1.91024e-07           1.81888e-06           1.06696e-05           2.4524                
350    1.79423e-05     1.30033e-07           3.58465e-06           1.7477e-05            5.05777e-05           2.17444               
351    0.0484598       0.0910661             0.061974              0.0314822             0.00931672            0.398746              
352    0.00217192      0.000514703           0.0021906             0.00335843            0.00262396            1.25434               
353    0.0255257       0.0421106             0.0338056             0.0210329             0.00515365            0.44423               
354    1.79423e-05     1.30033e-07           3.58465e-06           1.7477e-05            5.05777e-05           2.17444               
355    2.87291e-05     1.70612e-07           5.07405e-06           2.77958e-05           8.18758e-05           2.1926                
356    0.0012113       0.000102019           0.000764356           0.00197037            0.00200843            1.55125               
357    2.31291e-05     1.65099e-07           4.55352e-06           2.22824e-05           6.55152e-05           2.18132               
358    0.000116211     2.73384e-05           0.000111559           0.000164023           0.000161921           1.34872               
359    0.071586        0.071586              0.071586              0.071586              0.071586              1                     
360    0.069147        0.069147              0.069147              0.069147              0.069147              1                     
361    0.099081        0.099081              0.099081              0.099081              0.099081              1                     
362    0.057337        0.057337              0.057337              0.057337              0.057337              1                     
363    0.057337        0.057337              0.057337              0.057337              0.057337              1                     
364    0.057337        0.057337              0.057337              0.057337              0.057337              1                     
365    0.061197        0.061197              0.061197              0.061197              0.061197              1                     
366    0.071586        0.071586              0.071586              0.071586              0.071586              1                     
367    0.053052        0.053052              0.053052              0.053052              0.053052              1                     
368    0.00554509      0.011784              0.00744867            0.00276009            0.000187644           0.264259              
369    0.00217192      0.000514703           0.0021906             0.00335843            0.00262396            1.25434               
370    0.00328037      0.00173923            0.00549075            0.00457381            0.0013177             0.719819              
371    0.022355        0.022355              0.022355              0.022355              0.022355              1                     
372    0.069147        0.069147              0.069147              0.069147              0.069147              1                     
373    0.061197        0.061197              0.061197              0.061197              0.061197              1                     
374    0.053052        0.053052              0.053052              0.053052              0.053052              1                     
375    0.069147        0.069147              0.069147              0.069147              0.069147              1                     
376    0.00309816      0.00116801            0.00409605            0.00459737            0.00253121            0.99685               
377    0.0484598       0.0910661             0.061974              0.0314822             0.00931672            0.398746              
378    0.000929893     0.000206192           0.000880521           0.00137574            0.00125712            1.33388               
379    0.00254972      0.00102125            0.00368818            0.00396409            0.00152536            0.871401              
380    0.0314286       0.0543171             0.0417791             0.0240894             0.00552904            0.415078              
381    0.00110141      0.000207469           0.000913494           0.00152792            0.00175674            1.47183               
382    0.00036336      1.38325e-05           0.000125611           0.00044237            0.000871626           1.94974               
383    0.00240038      0.000539025           0.00237153            0.00375391            0.00293705            1.26711               
384    0.082717        0.098023              0.0929731             0.0827989             0.057073              0.798316              
385    0.000832062     0.000262546           0.00104549            0.00134786            0.000672352           1.01468               
386    0.0484598       0.0910661             0.061974              0.0314822             0.00931672            0.398746              
387    0.00401995      0.00190334            0.00631925            0.00588509            0.00197212            0.787839              
388    0.00328037      0.00173923            0.00549075            0.00457381            0.0013177             0.719819              
389    0.0331066       0.0654308             0.0429773             0.019583              0.00443526            0.348513              
390    0.00184318      0.000556782           0.00226355            0.00299987            0.00155254            1.03762               
391    0.000208762     1.51574e-05           0.000106218           0.000299969           0.000413703           1.72324               
392    8.12887e-05     1.06292e-05           5.50673e-05           0.000116667           0.000142791           1.58136               
393    0.0240602       0.0483802             0.0313829             0.0137978             0.00267997            0.329895              
394    0.00254855      0.000791418           0.00328644            0.00420745            0.00190887            0.983238              
395    0.00199677      0.000860887           0.00293452            0.00294823            0.00124345            0.8733                
396    0.0251186       0.0509062             0.0327067             0.0141664             0.00269485            0.325014              
397    0.00303323      0.00121362            0.00434083            0.00464224            0.00193623            0.892539              
398    0.0279603       0.0582083             0.0358096             0.014725              0.00309836            0.31831               
399    0.0251186       0.0509062             0.0327067             0.0141664             0.00269485            0.325014              
400    0.0219721       0.0525506             0.0259844             0.00778171            0.00157162            0.24976               
401    0.0195878       0.0387888             0.0257182             0.0116049             0.00223937            0.336363              
402    0.0219721       0.0525506             0.0259844             0.00778171            0.00157162            0.24976               
403    0.0484598       0.0910661             0.061974              0.0314822             0.00931672            0.398746              
404    0.0240602       0.0483802             0.0313829             0.0137978             0.00267997            0.329895              
405    0.0235562       0.0535242             0.0278653             0.010482              0.00235322            0.287753              
406    0.0279603       0.0582083             0.0358096             0.014725              0.00309836            0.31831               
407    0.0219721       0.0525506             0.0259844             0.00778171            0.00157162            0.24976               
408    0.00309816      0.00116801            0.00409605            0.00459737            0.00253121            0.99685               
409    0.0165862       0.0316428             0.0220186             0.010745              0.00193857            0.35047               
410    0.0622081       0.0779091             0.0724446             0.0617381             0.0367405             0.73189               
411    0.0397799       0.0437924             0.042589              0.0400457             0.0326923             0.885315              
412    0.045341        0.0600258             0.0545701             0.044264              0.022504              0.667231              
413    4.15577e-05     3.15327e-06           1.78292e-05           4.53665e-05           9.98821e-05           1.93226               
414    8.20223e-05     6.04568e-06           3.43173e-05           8.80895e-05           0.000199637           1.94855               
415    0.0255257       0.0421106             0.0338056             0.0210329             0.00515365            0.44423               
416    0.00161917      0.000356961           0.00159348            0.002557              0.00196926            1.26504               
417    0.000141505     5.37e-05              0.000184963           0.000192637           0.000134722           1.06198               
418    0.00157063      0.000318808           0.00141852            0.00234936            0.00219582            1.36569               
419    0.000877437     2.60559e-05           0.000214393           0.000831049           0.00243825            2.14462               
420    9.70588e-06     7.55418e-08           1.99639e-06           9.37429e-06           2.73773e-05           2.17434               
421    6.75213e-07     2.75674e-09           8.94923e-08           5.4374e-07            2.06486e-06           2.29716               
422    3.51963e-06     2.84708e-08           7.66767e-07           3.60923e-06           9.67404e-06           2.13864               
423    0.00157063      0.000318808           0.00141852            0.00234936            0.00219582            1.36569               
424    0.00150155      0.000136084           0.000814555           0.00204853            0.00300702            1.72456               
425    0.00136964      0.000210058           0.00106104            0.00209178            0.00211569            1.4632                
426    0.00264646      0.000792971           0.00332497            0.00434918            0.0021187             1.01446               
427    0.00100315      0.000124983           0.000682009           0.00145637            0.00174924            1.57624               
428    0.0012113       0.000102019           0.000764356           0.00197037            0.00200843            1.55125               
429    3.86459e-05     4.6413e-07            1.16557e-05           4.78542e-05           9.46095e-05           1.98459               
430    0.000208256     4.57367e-05           0.000205432           0.000330202           0.000251652           1.2612                
431    0.0279603       0.0582083             0.0358096             0.014725              0.00309836            0.31831               
432    0.00234068      0.000286901           0.00156011            0.00343294            0.00408278            1.57881               
433    0.00161917      0.000356961           0.00159348            0.002557              0.00196926            1.26504               
434    0.00112891      0.000258767           0.00113679            0.00182744            0.00129266            1.22651               
435    0.0255257       0.0421106             0.0338056             0.0210329             0.00515365            0.44423               
436    0.00328037      0.00173923            0.00549075            0.00457381            0.0013177             0.719819              
437    0.0015437       0.000233772           0.00117151            0.00229472            0.0024748             1.49333               
438    7.77684e-09     6.14298e-13           1.10432e-10           1.90481e-09           2.90915e-08           2.63589               
439    4.71771e-05     1.28313e-06           2.57343e-05           7.19086e-05           8.97823e-05           1.69043               
440    2.92986e-07     2.4775e-09            6.9418e-08            3.39327e-07           7.60724e-07           2.06429               
441    0.000158427     1.5274e-05            8.33978e-05           0.000196561           0.000338477           1.7886                
442    0.0397799       0.0437924             0.042589              0.0400457             0.0326923             0.885315              
443    0.000629894     5.01093e-05           0.000281464           0.000705861           0.00148214            1.90524               
444    0.045341        0.0600258             0.0545701             0.044264              0.022504              0.667231              
445    0.0397799       0.0437924             0.042589              0.0400457             0.0326923             0.885315              
446    0.0436149       0.052436              0.0495005             0.043611              0.0289121             0.780463              
447    1.60287e-06     3.09307e-09           1.04601e-07           7.66246e-07           5.53753e-06           2.49372               
448    5.82578e-05     3.53428e-06           2.06085e-05           5.60837e-05           0.000152805           2.04932               
449    0.000779229     4.924e-05             0.000285476           0.000767387           0.00201481            2.02948               
450    5.25873e-05     2.63204e-06           1.57603e-05           4.53883e-05           0.000146568           2.13645               
451    0.0529229       0.0570855             0.0558591             0.0532456             0.0455016             0.909902              
452    0.000163774     9.89783e-06           5.77582e-05           0.000157405           0.000430034           2.05087               
453    0.00117603      6.82925e-05           0.000400326           0.00110256            0.00313295            2.07108               
454    0.0942625       0.0988111             0.0974915             0.0946594             0.0860879             0.944369              
455    0.0428651       0.0439769             0.0436667             0.0429887             0.040828              0.969629              
456    4.94136e-07     9.27996e-10           3.14237e-08           2.31142e-07           1.71305e-06           2.49961               
457    0.000329772     2.5195e-05            0.000142299           0.000361248           0.000790346           1.92859               
458    1.69384e-07     3.31745e-10           1.12015e-08           8.17687e-08           5.84235e-07           2.49096               
459    1.52271e-05     3.28531e-08           1.09789e-06           7.83407e-06           5.19434e-05           2.47224               
460    0.0397799       0.0437924             0.042589              0.0400457             0.0326923             0.885315              
461    0.0458081       0.0552765             0.0521123             0.0457778             0.030066              0.776084              
462    7.37826e-05     5.1856e-06            2.96148e-05           7.70647e-05           0.000183265           1.97516               
463    0.0485879       0.0554883             0.0533092             0.0488193             0.0367347             0.842094              
464    0.0485879       0.0554883             0.0533092             0.0488193             0.0367347             0.842094              
465    0.0553678       0.0640224             0.0612496             0.0555774             0.0406218             0.827329              
466    0.000205048     1.80658e-05           0.000100069           0.000243227           0.000458829           1.84337               
467    0.000104248     7.41374e-06           4.23197e-05           0.000109904           0.000257353           1.96719               
468    2.3171e-05      1.71346e-06           9.73678e-06           2.50183e-05           5.62156e-05           1.94457               
469    2.19723e-09     4.36941e-14           9.60844e-12           2.38889e-10           8.54039e-09           2.706                 
470    0.000174363     1.32763e-05           7.50327e-05           0.000190728           0.000418415           1.93024               
471    7.18749e-05     5.74192e-06           3.22518e-05           8.08361e-05           0.00016867            1.90194               
472    0.045341        0.0600258             0.0545701             0.044264              0.022504              0.667231              
473    0.0397799       0.0437924             0.042589              0.0400457             0.0326923             0.885315              
474    0.0507916       0.0569472             0.0550602             0.0511143             0.0400448             0.863488              
475    0.017546        0.0220267             0.0204744             0.0174242             0.0102588             0.728156              
476    4.9597e-06      9.69318e-09           3.2703e-07            2.3852e-06            1.71169e-05           2.49194               
477    0.00358062      0.000951834           0.00401609            0.00578403            0.00357055            1.13309               
478    0.0219721       0.0525506             0.0259844             0.00778171            0.00157162            0.24976               
479    0.00119746      0.000151557           0.000758202           0.00158103            0.00229907            1.66535               
480    0.000557427     2.98947e-05           0.00023595            0.000735994           0.00122787            1.84328               
481    0.0195878       0.0387888             0.0257182             0.0116049             0.00223937            0.336363              
482    0.0314286       0.0543171             0.0417791             0.0240894             0.00552904            0.415078              
483    0.00207759      0.000285754           0.00152337            0.0032077             0.00329354            1.49144               
484    0.0622081       0.0779091             0.0724446             0.0617381             0.0367405             0.73189               
485    0.0397799       0.0437924             0.042589              0.0400457             0.0326923             0.885315              
486    0.0519517       0.0637523             0.0597313             0.0517636             0.0325594             0.756201              
487    5.02415e-06     1.23981e-08           4.07891e-07           2.81425e-06           1.6862e-05            2.44499               
488    0.0507916       0.0569472             0.0550602             0.0511143             0.0400448             0.863488              
489    7.54236e-05     4.82814e-06           2.79456e-05           7.48446e-05           0.000194076           2.02284               
490    4.97021e-06     8.94078e-09           3.04604e-07           2.26809e-06           1.72992e-05           2.50646               
491    0.00165411      0.000130356           0.000733127           0.00184372            0.00390924            1.91077               
492    0.000379441     2.3726e-05            0.000137763           0.000371517           0.000984757           2.03462               
493    0.052704        0.0570717             0.0557791             0.0530303             0.044935              0.905247              
494    0.052704        0.0570717             0.0557791             0.0530303             0.044935              0.905247              
495    5.57515e-06     1.33118e-08           5.65569e-07           4.281e-06             1.74407e-05           2.33495               
496    3.9447e-06      3.21311e-08           8.64528e-07           4.06147e-06           1.08207e-05           2.13585               
497    1.49436e-05     1.24678e-07           3.31985e-06           1.5824e-05            4.05058e-05           2.12009               
498    0.000750611     6.27351e-05           0.00037885            0.000990708           0.00157015            1.77334               
499    0.00358062      0.000951834           0.00401609            0.00578403            0.00357055            1.13309               
500    0.0314286       0.0543171             0.0417791             0.0240894             0.00552904            0.415078              
501    0.0484598       0.0910661             0.061974              0.0314822             0.00931672            0.398746              
502    0.00183166      0.000532329           0.00220217            0.00304576            0.00154639            1.04457               
503    3.27698e-05     1.72429e-07           5.51836e-06           3.21162e-05           9.32721e-05           2.1922                
504    0.000408389     6.11664e-05           0.000345222           0.000691089           0.00053608            1.34476               
505    0.0024771       0.000539717           0.00238968            0.003836              0.003143              1.29308               
506    2.71631e-06     5.91155e-07           2.45063e-06           3.72844e-06           4.09502e-06           1.4143                
507    0.000332301     1.70286e-05           0.000111476           0.000341591           0.000859109           2.0362                
508    0.00339529      0.000825069           0.00357224            0.0053865             0.00379734            1.20471               
509    0.000580289     3.15268e-05           0.000248312           0.000753541           0.00128778            1.85022               
510    0.0314286       0.0543171             0.0417791             0.0240894             0.00552904            0.415078              
511    2.63649e-06     2.00319e-08           5.30887e-07           2.50862e-06           7.48641e-06           2.18385               
512    0.0314286       0.0543171             0.0417791             0.0240894             0.00552904            0.415078              
513    0.0507916       0.0569472             0.0550602             0.0511143             0.0400448             0.863488              
514    0.0108328       0.0119939             0.0116439             0.010906              0.0087875             0.8784                
515    0.0622081       0.0779091             0.0724446             0.0617381             0.0367405             0.73189               
516    0.082717        0.098023              0.0929731             0.0827989             0.057073              0.798316              
517    1.50965e-07     1.11568e-11           2.13272e-09           3.91859e-08           5.62529e-07           2.62905               
518    0.00119746      0.000151557           0.000758202           0.00158103            0.00229907            1.66535               
519    0.0240602       0.0483802             0.0313829             0.0137978             0.00267997            0.329895              
520    0.00401995      0.00190334            0.00631925            0.00588509            0.00197212            0.787839              
521    0.0255257       0.0421106             0.0338056             0.0210329             0.00515365            0.44423               
522    0.00240038      0.000539025           0.00237153            0.00375391            0.00293705            1.26711               
523    0.0408063       0.0524045             0.0482587             0.0402529             0.0223091             0.702095              
524    0.0397799       0.0437924             0.042589              0.0400457             0.0326923             0.885315              
525    0.045341        0.0600258             0.0545701             0.044264              0.022504              0.667231              
526    0.0397799       0.0437924             0.042589              0.0400457             0.0326923             0.885315              
527    0.000610295     6.69917e-05           0.000429188           0.00098805            0.000956951           1.49333               
528    0.0314286       0.0543171             0.0417791             0.0240894             0.00552904            0.415078              
529    0.000275705     1.32393e-05           9.07572e-05           0.000286719           0.000712106           2.03659               
530    0.000131005     6.42233e-06           4.07584e-05           0.000126489           0.000350351           2.08198               
531    0.0003699       3.53355e-05           0.000226342           0.000538244           0.000679677           1.636                 
532    0.0484598       0.0910661             0.061974              0.0314822             0.00931672            0.398746              
533    0.000897481     0.000252461           0.00103757            0.00145025            0.000849642           1.10124               
534    0.0255257       0.0421106             0.0338056             0.0210329             0.00515365            0.44423               
535    0.00173296      0.000249598           0.00134559            0.00273172            0.00260491            1.44533               
536    0.0015437       0.000233772           0.00117151            0.00229472            0.0024748             1.49333               
537    3.57668e-06     5.13323e-09           1.79199e-07           1.40734e-06           1.27151e-05           2.54312               
538    0.0529229       0.0570855             0.0558591             0.0532456             0.0455016             0.909902              
539    0.000779229     4.924e-05             0.000285476           0.000767387           0.00201481            2.02948               
540    8.19115e-05     2.28746e-06           1.60094e-05           5.7969e-05            0.00025138            2.28837               
541    0.0529229       0.0570855             0.0558591             0.0532456             0.0455016             0.909902              
542    0.0738494       0.0787704             0.0773279             0.0742466             0.0650526             0.923506              
543    0.0428651       0.0439769             0.0436667             0.0429887             0.040828              0.969629              
544    0.0428651       0.0439769             0.0436667             0.0429887             0.040828              0.969629              
545    0.0671896       0.0783184             0.074733              0.0674187             0.0482883             0.817496              
546    0.0878164       0.0983978             0.095101              0.0882638             0.069503              0.865219              
547    0.0373512       0.042004              0.0405642             0.0375674             0.0292691             0.860254              
548    0.0411872       0.0438802             0.0430992             0.0414225             0.0363469             0.924613              
549    0.000185022     1.23682e-05           7.11979e-05           0.000188338           0.000468183           2.00013               
550    0.00309816      0.00116801            0.00409605            0.00459737            0.00253121            0.99685               
551    2.87693e-06     1.36076e-08           4.87649e-07           2.78818e-06           8.21827e-06           2.19701               
552    0.00078416      7.95371e-05           0.00045165            0.00107079            0.00153466            1.69614               
553    0.0314286       0.0543171             0.0417791             0.0240894             0.00552904            0.415078              
554    0.00153548      0.000147845           0.00101786            0.00248716            0.00248905            1.52679               
555    1.00505e-05     4.36064e-08           1.40681e-06           8.54197e-06           3.02094e-05           2.27144               
556    0.0314286       0.0543171             0.0417791             0.0240894             0.00552904            0.415078              
557    0.00259991      0.000287889           0.0015923             0.00363718            0.00488226            1.65177               
558    8.89846e-09     2.27838e-12           3.37404e-10           4.08867e-09           3.11655e-08           2.52034               
559    0.000765641     6.07387e-05           0.000386858           0.00102448            0.00159049            1.76732               
560    1.29063e-08     1.06651e-12           2.00288e-10           3.51047e-09           4.79132e-08           2.62235               
561    0.0314286       0.0543171             0.0417791             0.0240894             0.00552904            0.415078              
562    5.44549e-05     2.53187e-05           7.58639e-05           6.73501e-05           4.92868e-05           1.00999               
563    2.03411e-05     6.0518e-08            2.12391e-06           1.5013e-05            6.4167e-05            2.34675               
564    0.0240602       0.0483802             0.0313829             0.0137978             0.00267997            0.329895              
565    0.000876458     9.88984e-05           0.000507637           0.00112127            0.00177803            1.72699               
566    0.00036336      1.38325e-05           0.000125611           0.00044237            0.000871626           1.94974               
567    0.0052801       0.00107203            0.00534545            0.009012              0.00569093            1.19953               
568    0.00114935      0.000151373           0.00075271            0.00154821            0.0021451             1.63599               
569    0.000983997     0.000116442           0.000703505           0.00155696            0.00155908            1.49762               
570    0.00085077      7.88749e-05           0.000471861           0.00116452            0.00168782            1.71358               
571    9.68581e-05     1.88557e-05           8.98334e-05           0.000158193           0.000120551           1.29179               
572    0.00114935      0.000151373           0.00075271            0.00154821            0.0021451             1.63599               
573    0.0323434       0.07038               0.0407756             0.0149326             0.00328534            0.297347              
574    0.00280948      0.00102689            0.00381107            0.00435165            0.0020483             0.952971              
575    0.079066        0.079066              0.079066              0.079066              0.079066              1                     
576    0.0646          0.0646                0.0646                0.0646                0.0646                1                     
577    0.099081        0.099081              0.099081              0.099081              0.099081              1                     
578    7.57488e-05     1.49216e-05           7.09013e-05           0.000124147           9.30254e-05           1.28232               
579    0.0251186       0.0509062             0.0327067             0.0141664             0.00269485            0.325014              
580    0.000983997     0.000116442           0.000703505           0.00155696            0.00155908            1.49762               
581    0.000736043     4.88574e-05           0.000327289           0.000933909           0.00163412            1.84579               
582    0.00105199      0.000165167           0.000890408           0.00172158            0.0014308             1.36542               
583    0.000473814     5.96865e-05           0.000337832           0.000740455           0.000757282           1.50283               
584    0.00401995      0.00190334            0.00631925            0.00588509            0.00197212            0.787839              
585    0.000120269     1.73246e-05           8.37467e-05           0.000165216           0.000214788           1.5897                
586    0.000473814     5.96865e-05           0.000337832           0.000740455           0.000757282           1.50283               
587    0.0331066       0.0654308             0.0429773             0.019583              0.00443526            0.348513              
588    0.00161917      0.000356961           0.00159348            0.002557              0.00196926            1.26504               
589    0.0255257       0.0421106             0.0338056             0.0210329             0.00515365            0.44423               
590    0.00106305      0.000115165           0.000615268           0.00140086            0.00212092            1.71221               
591    0.00080383      7.6552e-05            0.000432138           0.00103964            0.00166699            1.75778               
592    0.000962418     0.000121971           0.000648866           0.00139394            0.00168489            1.57987               
593    0.000340211     7.96125e-06           9.00126e-05           0.000381552           0.000881317           2.05447               
594    2.02185e-06     2.44242e-10           4.04003e-08           6.33533e-07           7.41322e-06           2.60014               
595    0.00355406      0.000951614           0.00401021            0.00575679            0.00349762            1.12559               
596    0.00154921      0.000271052           0.00136114            0.00247877            0.00208586            1.35069               
597    0.000347602     5.62234e-05           0.000273609           0.00050861            0.000551967           1.48002               
598    0.000658724     7.60704e-05           0.000416276           0.000935618           0.00120693            1.62656               
599    0.0219721       0.0525506             0.0259844             0.00778171            0.00157162            0.24976               
600    0.00554509      0.011784              0.00744867            0.00276009            0.000187644           0.264259              
601    0.0646          0.0646                0.0646                0.0646                0.0646                1                     
602    0.0151898       0.0356574             0.0187864             0.00546695            0.000848366           0.24382               
603    0.000321345     0.000130267           0.000438675           0.000458921           0.000257517           0.977509              
604    0.00235732      0.000516427           0.00223451            0.00355266            0.00312567            1.32209               
605    0.0195878       0.0387888             0.0257182             0.0116049             0.00223937            0.336363              
606    0.00235732      0.000516427           0.00223451            0.00355266            0.00312567            1.32209               
607    0.00289977      0.000732096           0.00310491            0.0046048             0.00315728            1.18618               
608    0.0314286       0.0543171             0.0417791             0.0240894             0.00552904            0.415078              
609    0.000522591     0.000206336           0.000709808           0.000777712           0.000396509           0.960616              
610    0.0010866       0.0001771             0.000931743           0.00181486            0.00142268            1.33872               
611    0.00173296      0.000249598           0.00134559            0.00273172            0.00260491            1.44533               
612    0.071586        0.071586              0.071586              0.071586              0.071586              1                     
613    0.022951        0.022951              0.022951              0.022951              0.022951              1                     
614    0.00240038      0.000539025           0.00237153            0.00375391            0.00293705            1.26711               
615    0.0251186       0.0509062             0.0327067             0.0141664             0.00269485            0.325014              
616    3.10903e-05     3.08125e-07           8.15187e-06           3.63717e-05           7.95294e-05           2.04232               
617    0.00184318      0.000556782           0.00226355            0.00299987            0.00155254            1.03762               
618    0.00156077      0.000147927           0.00102121            0.00251049            0.00256345            1.53839               
619    0.000983997     0.000116442           0.000703505           0.00155696            0.00155908            1.49762               
620    0.0052801       0.00107203            0.00534545            0.009012              0.00569093            1.19953               
621    0.00109344      5.01971e-05           0.000521509           0.00162221            0.00217984            1.73887               
622    1.91359e-05     6.35858e-07           1.22387e-05           3.06032e-05           3.30658e-05           1.59343               
623    6.22475e-06     2.88948e-09           3.95117e-07           4.05185e-06           2.04491e-05           2.41451               
624    1.35533e-05     1.51515e-07           3.81926e-06           1.61757e-05           3.40668e-05           2.01835               
625    0.00108803      8.6235e-05            0.00055861            0.0014599             0.00224736            1.76063               
626    0.0151898       0.0356574             0.0187864             0.00546695            0.000848366           0.24382               
627    0.00286789      0.000818562           0.00340843            0.00471805            0.00252652            1.06487               
628    0.000973558     0.000265861           0.00109987            0.00156976            0.000958748           1.12461               
629    0.000518344     3.73242e-05           0.000259184           0.00071329            0.00106358            1.75761               
630    0.045341        0.0600258             0.0545701             0.044264              0.022504              0.667231              
631    0.0507916       0.0569472             0.0550602             0.0511143             0.0400448             0.863488              
632    0.045341        0.0600258             0.0545701             0.044264              0.022504              0.667231              
633    0.0166449       0.0224771             0.0202762             0.0161536             0.00767282            0.643044              
634    0.059109        0.0707747             0.0669059             0.0591302             0.0396252             0.785424              
635    0.0463173       0.060979              0.0555009             0.045195              0.0235941             0.675644              
636    0.0463173       0.060979              0.0555009             0.045195              0.0235941             0.675644              
637    0.059109        0.0707747             0.0669059             0.0591302             0.0396252             0.785424              
638    0.0522224       0.0679096             0.0621359             0.051179              0.027665              0.689755              
639    0.045341        0.0600258             0.0545701             0.044264              0.022504              0.667231              
