Note : P(D|M) is the probability of site D given the model M (i.e., the site likelihood)
P(D|M,rr[x]) is the probability of site D given the model M and the relative rate
of evolution rr[x], where x is the class of rate to be considered.
We have P(D|M) = \sum_x P(x) x P(D|M,rr[x]).


Site   P(D|M)          P(D|M,rr[1]=0.0893)   P(D|M,rr[2]=0.3951)   P(D|M,rr[3]=0.9485)   P(D|M,rr[4]=2.5671)   Posterior mean        
1      0.0165587       0.0221671             0.0196831             0.0158802             0.00850457            0.704324              
2      0.0621161       0.0771486             0.0709414             0.0609881             0.0393863             0.78029               
3      0.0827046       0.0973252             0.0915647             0.0820535             0.0598749             0.835508              
4      6.64713e-09     4.876e-11             8.80933e-10           4.3982e-09            2.12606e-08           2.22284               
5      0.0334492       0.0413103             0.0380914             0.0329013             0.0214938             0.78569               
6      0.0561657       0.0698426             0.0641977             0.0551427             0.0354799             0.778878              
7      0.0583849       0.0765847             0.0686751             0.0564106             0.0318691             0.724886              
8      0.078761        0.0968064             0.0894235             0.0775158             0.0512983             0.790963              
9      9.45373e-05     1.26701e-05           5.21423e-05           0.000109882           0.000203455           1.71425               
10     0.0387401       0.0435062             0.0417276             0.0386927             0.0310339             0.882413              
11     0.0561657       0.0698426             0.0641977             0.0551427             0.0354799             0.778878              
12     0.0492038       0.0564971             0.0537156             0.0490299             0.0375724             0.859819              
13     2.51127e-06     2.44076e-08           4.23065e-07           1.96026e-06           7.63736e-06           2.15373               
14     0.0100731       0.0126125             0.0115622             0.00987914            0.00623842            0.771354              
15     0.0387401       0.0435062             0.0417276             0.0386927             0.0310339             0.882413              
16     0.0492038       0.0564971             0.0537156             0.0490299             0.0375724             0.859819              
17     0.0105339       0.0119106             0.0113938             0.010515              0.00831625            0.875445              
18     0.0418812       0.0586917             0.0508782             0.0393207             0.0186343             0.659456              
19     4.27912e-05     4.41855e-07           7.58663e-06           3.45674e-05           0.000128569           2.13755               
20     0.000498142     8.46349e-05           0.000331977           0.00064214            0.000933818           1.57836               
21     0.000578696     0.000100541           0.000392508           0.000752828           0.00106891            1.56477               
22     0.0490247       0.0627803             0.0569385             0.04774               0.0286402             0.749145              
23     0.0492038       0.0564971             0.0537156             0.0490299             0.0375724             0.859819              
24     0.0561657       0.0698426             0.0641977             0.0551427             0.0354799             0.778878              
25     0.0380433       0.0513963             0.0454238             0.0363433             0.01901               0.695319              
26     0.0418812       0.0586917             0.0508782             0.0393207             0.0186343             0.659456              
27     0.0418812       0.0586917             0.0508782             0.0393207             0.0186343             0.659456              
28     0.0418812       0.0586917             0.0508782             0.0393207             0.0186343             0.659456              
29     0.000680529     0.000119805           0.000466908           0.000891955           0.00124345            1.55513               
30     6.65322e-05     1.25455e-05           4.81727e-05           8.96109e-05           0.0001158             1.51212               
31     4.81464e-05     9.36766e-06           3.57438e-05           6.57077e-05           8.17664e-05           1.4912                
32     0.0334492       0.0413103             0.0380914             0.0329013             0.0214938             0.78569               
33     0.0561657       0.0698426             0.0641977             0.0551427             0.0354799             0.778878              
34     0.0427379       0.0596367             0.0517802             0.0401673             0.0193675             0.664523              
35     0.0302864       0.0405437             0.0360013             0.0290467             0.0155538             0.704308              
36     0.000178286     2.42203e-05           9.93599e-05           0.000208294           0.000381268           1.70756               
37     0.078761        0.0968064             0.0894235             0.0775158             0.0512983             0.790963              
38     5.87773e-05     8.50829e-06           3.45083e-05           7.08215e-05           0.000121271           1.67106               
39     0.041402        0.0517285             0.0474486             0.0406013             0.0258297             0.774021              
40     0.0387401       0.0435062             0.0417276             0.0386927             0.0310339             0.882413              
41     0.0492038       0.0564971             0.0537156             0.0490299             0.0375724             0.859819              
42     0.041402        0.0517285             0.0474486             0.0406013             0.0258297             0.774021              
43     0.0289932       0.039303              0.0346814             0.0276646             0.0143237             0.691739              
44     0.0427379       0.0596367             0.0517802             0.0401673             0.0193675             0.664523              
45     0.0583849       0.0765847             0.0686751             0.0564106             0.0318691             0.724886              
46     0.000149609     2.0359e-05            8.34985e-05           0.000174954           0.000319624           1.70654               
47     0.0164783       0.021651              0.0194056             0.0159203             0.00893641            0.722794              
48     0.0334492       0.0413103             0.0380914             0.0329013             0.0214938             0.78569               
49     0.0302864       0.0405437             0.0360013             0.0290467             0.0155538             0.704308              
50     0.0387401       0.0435062             0.0417276             0.0386927             0.0310339             0.882413              
51     0.0434378       0.0545135             0.0499029             0.0425476             0.0267873             0.769531              
52     0.0334492       0.0413103             0.0380914             0.0329013             0.0214938             0.78569               
53     0.000271174     5.00674e-05           0.000193091           0.000362078           0.000479461           1.52578               
54     0.0418812       0.0586917             0.0508782             0.0393207             0.0186343             0.659456              
55     0.0418812       0.0586917             0.0508782             0.0393207             0.0186343             0.659456              
56     0.0434378       0.0545135             0.0499029             0.0425476             0.0267873             0.769531              
57     0.0427379       0.0596367             0.0517802             0.0401673             0.0193675             0.664523              
58     0.000586402     9.63291e-05           0.000380879           0.000746714           0.00112168            1.59737               
59     0.0100731       0.0126125             0.0115622             0.00987914            0.00623842            0.771354              
60     0.0302864       0.0405437             0.0360013             0.0290467             0.0155538             0.704308              
61     0.0418812       0.0586917             0.0508782             0.0393207             0.0186343             0.659456              
62     0.0334492       0.0413103             0.0380914             0.0329013             0.0214938             0.78569               
63     0.078761        0.0968064             0.0894235             0.0775158             0.0512983             0.790963              
64     1.47459e-06     9.77575e-09           1.80037e-07           9.26876e-07           4.78168e-06           2.24234               
65     0.000339116     5.85197e-05           0.000229014           0.000440796           0.000628133           1.56752               
66     5.77813e-05     9.24776e-06           3.6769e-05            7.27996e-05           0.000112309           1.61259               
67     0.0105339       0.0119106             0.0113938             0.010515              0.00831625            0.875445              
68     0.0492038       0.0564971             0.0537156             0.0490299             0.0375724             0.859819              
69     0.000176602     2.64633e-05           0.000106545           0.000215885           0.000357513           1.65202               
70     0.0561657       0.0698426             0.0641977             0.0551427             0.0354799             0.778878              
71     0.0561657       0.0698426             0.0641977             0.0551427             0.0354799             0.778878              
72     0.0483681       0.0664979             0.0581971             0.0457907             0.0229867             0.679032              
73     0.0302864       0.0405437             0.0360013             0.0290467             0.0155538             0.704308              
74     5.72813e-05     9.41724e-06           3.72186e-05           7.29298e-05           0.000109559           1.59725               
75     8.01906e-05     1.31201e-05           5.19243e-05           0.000101963           0.000153755           1.59963               
76     5.34388e-06     7.4629e-07            3.04681e-06           6.32949e-06           1.12529e-05           1.69171               
77     0.0387401       0.0435062             0.0417276             0.0386927             0.0310339             0.882413              
78     0.0334492       0.0413103             0.0380914             0.0329013             0.0214938             0.78569               
79     5.43496e-09     1.53458e-12           1.23322e-10           1.49321e-09           2.01218e-08           2.44342               
80     0.0583849       0.0765847             0.0686751             0.0564106             0.0318691             0.724886              
81     0.0490247       0.0627803             0.0569385             0.04774               0.0286402             0.749145              
82     0.0561657       0.0698426             0.0641977             0.0551427             0.0354799             0.778878              
83     3.7268e-07      2.63156e-09           4.77938e-08           2.40931e-07           1.19936e-06           2.23148               
84     0.0334492       0.0413103             0.0380914             0.0329013             0.0214938             0.78569               
85     0.000123222     2.115e-05             8.28869e-05           0.000159904           0.000228949           1.57041               
86     0.0483681       0.0664979             0.0581971             0.0457907             0.0229867             0.679032              
87     0.0561657       0.0698426             0.0641977             0.0551427             0.0354799             0.778878              
88     0.0427379       0.0596367             0.0517802             0.0401673             0.0193675             0.664523              
89     0.0276919       0.0334484             0.0311408             0.02737               0.0188085             0.80831               
90     0.0418812       0.0586917             0.0508782             0.0393207             0.0186343             0.659456              
91     0.041402        0.0517285             0.0474486             0.0406013             0.0258297             0.774021              
92     9.74089e-05     1.67592e-05           6.56459e-05           0.000126529           0.000180702           1.56896               
93     0.041402        0.0517285             0.0474486             0.0406013             0.0258297             0.774021              
94     3.76249e-05     5.03802e-06           2.07345e-05           4.37037e-05           8.10233e-05           1.71488               
95     0.0334492       0.0413103             0.0380914             0.0329013             0.0214938             0.78569               
96     0.0164783       0.021651              0.0194056             0.0159203             0.00893641            0.722794              
97     0.0427379       0.0596367             0.0517802             0.0401673             0.0193675             0.664523              
98     0.0334492       0.0413103             0.0380914             0.0329013             0.0214938             0.78569               
99     0.0427379       0.0596367             0.0517802             0.0401673             0.0193675             0.664523              
100    7.05834e-06     5.82413e-08           1.03476e-06           5.0111e-06            2.21293e-05           2.1951                
101    0.0561657       0.0698426             0.0641977             0.0551427             0.0354799             0.778878              
102    8.65734e-05     1.44666e-05           5.70036e-05           0.000111064           0.000163759           1.58693               
103    0.0490247       0.0627803             0.0569385             0.04774               0.0286402             0.749145              
104    0.00142655      0.000259227           0.00100279            0.00189135            0.00255285            1.53634               
105    6.6679e-05      9.10748e-06           3.73247e-05           7.81036e-05           0.00014218            1.70455               
106    0.0289932       0.039303              0.0346814             0.0276646             0.0143237             0.691739              
107    0.0276919       0.0334484             0.0311408             0.02737               0.0188085             0.80831               
108    0.0490247       0.0627803             0.0569385             0.04774               0.0286402             0.749145              
109    0.0164783       0.021651              0.0194056             0.0159203             0.00893641            0.722794              
110    0.0434378       0.0545135             0.0499029             0.0425476             0.0267873             0.769531              
111    0.0289932       0.039303              0.0346814             0.0276646             0.0143237             0.691739              
112    0.0490247       0.0627803             0.0569385             0.04774               0.0286402             0.749145              
113    4.23481e-09     1.50742e-12           1.17517e-10           1.34696e-09           1.54733e-08           2.4231                
114    0.078761        0.0968064             0.0894235             0.0775158             0.0512983             0.790963              
115    0.0418812       0.0586917             0.0508782             0.0393207             0.0186343             0.659456              
116    0.0418812       0.0586917             0.0508782             0.0393207             0.0186343             0.659456              
117    0.0427379       0.0596367             0.0517802             0.0401673             0.0193675             0.664523              
118    0.0380433       0.0513963             0.0454238             0.0363433             0.01901               0.695319              
119    0.0490247       0.0627803             0.0569385             0.04774               0.0286402             0.749145              
120    0.078761        0.0968064             0.0894235             0.0775158             0.0512983             0.790963              
121    0.0289932       0.039303              0.0346814             0.0276646             0.0143237             0.691739              
122    0.0427379       0.0596367             0.0517802             0.0401673             0.0193675             0.664523              
123    0.078761        0.0968064             0.0894235             0.0775158             0.0512983             0.790963              
124    0.0302864       0.0405437             0.0360013             0.0290467             0.0155538             0.704308              
125    0.041402        0.0517285             0.0474486             0.0406013             0.0258297             0.774021              
126    0.0427379       0.0596367             0.0517802             0.0401673             0.0193675             0.664523              
127    7.01566e-05     9.55329e-06           3.92216e-05           8.22515e-05           0.0001496             1.70477               
128    0.0427379       0.0596367             0.0517802             0.0401673             0.0193675             0.664523              
129    0.0418812       0.0586917             0.0508782             0.0393207             0.0186343             0.659456              
130    0.0418812       0.0586917             0.0508782             0.0393207             0.0186343             0.659456              
131    0.0483681       0.0664979             0.0581971             0.0457907             0.0229867             0.679032              
132    0.0561657       0.0698426             0.0641977             0.0551427             0.0354799             0.778878              
133    0.0427379       0.0596367             0.0517802             0.0401673             0.0193675             0.664523              
134    0.0380433       0.0513963             0.0454238             0.0363433             0.01901               0.695319              
135    0.0490247       0.0627803             0.0569385             0.04774               0.0286402             0.749145              
136    3.53473e-05     5.11038e-06           2.07221e-05           4.25268e-05           7.30299e-05           1.67237               
137    0.0497496       0.0565616             0.0539873             0.0496271             0.0388223             0.869925              
138    0.0800292       0.0969804             0.090136              0.0790042             0.0539961             0.805401              
139    0.000384458     4.65548e-05           0.000195212           0.000425581           0.000870485           1.76844               
140    1               1                     1                     1                     1                     1                     
141    1               1                     1                     1                     1                     1                     
142    1               1                     1                     1                     1                     1                     
143    1               1                     1                     1                     1                     1                     
144    0.042302        0.042302              0.042302              0.042302              0.042302              1                     
145    0.022355        0.022355              0.022355              0.022355              0.022355              1                     
146    0.040767        0.040767              0.040767              0.040767              0.040767              1                     
147    0.055941        0.055941              0.055941              0.055941              0.055941              1                     
148    0.041977        0.041977              0.041977              0.041977              0.041977              1                     
149    0.022355        0.022355              0.022355              0.022355              0.022355              1                     
150    0.099081        0.099081              0.099081              0.099081              0.099081              1                     
151    0.099081        0.099081              0.099081              0.099081              0.099081              1                     
152    0.055941        0.055941              0.055941              0.055941              0.055941              1                     
153    0.061197        0.061197              0.061197              0.061197              0.061197              1                     
154    0.040767        0.040767              0.040767              0.040767              0.040767              1                     
155    0.04404         0.04404               0.04404               0.04404               0.04404               1                     
Note : P(D|M) is the probability of site D given the model M (i.e., the site likelihood)
P(D|M,rr[x]) is the probability of site D given the model M and the relative rate
of evolution rr[x], where x is the class of rate to be considered.
We have P(D|M) = \sum_x P(x) x P(D|M,rr[x]).


Site   P(D|M)          P(D|M,rr[1]=0.0099)   P(D|M,rr[2]=0.1415)   P(D|M,rr[3]=0.6673)   P(D|M,rr[4]=3.1813)   Posterior mean        
1      0.0171509       0.0228601             0.0216868             0.0175737             0.00648313            0.519596              
2      0.0632301       0.0788446             0.0759641             0.0654961             0.0326154             0.628628              
3      0.0834618       0.0988789             0.0962353             0.0864072             0.0523258             0.715053              
4      4.14122e-06     1.05787e-07           1.43259e-06           5.4628e-06            9.56369e-06           2.0691                
5      0.0331722       0.0421702             0.040459              0.0343018             0.0157577             0.596593              
6      0.055768        0.0713542             0.0683479             0.0575841             0.0257856             0.58651               
7      0.0584821       0.0787351             0.0744715             0.0596615             0.0210603             0.504969              
8      0.0781436       0.0987788             0.0948548             0.080744              0.0381969             0.607197              
9      0.000178268     3.60523e-06           4.95414e-05           0.00020022            0.000459705           2.2482                
10     0.0382228       0.0439694             0.0430426             0.0395309             0.0263481             0.763455              
11     0.055768        0.0713542             0.0683479             0.0575841             0.0257856             0.58651               
12     0.0485469       0.0572258             0.0557698             0.0503179             0.030874              0.722259              
13     3.09849e-07     1.37539e-13           3.79116e-10           3.18468e-08           1.20717e-06           3.1158                
14     0.0099979       0.0128939             0.0123342             0.0103301             0.00443337            0.571867              
15     0.0382228       0.0439694             0.0430426             0.0395309             0.0263481             0.763455              
16     0.0485469       0.0572258             0.0557698             0.0503179             0.030874              0.722259              
17     0.0103909       0.0120455             0.0117758             0.0107572             0.00698524            0.750313              
18     0.0426588       0.0608615             0.0565783             0.0423174             0.0108779             0.418735              
19     8.62671e-06     4.98674e-12           1.35809e-08           1.08797e-06           3.34053e-05           3.10087               
20     4.70688e-05     7.57593e-09           1.44486e-06           2.45876e-05           0.000162235           2.82956               
21     0.000572454     1.77943e-05           0.00023746            0.000855185           0.00117938            1.90252               
22     0.0488935       0.0643577             0.0612259             0.050198              0.0197924             0.540777              
23     0.0485469       0.0572258             0.0557698             0.0503179             0.030874              0.722259              
24     0.055768        0.0713542             0.0683479             0.0575841             0.0257856             0.58651               
25     0.0383527       0.0530344             0.0497923             0.0387252             0.011859              0.463706              
26     0.0426588       0.0608615             0.0565783             0.0423174             0.0108779             0.418735              
27     0.0426588       0.0608615             0.0565783             0.0423174             0.0108779             0.418735              
28     0.0426588       0.0608615             0.0565783             0.0423174             0.0108779             0.418735              
29     4.25316e-05     6.43946e-09           1.23347e-06           2.13302e-05           0.000147556           2.84397               
30     4.265e-05       1.42697e-06           1.89615e-05           6.70692e-05           8.31422e-05           1.82858               
31     3.87937e-05     1.36315e-06           1.80602e-05           6.30924e-05           7.2659e-05            1.7775                
32     0.0331722       0.0421702             0.040459              0.0343018             0.0157577             0.596593              
33     0.055768        0.0713542             0.0683479             0.0575841             0.0257856             0.58651               
34     0.0435389       0.0618194             0.0575122             0.0431966             0.0116274             0.428144              
35     0.0304587       0.0417856             0.0393259             0.0308753             0.00984806            0.475315              
36     0.000207775     4.23382e-06           5.81199e-05           0.000234059           0.000534685           2.24458               
37     0.0781436       0.0987788             0.0948548             0.080744              0.0381969             0.607197              
38     5.47078e-05     1.21903e-06           1.6659e-05            6.58394e-05           0.000135114           2.17586               
39     0.0411301       0.052876              0.0505944             0.0424443             0.0186057             0.57862               
40     0.0382228       0.0439694             0.0430426             0.0395309             0.0263481             0.763455              
41     0.0485469       0.0572258             0.0557698             0.0503179             0.030874              0.722259              
42     0.0411301       0.052876              0.0505944             0.0424443             0.0186057             0.57862               
43     0.0292431       0.0405714             0.0380612             0.0295009             0.0088389             0.458154              
44     0.0435389       0.0618194             0.0575122             0.0431966             0.0116274             0.428144              
45     0.0584821       0.0787351             0.0744715             0.0596615             0.0210603             0.504969              
46     3.90933e-06     3.44048e-10           6.75367e-08           1.28826e-06           1.42812e-05           2.96102               
47     0.016497        0.0222611             0.0210511             0.0168411             0.00583481            0.500074              
48     0.0331722       0.0421702             0.040459              0.0343018             0.0157577             0.596593              
49     0.0304587       0.0417856             0.0393259             0.0308753             0.00984806            0.475315              
50     0.0382228       0.0439694             0.0430426             0.0395309             0.0263481             0.763455              
51     0.0431799       0.0557511             0.0532909             0.0445247             0.0191528             0.571641              
52     0.0331722       0.0421702             0.040459              0.0343018             0.0157577             0.596593              
53     0.00026945      8.89041e-06           0.000118256           0.000419991           0.000530662           1.84199               
54     0.0426588       0.0608615             0.0565783             0.0423174             0.0108779             0.418735              
55     0.0426588       0.0608615             0.0565783             0.0423174             0.0108779             0.418735              
56     0.0431799       0.0557511             0.0532909             0.0445247             0.0191528             0.571641              
57     0.0435389       0.0618194             0.0575122             0.0431966             0.0116274             0.428144              
58     0.00126128      3.9494e-05            0.000526985           0.00189637            0.00258225            1.894                 
59     0.0099979       0.0128939             0.0123342             0.0103301             0.00443337            0.571867              
60     0.0304587       0.0417856             0.0393259             0.0308753             0.00984806            0.475315              
61     0.0426588       0.0608615             0.0565783             0.0423174             0.0108779             0.418735              
62     0.0331722       0.0421702             0.040459              0.0343018             0.0157577             0.596593              
63     0.0781436       0.0987788             0.0948548             0.080744              0.0381969             0.607197              
64     3.18121e-07     1.4909e-11            3.04643e-09           6.72078e-08           1.20222e-06           3.04124               
65     1.39866e-05     1.94618e-09           3.74223e-07           6.57183e-06           4.89984e-05           2.86557               
66     0.000142656     3.78891e-06           5.11989e-05           0.000193485           0.000322149           2.03507               
67     0.0103909       0.0120455             0.0117758             0.0107572             0.00698524            0.750313              
68     0.0485469       0.0572258             0.0557698             0.0503179             0.030874              0.722259              
69     0.000321467     7.57315e-06           0.000103079           0.000401132           0.000774085           2.13471               
70     0.055768        0.0713542             0.0683479             0.0575841             0.0257856             0.58651               
71     0.055768        0.0713542             0.0683479             0.0575841             0.0257856             0.58651               
72     0.0490659       0.0687925             0.0642598             0.049043              0.0141684             0.446197              
73     0.0304587       0.0417856             0.0393259             0.0308753             0.00984806            0.475315              
74     0.000147315     3.86549e-06           5.22737e-05           0.000198152           0.000334969           2.04546               
75     7.04251e-05     1.8916e-06            2.55378e-05           9.61746e-05           0.000158097           2.02615               
76     6.77321e-06     1.41513e-07           1.94063e-06           7.77977e-06           1.72309e-05           2.22512               
77     0.0382228       0.0439694             0.0430426             0.0395309             0.0263481             0.763455              
78     0.0331722       0.0421702             0.040459              0.0343018             0.0157577             0.596593              
79     3.66764e-07     3.1781e-11            6.24473e-09           1.19555e-07           1.34122e-06           2.96345               
80     0.0584821       0.0787351             0.0744715             0.0596615             0.0210603             0.504969              
81     0.0488935       0.0643577             0.0612259             0.050198              0.0197924             0.540777              
82     0.055768        0.0713542             0.0683479             0.0575841             0.0257856             0.58651               
83     3.78093e-07     3.43475e-11           6.73471e-09           1.27846e-07           1.37776e-06           2.9552                
84     0.0331722       0.0421702             0.040459              0.0343018             0.0157577             0.596593              
85     8.33766e-05     2.43859e-06           3.27358e-05           0.000120516           0.000177817           1.9513                
86     0.0490659       0.0687925             0.0642598             0.049043              0.0141684             0.446197              
87     0.055768        0.0713542             0.0683479             0.0575841             0.0257856             0.58651               
88     0.0435389       0.0618194             0.0575122             0.0431966             0.0116274             0.428144              
89     0.0274005       0.0340612             0.0328402             0.0283941             0.0143066             0.633605              
90     0.0426588       0.0608615             0.0565783             0.0423174             0.0108779             0.418735              
91     0.0411301       0.052876              0.0505944             0.0424443             0.0186057             0.57862               
92     8.26203e-05     2.42248e-06           3.25143e-05           0.000119622           0.000175923           1.94903               
93     0.0411301       0.052876              0.0505944             0.0424443             0.0186057             0.57862               
94     2.88545e-05     5.63035e-07           7.7528e-06            3.15911e-05           7.55113e-05           2.27356               
95     0.0331722       0.0421702             0.040459              0.0343018             0.0157577             0.596593              
96     0.016497        0.0222611             0.0210511             0.0168411             0.00583481            0.500074              
97     0.0435389       0.0618194             0.0575122             0.0431966             0.0116274             0.428144              
98     0.0331722       0.0421702             0.040459              0.0343018             0.0157577             0.596593              
99     0.0435389       0.0618194             0.0575122             0.0431966             0.0116274             0.428144              
100    5.98788e-07     2.19613e-13           6.10387e-10           5.29924e-08           2.34155e-06           3.12493               
101    0.055768        0.0713542             0.0683479             0.0575841             0.0257856             0.58651               
102    5.94868e-05     1.6657e-06            2.24245e-05           8.3509e-05            0.000130348           1.99034               
103    0.0488935       0.0643577             0.0612259             0.050198              0.0197924             0.540777              
104    0.000152192     2.59482e-08           4.93877e-06           8.33178e-05           0.000520484           2.81246               
105    6.47349e-05     1.30149e-06           1.78806e-05           7.2239e-05            0.000167518           2.25412               
106    0.0292431       0.0405714             0.0380612             0.0295009             0.0088389             0.458154              
107    0.0274005       0.0340612             0.0328402             0.0283941             0.0143066             0.633605              
108    0.0488935       0.0643577             0.0612259             0.050198              0.0197924             0.540777              
109    0.016497        0.0222611             0.0210511             0.0168411             0.00583481            0.500074              
110    0.0431799       0.0557511             0.0532909             0.0445247             0.0191528             0.571641              
111    0.0292431       0.0405714             0.0380612             0.0295009             0.0088389             0.458154              
112    0.0488935       0.0643577             0.0612259             0.050198              0.0197924             0.540777              
113    1.34563e-10     5.43629e-17           1.50343e-13           1.28036e-11           5.25297e-10           3.12068               
114    0.0781436       0.0987788             0.0948548             0.080744              0.0381969             0.607197              
115    0.0426588       0.0608615             0.0565783             0.0423174             0.0108779             0.418735              
116    0.0426588       0.0608615             0.0565783             0.0423174             0.0108779             0.418735              
117    0.0435389       0.0618194             0.0575122             0.0431966             0.0116274             0.428144              
118    0.0383527       0.0530344             0.0497923             0.0387252             0.011859              0.463706              
119    0.0488935       0.0643577             0.0612259             0.050198              0.0197924             0.540777              
120    0.0781436       0.0987788             0.0948548             0.080744              0.0381969             0.607197              
121    0.0292431       0.0405714             0.0380612             0.0295009             0.0088389             0.458154              
122    0.0435389       0.0618194             0.0575122             0.0431966             0.0116274             0.428144              
123    0.0781436       0.0987788             0.0948548             0.080744              0.0381969             0.607197              
124    0.0304587       0.0417856             0.0393259             0.0308753             0.00984806            0.475315              
125    0.0411301       0.052876              0.0505944             0.0424443             0.0186057             0.57862               
126    0.0435389       0.0618194             0.0575122             0.0431966             0.0116274             0.428144              
127    4.18036e-07     2.68482e-11           5.36011e-09           1.09073e-07           1.55769e-06           3.00755               
128    0.0435389       0.0618194             0.0575122             0.0431966             0.0116274             0.428144              
129    0.0426588       0.0608615             0.0565783             0.0423174             0.0108779             0.418735              
130    0.0426588       0.0608615             0.0565783             0.0423174             0.0108779             0.418735              
131    0.0490659       0.0687925             0.0642598             0.049043              0.0141684             0.446197              
132    0.055768        0.0713542             0.0683479             0.0575841             0.0257856             0.58651               
133    0.0435389       0.0618194             0.0575122             0.0431966             0.0116274             0.428144              
134    0.0383527       0.0530344             0.0497923             0.0387252             0.011859              0.463706              
135    0.0488935       0.0643577             0.0612259             0.050198              0.0197924             0.540777              
136    2.22742e-05     4.8376e-07            6.61701e-06           2.6263e-05            5.5733e-05            2.19729               
137    0.0486847       0.057228              0.0557997             0.050446              0.0312651             0.727065              
138    0.0784677       0.0987846             0.0949352             0.0810781             0.0390729             0.614315              
139    0.000261679     4.39682e-06           6.10629e-05           0.000257464           0.000723793           2.37229               
140    1               1                     1                     1                     1                     1                     
141    1               1                     1                     1                     1                     1                     
142    1               1                     1                     1                     1                     1                     
143    1               1                     1                     1                     1                     1                     
144    0.042302        0.042302              0.042302              0.042302              0.042302              1                     
145    0.022355        0.022355              0.022355              0.022355              0.022355              1                     
146    0.040767        0.040767              0.040767              0.040767              0.040767              1                     
147    0.055941        0.055941              0.055941              0.055941              0.055941              1                     
148    0.041977        0.041977              0.041977              0.041977              0.041977              1                     
149    0.022355        0.022355              0.022355              0.022355              0.022355              1                     
150    0.099081        0.099081              0.099081              0.099081              0.099081              1                     
151    0.099081        0.099081              0.099081              0.099081              0.099081              1                     
152    0.055941        0.055941              0.055941              0.055941              0.055941              1                     
153    0.061197        0.061197              0.061197              0.061197              0.061197              1                     
154    0.040767        0.040767              0.040767              0.040767              0.040767              1                     
155    0.04404         0.04404               0.04404               0.04404               0.04404               1                     
Note : P(D|M) is the probability of site D given the model M (i.e., the site likelihood)
P(D|M,rr[x]) is the probability of site D given the model M and the relative rate
of evolution rr[x], where x is the class of rate to be considered.
We have P(D|M) = \sum_x P(x) x P(D|M,rr[x]).


Site   P(D|M)          P(D|M,rr[1]=0.0895)   P(D|M,rr[2]=0.3954)   P(D|M,rr[3]=0.9487)   P(D|M,rr[4]=2.5665)   Posterior mean        
1      0.0165583       0.022166              0.0196811             0.0158792             0.00850686            0.704502              
2      0.0621152       0.0771457             0.0709363             0.0609854             0.0393936             0.780431              
3      0.0827041       0.0973226             0.0915599             0.0820508             0.0598829             0.835617              
4      6.65082e-09     4.89538e-11           8.82849e-10           4.40334e-09           2.12681e-08           2.2221                
5      0.0334471       0.0413085             0.0380878             0.0328979             0.0214943             0.785783              
6      0.0561621       0.0698395             0.0641914             0.0551368             0.0354807             0.778974              
7      0.0583799       0.0765803             0.0686664             0.0564028             0.03187               0.725001              
8      0.0787563       0.0968025             0.0894153             0.077508              0.0512994             0.791054              
9      9.45618e-05     1.26927e-05           5.21868e-05           0.00010992            0.000203448           1.71368               
10     0.0387389       0.0435052             0.0417256             0.0386907             0.0310343             0.882467              
11     0.0561621       0.0698395             0.0641914             0.0551368             0.0354807             0.778974              
12     0.049202        0.0564957             0.0537125             0.0490268             0.037573              0.859884              
13     2.5028e-06      2.44036e-08           4.22235e-07           1.95451e-06           7.61006e-06           2.15303               
14     0.0100724       0.0126119             0.011561              0.00987805            0.00623858            0.771453              
15     0.0387389       0.0435052             0.0417256             0.0386907             0.0310343             0.882467              
16     0.049202        0.0564957             0.0537125             0.0490268             0.037573              0.859884              
17     0.0105336       0.0119104             0.0113932             0.0105144             0.00831636            0.875502              
18     0.0418764       0.0586874             0.0508697             0.0393135             0.018635              0.65959               
19     4.27638e-05     4.43023e-07           7.59286e-06           3.45613e-05           0.000128458           2.13682               
20     0.000499309     8.49672e-05           0.000332955           0.000643672           0.000935643           1.57778               
21     0.000578684     0.000100673           0.000392659           0.000752763           0.00106864            1.56434               
22     0.049021        0.0627771             0.056932              0.047734              0.028641              0.749252              
23     0.049202        0.0564957             0.0537125             0.0490268             0.037573              0.859884              
24     0.0561621       0.0698395             0.0641914             0.0551368             0.0354807             0.778974              
25     0.0380396       0.051393              0.0454173             0.0363376             0.0190106             0.695444              
26     0.0418764       0.0586874             0.0508697             0.0393135             0.018635              0.65959               
27     0.0418764       0.0586874             0.0508697             0.0393135             0.018635              0.65959               
28     0.0418764       0.0586874             0.0508697             0.0393135             0.018635              0.65959               
29     0.000680431     0.000119958           0.000467061           0.000891796           0.00124291            1.55465               
30     6.65333e-05     1.25633e-05           4.81951e-05           8.96071e-05           0.000115768           1.51167               
31     4.81438e-05     9.38033e-06           3.57576e-05           6.56996e-05           8.17378e-05           1.49076               
32     0.0334471       0.0413085             0.0380878             0.0328979             0.0214943             0.785783              
33     0.0561621       0.0698395             0.0641914             0.0551368             0.0354807             0.778974              
34     0.042733        0.0596323             0.0517716             0.0401601             0.0193682             0.664655              
35     0.0302835       0.0405412             0.0359963             0.0290423             0.0155543             0.70443               
36     0.000178267     2.42527e-05           9.94022e-05           0.000208282           0.000381131           1.70703               
37     0.0787563       0.0968025             0.0894153             0.077508              0.0512994             0.791054              
38     5.87729e-05     8.52007e-06           3.45241e-05           7.08187e-05           0.000121229           1.67053               
39     0.0413993       0.0517262             0.0474438             0.0405969             0.0258302             0.774119              
40     0.0387389       0.0435052             0.0417256             0.0386907             0.0310343             0.882467              
41     0.049202        0.0564957             0.0537125             0.0490268             0.037573              0.859884              
42     0.0413993       0.0517262             0.0474438             0.0405969             0.0258302             0.774119              
43     0.0289903       0.0393005             0.0346764             0.0276602             0.0143242             0.691865              
44     0.042733        0.0596323             0.0517716             0.0401601             0.0193682             0.664655              
45     0.0583799       0.0765803             0.0686664             0.0564028             0.03187               0.725001              
46     0.000149977     2.04396e-05           8.37519e-05           0.000175396           0.000320319           1.70599               
47     0.0164769       0.0216498             0.0194031             0.015918              0.00893669            0.72291               
48     0.0334471       0.0413085             0.0380878             0.0328979             0.0214943             0.785783              
49     0.0302835       0.0405412             0.0359963             0.0290423             0.0155543             0.70443               
50     0.0387389       0.0435052             0.0417256             0.0386907             0.0310343             0.882467              
51     0.0434349       0.054511              0.0498978             0.0425428             0.026788              0.769631              
52     0.0334471       0.0413085             0.0380878             0.0328979             0.0214943             0.785783              
53     0.000271155     5.01327e-05           0.000193159           0.000362028           0.000479299           1.52535               
54     0.0418764       0.0586874             0.0508697             0.0393135             0.018635              0.65959               
55     0.0418764       0.0586874             0.0508697             0.0393135             0.018635              0.65959               
56     0.0434349       0.054511              0.0498978             0.0425428             0.026788              0.769631              
57     0.042733        0.0596323             0.0517716             0.0401601             0.0193682             0.664655              
58     0.000586363     9.64612e-05           0.000381043           0.000746658           0.00112129            1.59688               
59     0.0100724       0.0126119             0.011561              0.00987805            0.00623858            0.771453              
60     0.0302835       0.0405412             0.0359963             0.0290423             0.0155543             0.70443               
61     0.0418764       0.0586874             0.0508697             0.0393135             0.018635              0.65959               
62     0.0334471       0.0413085             0.0380878             0.0328979             0.0214943             0.785783              
63     0.0787563       0.0968025             0.0894153             0.077508              0.0512994             0.791054              
64     1.47385e-06     9.80512e-09           1.80254e-07           9.27037e-07           4.7783e-06            2.24159               
65     0.000339063     5.85947e-05           0.00022909            0.000440718           0.00062785            1.56703               
66     5.77776e-05     9.26047e-06           3.6785e-05            7.27948e-05           0.00011227            1.61209               
67     0.0105336       0.0119104             0.0113932             0.0105144             0.00831636            0.875502              
68     0.049202        0.0564957             0.0537125             0.0490268             0.037573              0.859884              
69     0.000176651     2.651e-05             0.000106633           0.000215954           0.000357507           1.65148               
70     0.0561621       0.0698395             0.0641914             0.0551368             0.0354807             0.778974              
71     0.0561621       0.0698395             0.0641914             0.0551368             0.0354807             0.778974              
72     0.0483629       0.0664933             0.0581881             0.0457829             0.0229874             0.67916               
73     0.0302835       0.0405412             0.0359963             0.0290423             0.0155543             0.70443               
74     5.72773e-05     9.43015e-06           3.72345e-05           7.29242e-05           0.00010952            1.59675               
75     8.01842e-05     1.31381e-05           5.19464e-05           0.000101955           0.000153698           1.59913               
76     5.34256e-06     7.47206e-07           3.04774e-06           6.32826e-06           1.1247e-05            1.69117               
77     0.0387389       0.0435052             0.0417256             0.0386907             0.0310343             0.882467              
78     0.0334471       0.0413085             0.0380878             0.0328979             0.0214943             0.785783              
79     5.43968e-09     1.5437e-12            1.2373e-10            1.496e-09             2.01374e-08           2.44273               
80     0.0583799       0.0765803             0.0686664             0.0564028             0.03187               0.725001              
81     0.049021        0.0627771             0.056932              0.047734              0.028641              0.749252              
82     0.0561621       0.0698395             0.0641914             0.0551368             0.0354807             0.778974              
83     3.72561e-07     2.63911e-09           4.78467e-08           2.40971e-07           1.19879e-06           2.23079               
84     0.0334471       0.0413085             0.0380878             0.0328979             0.0214943             0.785783              
85     0.000123206     2.11775e-05           8.29159e-05           0.000159879           0.000228851           1.56992               
86     0.0483629       0.0664933             0.0581881             0.0457829             0.0229874             0.67916               
87     0.0561621       0.0698395             0.0641914             0.0551368             0.0354807             0.778974              
88     0.042733        0.0596323             0.0517716             0.0401601             0.0193682             0.664655              
89     0.0276904       0.0334471             0.0311382             0.0273675             0.0188089             0.808394              
90     0.0418764       0.0586874             0.0508697             0.0393135             0.018635              0.65959               
91     0.0413993       0.0517262             0.0474438             0.0405969             0.0258302             0.774119              
92     9.74037e-05     1.67821e-05           6.56735e-05           0.000126518           0.000180641           1.56849               
93     0.0413993       0.0517262             0.0474438             0.0405969             0.0258302             0.774119              
94     3.76242e-05     5.04538e-06           2.07458e-05           4.37057e-05           8.1e-05               1.71433               
95     0.0334471       0.0413085             0.0380878             0.0328979             0.0214943             0.785783              
96     0.0164769       0.0216498             0.0194031             0.015918              0.00893669            0.72291               
97     0.042733        0.0596323             0.0517716             0.0401601             0.0193682             0.664655              
98     0.0334471       0.0413085             0.0380878             0.0328979             0.0214943             0.785783              
99     0.042733        0.0596323             0.0517716             0.0401601             0.0193682             0.664655              
100    7.05515e-06     5.84101e-08           1.03589e-06           5.01159e-06           2.21147e-05           2.19436               
101    0.0561621       0.0698395             0.0641914             0.0551368             0.0354807             0.778974              
102    8.65616e-05     1.44854e-05           5.7024e-05            0.000111048           0.000163689           1.58643               
103    0.049021        0.0627771             0.056932              0.047734              0.028641              0.749252              
104    0.00142638      0.000259558           0.00100312            0.00189102            0.00255182            1.53589               
105    6.66732e-05     9.12014e-06           3.73423e-05           7.81014e-05           0.000142129           1.704                 
106    0.0289903       0.0393005             0.0346764             0.0276602             0.0143242             0.691865              
107    0.0276904       0.0334471             0.0311382             0.0273675             0.0188089             0.808394              
108    0.049021        0.0627771             0.056932              0.047734              0.028641              0.749252              
109    0.0164769       0.0216498             0.0194031             0.015918              0.00893669            0.72291               
110    0.0434349       0.054511              0.0498978             0.0425428             0.026788              0.769631              
111    0.0289903       0.0393005             0.0346764             0.0276602             0.0143242             0.691865              
112    0.049021        0.0627771             0.056932              0.047734              0.028641              0.749252              
113    4.23836e-09     1.51662e-12           1.17918e-10           1.34955e-09           1.54844e-08           2.42238               
114    0.0787563       0.0968025             0.0894153             0.077508              0.0512994             0.791054              
115    0.0418764       0.0586874             0.0508697             0.0393135             0.018635              0.65959               
116    0.0418764       0.0586874             0.0508697             0.0393135             0.018635              0.65959               
117    0.042733        0.0596323             0.0517716             0.0401601             0.0193682             0.664655              
118    0.0380396       0.051393              0.0454173             0.0363376             0.0190106             0.695444              
119    0.049021        0.0627771             0.056932              0.047734              0.028641              0.749252              
120    0.0787563       0.0968025             0.0894153             0.077508              0.0512994             0.791054              
121    0.0289903       0.0393005             0.0346764             0.0276602             0.0143242             0.691865              
122    0.042733        0.0596323             0.0517716             0.0401601             0.0193682             0.664655              
123    0.0787563       0.0968025             0.0894153             0.077508              0.0512994             0.791054              
124    0.0302835       0.0405412             0.0359963             0.0290423             0.0155543             0.70443               
125    0.0413993       0.0517262             0.0474438             0.0405969             0.0258302             0.774119              
126    0.042733        0.0596323             0.0517716             0.0401601             0.0193682             0.664655              
127    7.01417e-05     9.56575e-06           3.92364e-05           8.22403e-05           0.000149524           1.7042                
128    0.042733        0.0596323             0.0517716             0.0401601             0.0193682             0.664655              
129    0.0418764       0.0586874             0.0508697             0.0393135             0.018635              0.65959               
130    0.0418764       0.0586874             0.0508697             0.0393135             0.018635              0.65959               
131    0.0483629       0.0664933             0.0581881             0.0457829             0.0229874             0.67916               
132    0.0561621       0.0698395             0.0641914             0.0551368             0.0354807             0.778974              
133    0.042733        0.0596323             0.0517716             0.0401601             0.0193682             0.664655              
134    0.0380396       0.051393              0.0454173             0.0363376             0.0190106             0.695444              
135    0.049021        0.0627771             0.056932              0.047734              0.028641              0.749252              
136    3.55816e-05     5.15193e-06           2.08711e-05           4.28108e-05           7.34925e-05           1.67182               
137    0.0497481       0.0565603             0.0539845             0.0496244             0.0388234             0.869989              
138    0.0800253       0.0969768             0.0901286             0.0789975             0.0539982             0.805492              
139    0.000384839     4.66732e-05           0.00019553            0.000426056           0.000871098           1.76784               
140    1               1                     1                     1                     1                     1                     
141    1               1                     1                     1                     1                     1                     
142    1               1                     1                     1                     1                     1                     
143    1               1                     1                     1                     1                     1                     
144    0.042302        0.042302              0.042302              0.042302              0.042302              1                     
145    0.022355        0.022355              0.022355              0.022355              0.022355              1                     
146    0.040767        0.040767              0.040767              0.040767              0.040767              1                     
147    0.055941        0.055941              0.055941              0.055941              0.055941              1                     
148    0.041977        0.041977              0.041977              0.041977              0.041977              1                     
149    0.022355        0.022355              0.022355              0.022355              0.022355              1                     
150    0.099081        0.099081              0.099081              0.099081              0.099081              1                     
151    0.099081        0.099081              0.099081              0.099081              0.099081              1                     
152    0.055941        0.055941              0.055941              0.055941              0.055941              1                     
153    0.061197        0.061197              0.061197              0.061197              0.061197              1                     
154    0.040767        0.040767              0.040767              0.040767              0.040767              1                     
155    0.04404         0.04404               0.04404               0.04404               0.04404               1                     
Note : P(D|M) is the probability of site D given the model M (i.e., the site likelihood)
P(D|M,rr[x]) is the probability of site D given the model M and the relative rate
of evolution rr[x], where x is the class of rate to be considered.
We have P(D|M) = \sum_x P(x) x P(D|M,rr[x]).


Site   P(D|M)          P(D|M,rr[1]=0.0893)   P(D|M,rr[2]=0.3951)   P(D|M,rr[3]=0.9485)   P(D|M,rr[4]=2.5671)   Posterior mean        
1      0.0165587       0.0221671             0.0196831             0.0158802             0.00850457            0.704324              
2      0.0621161       0.0771486             0.0709414             0.0609881             0.0393863             0.78029               
3      0.0827046       0.0973252             0.0915647             0.0820535             0.0598749             0.835508              
4      6.64713e-09     4.876e-11             8.80933e-10           4.3982e-09            2.12606e-08           2.22284               
5      0.0334492       0.0413103             0.0380914             0.0329013             0.0214938             0.78569               
6      0.0561657       0.0698426             0.0641977             0.0551427             0.0354799             0.778878              
7      0.0583849       0.0765847             0.0686751             0.0564106             0.0318691             0.724886              
8      0.078761        0.0968064             0.0894235             0.0775158             0.0512983             0.790963              
9      9.45373e-05     1.26701e-05           5.21423e-05           0.000109882           0.000203455           1.71425               
10     0.0387401       0.0435062             0.0417276             0.0386927             0.0310339             0.882413              
11     0.0561657       0.0698426             0.0641977             0.0551427             0.0354799             0.778878              
12     0.0492038       0.0564971             0.0537156             0.0490299             0.0375724             0.859819              
13     2.51127e-06     2.44076e-08           4.23065e-07           1.96026e-06           7.63736e-06           2.15373               
14     0.0100731       0.0126125             0.0115622             0.00987914            0.00623842            0.771354              
15     0.0387401       0.0435062             0.0417276             0.0386927             0.0310339             0.882413              
16     0.0492038       0.0564971             0.0537156             0.0490299             0.0375724             0.859819              
17     0.0105339       0.0119106             0.0113938             0.010515              0.00831625            0.875445              
18     0.0418812       0.0586917             0.0508782             0.0393207             0.0186343             0.659456              
19     4.27912e-05     4.41855e-07           7.58663e-06           3.45674e-05           0.000128569           2.13755               
20     0.000498142     8.46349e-05           0.000331977           0.00064214            0.000933818           1.57836               
21     0.000578696     0.000100541           0.000392508           0.000752828           0.00106891            1.56477               
22     0.0490247       0.0627803             0.0569385             0.04774               0.0286402             0.749145              
23     0.0492038       0.0564971             0.0537156             0.0490299             0.0375724             0.859819              
24     0.0561657       0.0698426             0.0641977             0.0551427             0.0354799             0.778878              
25     0.0380433       0.0513963             0.0454238             0.0363433             0.01901               0.695319              
26     0.0418812       0.0586917             0.0508782             0.0393207             0.0186343             0.659456              
27     0.0418812       0.0586917             0.0508782             0.0393207             0.0186343             0.659456              
28     0.0418812       0.0586917             0.0508782             0.0393207             0.0186343             0.659456              
29     0.000680529     0.000119805           0.000466908           0.000891955           0.00124345            1.55513               
30     6.65322e-05     1.25455e-05           4.81727e-05           8.96109e-05           0.0001158             1.51212               
31     4.81464e-05     9.36766e-06           3.57438e-05           6.57077e-05           8.17664e-05           1.4912                
32     0.0334492       0.0413103             0.0380914             0.0329013             0.0214938             0.78569               
33     0.0561657       0.0698426             0.0641977             0.0551427             0.0354799             0.778878              
34     0.0427379       0.0596367             0.0517802             0.0401673             0.0193675             0.664523              
35     0.0302864       0.0405437             0.0360013             0.0290467             0.0155538             0.704308              
36     0.000178286     2.42203e-05           9.93599e-05           0.000208294           0.000381268           1.70756               
37     0.078761        0.0968064             0.0894235             0.0775158             0.0512983             0.790963              
38     5.87773e-05     8.50829e-06           3.45083e-05           7.08215e-05           0.000121271           1.67106               
39     0.041402        0.0517285             0.0474486             0.0406013             0.0258297             0.774021              
40     0.0387401       0.0435062             0.0417276             0.0386927             0.0310339             0.882413              
41     0.0492038       0.0564971             0.0537156             0.0490299             0.0375724             0.859819              
42     0.041402        0.0517285             0.0474486             0.0406013             0.0258297             0.774021              
43     0.0289932       0.039303              0.0346814             0.0276646             0.0143237             0.691739              
44     0.0427379       0.0596367             0.0517802             0.0401673             0.0193675             0.664523              
45     0.0583849       0.0765847             0.0686751             0.0564106             0.0318691             0.724886              
46     0.000149609     2.0359e-05            8.34985e-05           0.000174954           0.000319624           1.70654               
47     0.0164783       0.021651              0.0194056             0.0159203             0.00893641            0.722794              
48     0.0334492       0.0413103             0.0380914             0.0329013             0.0214938             0.78569               
49     0.0302864       0.0405437             0.0360013             0.0290467             0.0155538             0.704308              
50     0.0387401       0.0435062             0.0417276             0.0386927             0.0310339             0.882413              
51     0.0434378       0.0545135             0.0499029             0.0425476             0.0267873             0.769531              
52     0.0334492       0.0413103             0.0380914             0.0329013             0.0214938             0.78569               
53     0.000271174     5.00674e-05           0.000193091           0.000362078           0.000479461           1.52578               
54     0.0418812       0.0586917             0.0508782             0.0393207             0.0186343             0.659456              
55     0.0418812       0.0586917             0.0508782             0.0393207             0.0186343             0.659456              
56     0.0434378       0.0545135             0.0499029             0.0425476             0.0267873             0.769531              
57     0.0427379       0.0596367             0.0517802             0.0401673             0.0193675             0.664523              
58     0.000586402     9.63291e-05           0.000380879           0.000746714           0.00112168            1.59737               
59     0.0100731       0.0126125             0.0115622             0.00987914            0.00623842            0.771354              
60     0.0302864       0.0405437             0.0360013             0.0290467             0.0155538             0.704308              
61     0.0418812       0.0586917             0.0508782             0.0393207             0.0186343             0.659456              
62     0.0334492       0.0413103             0.0380914             0.0329013             0.0214938             0.78569               
63     0.078761        0.0968064             0.0894235             0.0775158             0.0512983             0.790963              
64     1.47459e-06     9.77575e-09           1.80037e-07           9.26876e-07           4.78168e-06           2.24234               
65     0.000339116     5.85197e-05           0.000229014           0.000440796           0.000628133           1.56752               
66     5.77813e-05     9.24776e-06           3.6769e-05            7.27996e-05           0.000112309           1.61259               
67     0.0105339       0.0119106             0.0113938             0.010515              0.00831625            0.875445              
68     0.0492038       0.0564971             0.0537156             0.0490299             0.0375724             0.859819              
69     0.000176602     2.64633e-05           0.000106545           0.000215885           0.000357513           1.65202               
70     0.0561657       0.0698426             0.0641977             0.0551427             0.0354799             0.778878              
71     0.0561657       0.0698426             0.0641977             0.0551427             0.0354799             0.778878              
72     0.0483681       0.0664979             0.0581971             0.0457907             0.0229867             0.679032              
73     0.0302864       0.0405437             0.0360013             0.0290467             0.0155538             0.704308              
74     5.72813e-05     9.41724e-06           3.72186e-05           7.29298e-05           0.000109559           1.59725               
75     8.01906e-05     1.31201e-05           5.19243e-05           0.000101963           0.000153755           1.59963               
76     5.34388e-06     7.4629e-07            3.04681e-06           6.32949e-06           1.12529e-05           1.69171               
77     0.0387401       0.0435062             0.0417276             0.0386927             0.0310339             0.882413              
78     0.0334492       0.0413103             0.0380914             0.0329013             0.0214938             0.78569               
79     5.43496e-09     1.53458e-12           1.23322e-10           1.49321e-09           2.01218e-08           2.44342               
80     0.0583849       0.0765847             0.0686751             0.0564106             0.0318691             0.724886              
81     0.0490247       0.0627803             0.0569385             0.04774               0.0286402             0.749145              
82     0.0561657       0.0698426             0.0641977             0.0551427             0.0354799             0.778878              
83     3.7268e-07      2.63156e-09           4.77938e-08           2.40931e-07           1.19936e-06           2.23148               
84     0.0334492       0.0413103             0.0380914             0.0329013             0.0214938             0.78569               
85     0.000123222     2.115e-05             8.28869e-05           0.000159904           0.000228949           1.57041               
86     0.0483681       0.0664979             0.0581971             0.0457907             0.0229867             0.679032              
87     0.0561657       0.0698426             0.0641977             0.0551427             0.0354799             0.778878              
88     0.0427379       0.0596367             0.0517802             0.0401673             0.0193675             0.664523              
89     0.0276919       0.0334484             0.0311408             0.02737               0.0188085             0.80831               
90     0.0418812       0.0586917             0.0508782             0.0393207             0.0186343             0.659456              
91     0.041402        0.0517285             0.0474486             0.0406013             0.0258297             0.774021              
92     9.74089e-05     1.67592e-05           6.56459e-05           0.000126529           0.000180702           1.56896               
93     0.041402        0.0517285             0.0474486             0.0406013             0.0258297             0.774021              
94     3.76249e-05     5.03802e-06           2.07345e-05           4.37037e-05           8.10233e-05           1.71488               
95     0.0334492       0.0413103             0.0380914             0.0329013             0.0214938             0.78569               
96     0.0164783       0.021651              0.0194056             0.0159203             0.00893641            0.722794              
97     0.0427379       0.0596367             0.0517802             0.0401673             0.0193675             0.664523              
98     0.0334492       0.0413103             0.0380914             0.0329013             0.0214938             0.78569               
99     0.0427379       0.0596367             0.0517802             0.0401673             0.0193675             0.664523              
100    7.05834e-06     5.82413e-08           1.03476e-06           5.0111e-06            2.21293e-05           2.1951                
101    0.0561657       0.0698426             0.0641977             0.0551427             0.0354799             0.778878              
102    8.65734e-05     1.44666e-05           5.70036e-05           0.000111064           0.000163759           1.58693               
103    0.0490247       0.0627803             0.0569385             0.04774               0.0286402             0.749145              
104    0.00142655      0.000259227           0.00100279            0.00189135            0.00255285            1.53634               
105    6.6679e-05      9.10748e-06           3.73247e-05           7.81036e-05           0.00014218            1.70455               
106    0.0289932       0.039303              0.0346814             0.0276646             0.0143237             0.691739              
107    0.0276919       0.0334484             0.0311408             0.02737               0.0188085             0.80831               
108    0.0490247       0.0627803             0.0569385             0.04774               0.0286402             0.749145              
109    0.0164783       0.021651              0.0194056             0.0159203             0.00893641            0.722794              
110    0.0434378       0.0545135             0.0499029             0.0425476             0.0267873             0.769531              
111    0.0289932       0.039303              0.0346814             0.0276646             0.0143237             0.691739              
112    0.0490247       0.0627803             0.0569385             0.04774               0.0286402             0.749145              
113    4.23481e-09     1.50742e-12           1.17517e-10           1.34696e-09           1.54733e-08           2.4231                
114    0.078761        0.0968064             0.0894235             0.0775158             0.0512983             0.790963              
115    0.0418812       0.0586917             0.0508782             0.0393207             0.0186343             0.659456              
116    0.0418812       0.0586917             0.0508782             0.0393207             0.0186343             0.659456              
117    0.0427379       0.0596367             0.0517802             0.0401673             0.0193675             0.664523              
118    0.0380433       0.0513963             0.0454238             0.0363433             0.01901               0.695319              
119    0.0490247       0.0627803             0.0569385             0.04774               0.0286402             0.749145              
120    0.078761        0.0968064             0.0894235             0.0775158             0.0512983             0.790963              
121    0.0289932       0.039303              0.0346814             0.0276646             0.0143237             0.691739              
122    0.0427379       0.0596367             0.0517802             0.0401673             0.0193675             0.664523              
123    0.078761        0.0968064             0.0894235             0.0775158             0.0512983             0.790963              
124    0.0302864       0.0405437             0.0360013             0.0290467             0.0155538             0.704308              
125    0.041402        0.0517285             0.0474486             0.0406013             0.0258297             0.774021              
126    0.0427379       0.0596367             0.0517802             0.0401673             0.0193675             0.664523              
127    7.01566e-05     9.55329e-06           3.92216e-05           8.22515e-05           0.0001496             1.70477               
128    0.0427379       0.0596367             0.0517802             0.0401673             0.0193675             0.664523              
129    0.0418812       0.0586917             0.0508782             0.0393207             0.0186343             0.659456              
130    0.0418812       0.0586917             0.0508782             0.0393207             0.0186343             0.659456              
131    0.0483681       0.0664979             0.0581971             0.0457907             0.0229867             0.679032              
132    0.0561657       0.0698426             0.0641977             0.0551427             0.0354799             0.778878              
133    0.0427379       0.0596367             0.0517802             0.0401673             0.0193675             0.664523              
134    0.0380433       0.0513963             0.0454238             0.0363433             0.01901               0.695319              
135    0.0490247       0.0627803             0.0569385             0.04774               0.0286402             0.749145              
136    3.53473e-05     5.11038e-06           2.07221e-05           4.25268e-05           7.30299e-05           1.67237               
137    0.0497496       0.0565616             0.0539873             0.0496271             0.0388223             0.869925              
138    0.0800292       0.0969804             0.090136              0.0790042             0.0539961             0.805401              
139    0.000384458     4.65548e-05           0.000195212           0.000425581           0.000870485           1.76844               
140    1               1                     1                     1                     1                     1                     
141    1               1                     1                     1                     1                     1                     
142    1               1                     1                     1                     1                     1                     
143    1               1                     1                     1                     1                     1                     
144    0.042302        0.042302              0.042302              0.042302              0.042302              1                     
145    0.022355        0.022355              0.022355              0.022355              0.022355              1                     
146    0.040767        0.040767              0.040767              0.040767              0.040767              1                     
147    0.055941        0.055941              0.055941              0.055941              0.055941              1                     
148    0.041977        0.041977              0.041977              0.041977              0.041977              1                     
149    0.022355        0.022355              0.022355              0.022355              0.022355              1                     
150    0.099081        0.099081              0.099081              0.099081              0.099081              1                     
151    0.099081        0.099081              0.099081              0.099081              0.099081              1                     
152    0.055941        0.055941              0.055941              0.055941              0.055941              1                     
153    0.061197        0.061197              0.061197              0.061197              0.061197              1                     
154    0.040767        0.040767              0.040767              0.040767              0.040767              1                     
155    0.04404         0.04404               0.04404               0.04404               0.04404               1                     
