
# reading mam15e.pv
# rank item    obs     au     np |     bp     pp     kh     sh    wkh    wsh |
#    1    2  -17.6  0.955  0.931 |  0.928  1.000  0.956  0.995  0.932  0.992 |
#    2    1   -2.7  0.759  0.589 |  0.586  0.934  0.647  0.912  0.647  0.922 |
#    3    4    2.7  0.448  0.325 |  0.325  0.065  0.353  0.756  0.353  0.735 |
#    4    3    7.4  0.123  0.037 |  0.039  0.001  0.119  0.569  0.119  0.405 |
#    5    5   17.6  0.078  0.059 |  0.062  3e-08  0.044  0.170  0.068  0.256 |
#    6    7   18.9  0.090  0.037 |  0.039  7e-09  0.068  0.145  0.068  0.276 |
#    7    6   20.6  0.066  0.018 |  0.018  1e-09  0.051  0.111  0.051  0.230 |
#    8    9   22.2  0.011  0.003 |  0.003  2e-10  0.033  0.075  0.019  0.116 |
#    9    8   25.4  7e-05  3e-05 |      0  9e-12  0.003  0.031  0.003  0.028 |
#   10   10   31.7  0.005  8e-05 |      0  2e-14  0.003  0.006  0.003  0.029 |

