Note : P(D|M) is the probability of site D given the model M (i.e., the site likelihood)
P(D|M,rr[x]) is the probability of site D given the model M and the relative rate
of evolution rr[x], where x is the class of rate to be considered.
We have P(D|M) = \sum_x P(x) x P(D|M,rr[x]).


Site   P(D|M)          P(D|M,rr[1]=0.0952)   P(D|M,rr[2]=0.4065)   P(D|M,rr[3]=0.9565)   P(D|M,rr[4]=2.5417)   Posterior mean        
1      0.022951        0.022951              0.022951              0.022951              0.022951              1                     
2      0.062157        0.062157              0.062157              0.062157              0.062157              1                     
3      0.061197        0.061197              0.061197              0.061197              0.061197              1                     
4      0.069147        0.069147              0.069147              0.069147              0.069147              1                     
5      0.000173357     3.65526e-05           0.000127216           0.000222493           0.000307168           1.5124                
6      0.00140762      0.000188308           0.000850652           0.00180609            0.00278542            1.62881               
7      0.000777679     0.000287491           0.000834347           0.00108489            0.000903986           1.19007               
8      2.41548e-05     5.09494e-07           7.86153e-06           2.75026e-05           6.07456e-05           1.90383               
9      7.50025e-08     1.56374e-10           8.52227e-09           5.90343e-08           2.32297e-07           2.16782               
10     0.000636217     0.000572227           0.00110884            0.00074146            0.000122343           0.599439              
11     3.17813e-06     4.77334e-07           4.27583e-06           6.63917e-06           1.32018e-06           0.903828              
12     1.00458e-09     2.68704e-14           9.34902e-12           2.33714e-10           3.77524e-09           2.44448               
13     0.000729122     4.40533e-05           0.000269229           0.000764944           0.00183826            1.89186               
14     0.099081        0.099081              0.099081              0.099081              0.099081              1                     
15     0.099081        0.099081              0.099081              0.099081              0.099081              1                     
16     0.053052        0.053052              0.053052              0.053052              0.053052              1                     
17     0.000185105     0.000118853           0.000254403           0.000222712           0.000144453           0.938564              
18     4.26991e-05     5.86345e-06           4.94983e-05           8.03657e-05           3.50688e-05           1.09305               
19     1.38803e-05     1.89701e-07           7.07604e-06           2.66748e-05           2.15808e-05           1.49963               
20     7.40401e-05     9.72891e-06           8.39233e-05           0.000138647           6.38611e-05           1.1142                
21     1.33768e-06     1.27495e-08           4.36233e-07           1.7588e-06            3.14293e-06           1.84073               
22     0.053052        0.053052              0.053052              0.053052              0.053052              1                     
23     0.069147        0.069147              0.069147              0.069147              0.069147              1                     
24     0.00761885      0.0120786             0.0096596             0.00653343            0.0022038             0.555476              
25     0.018371        0.046826              0.0203334             0.00563784            0.000686544           0.270323              
26     0.000157522     7.05188e-06           8.66179e-05           0.000238712           0.000297707           1.62024               
27     0.0344619       0.0535069             0.0429042             0.0296032             0.0118333             0.587113              
28     0.000110493     0.000115658           0.000191695           0.000104721           2.98975e-05           0.599833              
29     2.30988e-05     2.18749e-05           3.97171e-05           2.3948e-05            6.85528e-06           0.633815              
30     5.7345e-06      1.13351e-07           1.62613e-06           5.87307e-06           1.53254e-05           1.97235               
31     3.16808e-06     3.38628e-07           3.1464e-06            5.75118e-06           3.43611e-06           1.22678               
32     0.000337774     0.00024718            0.000549049           0.000446323           0.000108543           0.702812              
33     5.34382e-06     3.58879e-08           1.43264e-06           6.59411e-06           1.33127e-05           1.90545               
34     2.36188e-07     1.72612e-08           2.29068e-07           4.45872e-07           2.52552e-07           1.23119               
35     8.51595e-10     3.08272e-13           4.99859e-11           5.03294e-10           2.85279e-09           2.2759                
36     0.000178474     0.000312833           0.000328902           7.1548e-05            6.13007e-07           0.327089              
37     1.33373e-08     1.70159e-11           2.23298e-09           1.55388e-08           3.55604e-08           1.98982               
38     0.0174435       0.0375758             0.0224145             0.00907071            0.000712812           0.332214              
39     5.76167e-06     1.69287e-06           1.02398e-05           9.5955e-06            1.51853e-06           0.753356              
40     3.32816e-07     4.20285e-09           1.73938e-07           6.76857e-07           4.76266e-07           1.44905               
41     0.000106865     5.22233e-05           0.000227466           0.00013587            1.1903e-05            0.602789              
42     3.26053e-05     7.59509e-07           9.48826e-06           3.20656e-05           8.81078e-05           1.98236               
43     0.069147        0.069147              0.069147              0.069147              0.069147              1                     
44     0.022951        0.022951              0.022951              0.022951              0.022951              1                     
45     0.055941        0.055941              0.055941              0.055941              0.055941              1                     
46     1.83948e-07     2.05092e-08           1.79008e-07           3.24793e-07           2.11483e-07           1.25433               
47     1.44388e-06     5.20477e-07           2.85751e-06           2.20029e-06           1.97233e-07           0.66094               
48     4.22373e-08     1.58872e-10           8.26056e-09           4.93491e-08           1.11181e-07           1.97196               
49     0.000163896     9.39273e-05           0.000251033           0.000253041           5.75837e-05           0.761773              
50     8.92931e-05     8.20912e-05           0.000160673           0.000102595           1.1814e-05            0.563604              
51     9.11766e-07     7.59268e-09           3.62541e-07           1.68588e-06           1.59105e-06           1.59159               
52     1.82429e-06     1.07928e-07           2.4092e-06            4.02236e-06           7.57671e-07           0.926807              
53     0.000122441     0.000161561           0.000231175           9.21154e-05           4.91285e-06           0.428719              
54     0.0110567       0.0364935             0.007111              0.000611998           1.03818e-05           0.157793              
55     4.73961e-07     4.21221e-08           4.53408e-07           9.52568e-07           4.47745e-07           1.18023               
56     0.00323429      0.00929396            0.00316342            0.000477456           2.3356e-06            0.203596              
57     0.010613        0.0356251             0.00642593            0.000399292           1.54263e-06           0.150559              
58     8.88593e-05     0.000148961           0.000167049           3.91897e-05           2.3778e-07            0.338154              
59     0.010613        0.0356251             0.00642593            0.000399292           1.54263e-06           0.150559              
60     0.0110567       0.0364935             0.007111              0.000611998           1.03818e-05           0.157793              
61     1.23306e-08     1.18551e-10           4.29914e-09           1.76855e-08           2.72193e-08           1.7813                
62     2.03822e-07     1.01891e-08           2.2392e-07            4.08366e-07           1.72812e-07           1.13071               
63     0.00989252      0.026044              0.010935              0.00252975            6.12735e-05           0.240126              
64     2.9693e-06      1.68439e-07           3.89952e-06           6.77343e-06           1.0358e-06            0.901993              
65     2.12319e-08     2.56803e-11           3.50564e-09           2.65445e-08           5.48515e-08           1.95735               
66     0.000391984     0.000755757           0.000651608           0.000151786           8.78446e-06           0.321704              
67     9.16291e-05     6.28555e-05           0.000151146           0.000126466           2.60494e-05           0.694686              
68     0.00461256      0.0101924             0.00587926            0.00223536            0.000143251           0.317791              
69     0.00989252      0.026044              0.010935              0.00252975            6.12735e-05           0.240126              
70     0.015107        0.0446215             0.0137847             0.00199574            2.59744e-05           0.195758              
71     0.00781504      0.0253532             0.00549581            0.000410319           8.22263e-07           0.161347              
72     0.010613        0.0356251             0.00642593            0.000399292           1.54263e-06           0.150559              
73     2.14337e-07     4.2679e-10            5.60331e-08           3.67123e-07           4.33767e-07           1.72214               
74     8.47181e-07     1.65906e-08           5.50267e-07           1.72896e-06           1.09291e-06           1.37424               
75     1.06442e-08     4.21296e-11           4.52344e-09           2.13527e-08           1.66586e-08           1.51745               
76     0.000716167     0.000685194           0.00130065            0.000787035           9.17942e-05           0.551611              
77     0.00781504      0.0253532             0.00549581            0.000410319           8.22263e-07           0.161347              
78     1.04866e-06     1.44456e-09           2.0792e-07            1.57993e-06           2.40533e-06           1.83794               
79     0.0271607       0.0734081             0.0286603             0.00633364            0.000240937           0.233006              
80     0.0204807       0.0473291             0.0254389             0.00868951            0.000465395           0.297169              
81     0.000165165     0.000178678           0.000311643           0.0001614             8.94097e-06           0.485616              
82     6.22015e-07     3.90707e-08           7.92731e-07           1.31929e-06           3.36969e-07           0.982464              
83     9.61742e-09     1.47876e-12           2.9876e-10            4.13421e-09           3.40352e-08           2.35463               
84     2.13778e-08     1.571e-12             5.42529e-10           1.04451e-08           7.45221e-08           2.33445               
85     9.65673e-08     2.6489e-10            3.18312e-08           1.81368e-07           1.72805e-07           1.61976               
86     1.74288e-08     2.29424e-11           3.06778e-09           2.15442e-08           4.50801e-08           1.95705               
87     9.90851e-08     3.7933e-10            2.02671e-08           1.25984e-07           2.4971e-07            1.92628               
88     1.2618e-09      3.00552e-13           5.75228e-11           6.85365e-10           4.30402e-09           2.30193               
89     0.00027615      0.000177949           0.000440847           0.000404231           8.15715e-05           0.715344              
90     0.018619        0.0520199             0.0188634             0.00352377            6.90578e-05           0.217114              
91     1.16851e-07     4.42175e-09           1.18698e-07           2.61385e-07           8.28989e-08           1.08986               
92     0.0204807       0.0473291             0.0254389             0.00868951            0.000465395           0.297169              
93     0.012891        0.041822              0.00888473            0.000843845           1.33314e-05           0.163614              
94     0.000251599     0.000429919           0.000465678           0.000109579           1.21948e-06           0.336036              
95     0.012891        0.041822              0.00888473            0.000843845           1.33314e-05           0.163614              
96     4.09564e-09     2.54097e-14           3.21206e-11           1.14476e-09           1.52057e-08           2.4267                
97     3.75403e-06     1.98289e-06           8.24622e-06           4.53414e-06           2.52854e-07           0.567466              
98     0.000862011     0.00106097            0.00164569            0.000711915           2.94631e-05           0.442562              
99     0.0204807       0.0473291             0.0254389             0.00868951            0.000465395           0.297169              
100    6.62806e-06     2.76157e-06           1.41442e-05           9.20631e-06           4.00204e-07           0.597337              
101    0.016983        0.0523066             0.0140307             0.00158369            1.12762e-05           0.180029              
102    3.731e-07       3.9759e-09            1.73779e-07           7.22382e-07           5.92263e-07           1.51927               
103    5.94927e-06     1.68832e-06           1.05827e-05           1.01412e-05           1.38486e-06           0.743099              
104    2.71468e-07     1.10223e-09           5.62367e-08           3.36929e-07           6.91603e-07           1.93676               
105    1.88409e-06     5.81556e-07           3.44575e-06           3.02848e-06           4.80582e-07           0.739695              
106    0.000169779     0.000287344           0.00031536            7.55666e-05           8.44112e-07           0.338685              
107    1.39563e-05     1.6276e-05            2.7169e-05            1.21024e-05           2.77814e-07           0.445647              
108    0.0103576       0.0333556             0.00746221            0.000610636           1.81267e-06           0.164119              
109    0.0271607       0.0734081             0.0286603             0.00633364            0.000240937           0.233006              
110    6.80947e-05     0.000115119           0.000126467           3.03862e-05           4.06628e-07           0.339524              
111    0.0110567       0.0364935             0.007111              0.000611998           1.03818e-05           0.157793              
112    3.17351e-06     6.8081e-07            4.80229e-06           5.77489e-06           1.43604e-06           0.881602              
113    9.67246e-07     8.21136e-09           3.80267e-07           1.76479e-06           1.71572e-06           1.60359               
114    5.44061e-08     2.88452e-10           1.14157e-08           5.44241e-08           1.51496e-07           2.03001               
115    1.23504e-05     4.09137e-06           2.32825e-05           1.96924e-05           2.33523e-06           0.700934              
116    2.69846e-05     3.2916e-06            2.94144e-05           5.07926e-05           2.44399e-05           1.13931               
117    9.61191e-06     4.87623e-06           2.1825e-05            1.14259e-05           3.20491e-07           0.548313              
118    7.71239e-05     0.000144768           0.0001349             2.8167e-05            6.60686e-07           0.315253              
119    0.000225531     0.000451972           0.000383626           6.57356e-05           7.89984e-07           0.29253               
120    0.000259038     0.000228072           0.000449713           0.000310311           4.8054e-05            0.601763              
121    0.012891        0.041822              0.00888473            0.000843845           1.33314e-05           0.163614              
122    0.00989252      0.026044              0.010935              0.00252975            6.12735e-05           0.240126              
123    0.0112433       0.0310981             0.0116167             0.00221983            3.8655e-05            0.220273              
124    0.00323429      0.00929396            0.00316342            0.000477456           2.3356e-06            0.203596              
125    0.016983        0.0523066             0.0140307             0.00158369            1.12762e-05           0.180029              
126    7.6253e-05      9.86044e-05           0.000145328           5.83468e-05           2.7325e-06            0.430249              
127    9.58702e-09     3.41834e-10           7.91541e-09           1.55388e-08           1.4552e-08            1.43685               
128    7.84898e-05     7.41939e-05           0.000143429           8.86637e-05           7.67291e-06           0.540485              
129    4.68011e-05     6.88857e-05           9.03796e-05           2.76042e-05           3.34761e-07           0.376916              
130    9.9634e-05      0.000183651           0.000176533           3.75816e-05           7.70369e-07           0.319087              
131    1.70836e-06     5.28212e-07           3.10687e-06           2.72356e-06           4.74805e-07           0.750047              
132    0.062157        0.062157              0.062157              0.062157              0.062157              1                     
133    0.042302        0.042302              0.042302              0.042302              0.042302              1                     
134    9.46935e-07     8.46835e-09           7.26791e-07           2.40061e-06           6.51871e-07           1.12189               
135    2.23278e-06     6.42048e-07           4.17876e-06           3.87273e-06           2.37594e-07           0.679461              
136    0.000128487     0.000213105           0.000242044           5.83956e-05           4.04715e-07           0.341642              
137    7.08858e-08     3.36203e-09           7.32619e-08           1.72667e-07           3.42523e-08           0.995709              
138    0.00043115      0.000782163           0.00078026            0.000160758           1.41991e-06           0.318388              
139    0.000500729     0.00100401            0.00085185            0.000145407           1.65074e-06           0.292189              
140    0.000569765     0.000935326           0.00104359            0.000289444           1.07018e-05           0.358666              
141    2.57663e-06     2.78436e-06           5.30183e-06           2.16769e-06           5.26403e-08           0.44903               
142    0.0646          0.0646                0.0646                0.0646                0.0646                1                     
143    0.000928928     7.70627e-05           0.000382742           0.000978212           0.00227769            1.85369               
144    0.000453805     3.07839e-05           0.000178013           0.000484388           0.00112203            1.8678                
145    4.29474e-05     4.58488e-05           8.00614e-05           4.22216e-05           3.65773e-06           0.504101              
146    0.0174435       0.0375758             0.0224145             0.00907071            0.000712812           0.332214              
147    4.71254e-09     3.00612e-14           3.3135e-11            1.15837e-09           1.76586e-08           2.44049               
148    1.43317e-09     3.72495e-14           1.52504e-11           3.5801e-10            5.3594e-09            2.43697               
149    4.75096e-07     2.22866e-09           1.07779e-07           6.17913e-07           1.17246e-06           1.9023                
150    5.34372e-06     3.41349e-08           1.44422e-06           6.76898e-06           1.31276e-05           1.89152               
151    0.000390672     8.22762e-05           0.000546402           0.000662739           0.000271271           0.994052              
152    7.49549e-06     4.77936e-07           5.10594e-06           1.12771e-05           1.31209e-05           1.54284               
153    0.057337        0.057337              0.057337              0.057337              0.057337              1                     
154    0.00134911      0.00116395            0.00230895            0.001611              0.000312528           0.627248              
155    1.83031e-08     5.05735e-11           1.77144e-09           9.12011e-09           6.22705e-08           2.29085               
156    0.00171895      0.00150537            0.0029704             0.00203862            0.000361408           0.613689              
157    5.69308e-06     5.00372e-08           9.22632e-07           4.60878e-06           1.71909e-05           2.12897               
158    2.70661e-05     1.04404e-06           1.22265e-05           3.40991e-05           6.08948e-05           1.7777                
159    0.034155        0.034155              0.034155              0.034155              0.034155              1                     
160    0.069147        0.069147              0.069147              0.069147              0.069147              1                     
161    0.099081        0.099081              0.099081              0.099081              0.099081              1                     
162    0.062157        0.062157              0.062157              0.062157              0.062157              1                     
163    0.062157        0.062157              0.062157              0.062157              0.062157              1                     
164    0.000320712     6.49874e-05           0.00023818            0.000431337           0.000548344           1.48834               
165    7.39715e-05     5.95175e-07           1.13088e-05           5.74646e-05           0.000226517           2.14728               
166    0.0185449       0.0433904             0.0225242             0.00758302            0.000682002           0.30031               
167    0.012066        0.012066              0.012066              0.012066              0.012066              1                     
168    0.034155        0.034155              0.034155              0.034155              0.034155              1                     
169    0.025774        0.0410778             0.0327493             0.0220285             0.0072404             0.549979              
170    1.87015e-05     6.95181e-08           1.48293e-06           9.39118e-06           6.38624e-05           2.29806               
171    0.00338072      0.00132262            0.00388621            0.0049826             0.00333147            1.10475               
172    0.012937        0.012937              0.012937              0.012937              0.012937              1                     
173    0.099081        0.099081              0.099081              0.099081              0.099081              1                     
174    0.099081        0.099081              0.099081              0.099081              0.099081              1                     
175    0.041977        0.041977              0.041977              0.041977              0.041977              1                     
176    0.0243634       0.0507028             0.0287364             0.0130195             0.00499476            0.427494              
177    0.00953826      0.0193262             0.012134              0.00559811            0.00109476            0.390825              
Note : P(D|M) is the probability of site D given the model M (i.e., the site likelihood)
P(D|M,rr[x]) is the probability of site D given the model M and the relative rate
of evolution rr[x], where x is the class of rate to be considered.
We have P(D|M) = \sum_x P(x) x P(D|M,rr[x]).


Site   P(D|M)          P(D|M,rr[1]=0.0969)   P(D|M,rr[2]=0.4097)   P(D|M,rr[3]=0.9587)   P(D|M,rr[4]=2.5347)   Posterior mean        
1      0.022951        0.022951              0.022951              0.022951              0.022951              1                     
2      0.062157        0.062157              0.062157              0.062157              0.062157              1                     
3      0.061197        0.061197              0.061197              0.061197              0.061197              1                     
4      0.069147        0.069147              0.069147              0.069147              0.069147              1                     
5      0.00017314      3.6857e-05            0.000127151           0.000221775           0.000306779           1.51016               
6      0.00140464      0.000190066           0.000850081           0.00179818            0.00278025            1.62635               
7      0.000778839     0.000289741           0.000834053           0.00108447            0.000907096           1.19045               
8      2.48608e-05     5.55816e-07           8.32523e-06           2.84909e-05           6.20712e-05           1.89166               
9      7.30462e-08     1.76469e-10           9.0549e-09            5.96015e-08           2.23352e-07           2.14592               
10     0.000626468     0.000560515           0.00108202            0.000736105           0.000127236           0.608886              
11     3.24208e-06     4.89615e-07           4.3176e-06            6.74931e-06           1.41179e-06           0.914942              
12     8.90217e-10     2.58781e-14           8.41019e-12           2.04046e-10           3.34839e-09           2.43939               
13     0.000749539     4.67261e-05           0.000283443           0.000795221           0.00187277            1.87782               
14     0.099081        0.099081              0.099081              0.099081              0.099081              1                     
15     0.099081        0.099081              0.099081              0.099081              0.099081              1                     
16     0.053052        0.053052              0.053052              0.053052              0.053052              1                     
17     0.000180626     0.000118453           0.000247402           0.000214231           0.00014242            0.940074              
18     4.20514e-05     5.61675e-06           4.74411e-05           7.89515e-05           3.61964e-05           1.11422               
19     1.38157e-05     1.8842e-07            6.88577e-06           2.60967e-05           2.20919e-05           1.51739               
20     7.51736e-05     9.96011e-06           8.46796e-05           0.000140296           6.57586e-05           1.1202                
21     1.21407e-06     1.07157e-08           3.65297e-07           1.52534e-06           2.95493e-06           1.87448               
22     0.053052        0.053052              0.053052              0.053052              0.053052              1                     
23     0.069147        0.069147              0.069147              0.069147              0.069147              1                     
24     0.00749606      0.0120311             0.00952754            0.00635222            0.00207338            0.547429              
25     0.0184799       0.0468756             0.020581              0.00577674            0.000686425           0.27397               
26     0.000148039     6.62966e-06           8.02473e-05           0.000221956           0.000283324           1.62872               
27     0.0346277       0.0535046             0.043013              0.0298684             0.0121248             0.593264              
28     0.000113597     0.00011717            0.000194916           0.000110262           3.20384e-05           0.612081              
29     2.38561e-05     2.21781e-05           4.05644e-05           2.53386e-05           7.34315e-06           0.646292              
30     5.84783e-06     1.16065e-07           1.62618e-06           5.85546e-06           1.57936e-05           1.98038               
31     2.68731e-06     2.91276e-07           2.6256e-06            4.75158e-06           3.08079e-06           1.25294               
32     0.000342203     0.000250324           0.000553183           0.000452934           0.000112373           0.708597              
33     5.19329e-06     3.37749e-08           1.33355e-06           6.24675e-06           1.31591e-05           1.92042               
34     2.41706e-07     1.77658e-08           2.33286e-07           4.56649e-07           2.59123e-07           1.23279               
35     1.0228e-09      5.39617e-13           8.04358e-11           7.33484e-10           3.27674e-09           2.21008               
36     0.000181758     0.000316784           0.000334418           7.51423e-05           6.86894e-07           0.332141              
37     1.44524e-08     1.90378e-11           2.49097e-09           1.74779e-08           3.78216e-08           1.96587               
38     0.017506        0.0375498             0.0224933             0.00922226            0.000758496           0.337276              
39     5.89017e-06     1.73443e-06           1.04001e-05           9.86181e-06           1.56436e-06           0.757547              
40     3.14723e-07     4.21406e-09           1.61142e-07           6.21242e-07           4.72293e-07           1.47681               
41     0.000109521     5.34699e-05           0.000231382           0.000140643           1.25884e-05           0.608817              
42     3.2563e-05      7.98135e-07           9.67423e-06           3.2167e-05            8.76127e-05           1.97274               
43     0.069147        0.069147              0.069147              0.069147              0.069147              1                     
44     0.022951        0.022951              0.022951              0.022951              0.022951              1                     
45     0.055941        0.055941              0.055941              0.055941              0.055941              1                     
46     1.84599e-07     2.06726e-08           1.77979e-07           3.23918e-07           2.15827e-07           1.2629                
47     1.48307e-06     5.33222e-07           2.90786e-06           2.28259e-06           2.08611e-07           0.667534              
48     3.26834e-08     1.37311e-10           6.31758e-09           3.57031e-08           8.85757e-08           1.99907               
49     0.000167056     9.52233e-05           0.000253469           0.000258036           6.14956e-05           0.772671              
50     8.99499e-05     8.24395e-05           0.000160854           0.000104048           1.2458e-05            0.570353              
51     9.13018e-07     7.73598e-09           3.59378e-07           1.66559e-06           1.61937e-06           1.60168               
52     1.82756e-06     1.07977e-07           2.37299e-06           4.02649e-06           8.02794e-07           0.940821              
53     0.000124118     0.00016315            0.000233326           9.47397e-05           5.25633e-06           0.434154              
54     0.0110621       0.0364103             0.00718873            0.00063813            1.10841e-05           0.160755              
55     4.71436e-07     4.19195e-08           4.4519e-07            9.4054e-07            4.58093e-07           1.19278               
56     0.00324104      0.00928056            0.00318666            0.000494299           2.65916e-06           0.207141              
57     0.0106158       0.0355418             0.00650024            0.000419425           1.69482e-06           0.153391              
58     8.73082e-05     0.000145936           0.000163659           3.93766e-05           2.61066e-07           0.342462              
59     0.0106158       0.0355418             0.00650024            0.000419425           1.69482e-06           0.153391              
60     0.0110621       0.0364103             0.00718873            0.00063813            1.10841e-05           0.160755              
61     1.51214e-08     1.66168e-10           5.75054e-09           2.27678e-08           3.18012e-08           1.73275               
62     2.06731e-07     1.02413e-08           2.21675e-07           4.13737e-07           1.8127e-07            1.14633               
63     0.00991917      0.0260134             0.0109992             0.00259741            6.67492e-05           0.244125              
64     2.94099e-06     1.67666e-07           3.80893e-06           6.69943e-06           1.08795e-06           0.914401              
65     2.21092e-08     2.70806e-11           3.59996e-09           2.73331e-08           5.74766e-08           1.96038               
66     0.000380197     0.000720609           0.000635513           0.000155349           9.31845e-06           0.330572              
67     9.22771e-05     6.31452e-05           0.000151146           0.000127704           2.71131e-05           0.702211              
68     0.00462869      0.0101849             0.00590128            0.00227537            0.000153264           0.322681              
69     0.00991917      0.0260134             0.0109992             0.00259741            6.67492e-05           0.244125              
70     0.0151345       0.04455               0.0138939             0.00206573            2.83416e-05           0.199233              
71     0.00782117      0.0253009             0.00555287            0.000430001           9.34754e-07           0.164335              
72     0.0106158       0.0355418             0.00650024            0.000419425           1.69482e-06           0.153391              
73     2.12638e-07     4.27921e-10           5.4579e-08            3.58169e-07           4.37375e-07           1.73347               
74     8.57079e-07     1.69721e-08           5.50946e-07           1.73584e-06           1.12456e-06           1.38317               
75     1.07862e-08     4.27851e-11           4.47458e-09           2.1358e-08            1.72696e-08           1.53174               
76     0.000730587     0.000694593           0.00131878            0.000811744           9.72312e-05           0.558536              
77     0.00782117      0.0253009             0.00555287            0.000430001           9.34754e-07           0.164335              
78     1.03622e-06     1.43128e-09           2.00264e-07           1.52522e-06           2.41796e-06           1.85127               
79     0.0272292       0.0733132             0.0288411             0.00650491            0.0002574             0.236954              
80     0.020549        0.0472896             0.025546              0.00886122            0.000499216           0.301821              
81     0.000167717     0.000180928           0.00031474            0.000165511           9.68883e-06           0.491459              
82     5.88961e-07     3.70751e-08           7.38588e-07           1.24411e-06           3.3607e-07            0.997832              
83     8.72845e-09     1.3155e-12            2.57961e-10           3.58675e-09           3.10678e-08           2.35703               
84     1.91252e-08     1.22908e-12           4.25656e-10           8.55464e-09           6.75191e-08           2.34663               
85     1.44469e-07     2.37531e-09           8.50282e-08           2.9035e-07            2.00124e-07           1.42016               
86     2.72558e-08     4.04171e-10           1.27176e-08           4.23773e-08           5.35243e-08           1.6652                
87     9.64031e-08     3.80863e-10           1.97252e-08           1.21216e-07           2.4429e-07            1.9282                
88     3.32885e-09     6.18235e-12           7.06936e-10           4.17311e-09           8.42917e-09           1.92684               
89     0.000279528     0.000179801           0.000443008           0.000409366           8.59378e-05           0.723715              
90     0.0186617       0.051948              0.0189925             0.0036311             7.50956e-05           0.220854              
91     1.16782e-07     4.39937e-09           1.16667e-07           2.60043e-07           8.60196e-08           1.10368               
92     0.020549        0.0472896             0.025546              0.00886122            0.000499216           0.301821              
93     0.0129004       0.0417319             0.00897684            0.000878589           1.42752e-05           0.166661              
94     0.000254908     0.000433936           0.000470666           0.000113682           1.34755e-06           0.340582              
95     0.0129004       0.0417319             0.00897684            0.000878589           1.42752e-05           0.166661              
96     3.65851e-09     2.12184e-14           2.65265e-11           9.65089e-10           1.36424e-08           2.42694               
97     3.73027e-06     1.96701e-06           8.1309e-06            4.56344e-06           2.59705e-07           0.573337              
98     0.000868279     0.00106505            0.00164961            0.000726621           3.18291e-05           0.448095              
99     0.020549        0.0472896             0.025546              0.00886122            0.000499216           0.301821              
100    6.81897e-06     2.83589e-06           1.44243e-05           9.58481e-06           4.30865e-07           0.603646              
101    0.0170069       0.0522129             0.0141554             0.00164671            1.24511e-05           0.183292              
102    3.52747e-07     3.57637e-09           1.55586e-07           6.65454e-07           5.86371e-07           1.55093               
103    3.10172e-05     4.09378e-05           5.74844e-05           2.39041e-05           1.74257e-06           0.442094              
104    2.61357e-07     1.12207e-09           5.42266e-08           3.18098e-07           6.71981e-07           1.94234               
105    7.492e-07       4.16469e-08           9.1301e-07            1.59717e-06           4.44977e-07           1.01347               
106    0.000172814     0.000290934           0.000320293           7.9079e-05            9.49498e-07           0.343759              
107    1.36701e-05     1.59442e-05           2.64816e-05           1.19608e-05           2.93904e-07           0.449985              
108    0.0103666       0.0332879             0.00753787            0.000638701           2.04254e-06           0.167152              
109    0.0272292       0.0733132             0.0288411             0.00650491            0.0002574             0.236954              
110    6.67224e-05     0.000112685           0.000123497           3.02781e-05           4.28897e-07           0.343314              
111    0.0110621       0.0364103             0.00718873            0.00063813            1.10841e-05           0.160755              
112    3.19242e-06     6.8636e-07            4.78871e-06           5.81382e-06           1.48078e-06           0.889242              
113    9.58358e-07     8.33912e-09           3.73472e-07           1.72131e-06           1.73031e-06           1.61471               
114    5.27253e-08     2.78348e-10           1.08986e-08           5.241e-08             1.47314e-07           2.03005               
115    1.239e-05       4.10706e-06           2.31421e-05           1.98624e-05           2.44847e-06           0.708771              
116    2.89621e-05     3.58224e-06           3.13003e-05           5.44694e-05           2.64966e-05           1.14418               
117    9.96904e-06     5.07731e-06           2.24697e-05           1.19723e-05           3.56842e-07           0.553699              
118    7.81996e-05     0.000146136           0.000136642           2.93138e-05           7.06562e-07           0.319799              
119    0.000227124     0.00045334            0.000386119           6.81817e-05           8.55749e-07           0.296803              
120    0.000258763     0.000226811           0.000446068           0.000311809           5.03661e-05           0.609931              
121    0.0129004       0.0417319             0.00897684            0.000878589           1.42752e-05           0.166661              
122    0.00991917      0.0260134             0.0109992             0.00259741            6.67492e-05           0.244125              
123    0.01127         0.0310566             0.0116941             0.00228696            4.22483e-05           0.224041              
124    0.00324104      0.00928056            0.00318666            0.000494299           2.65916e-06           0.207141              
125    0.0170069       0.0522129             0.0141554             0.00164671            1.24511e-05           0.183292              
126    7.68352e-05     9.89847e-05           0.000145772           5.96635e-05           2.9201e-06            0.435708              
127    7.42817e-09     2.64092e-10           5.83281e-09           1.12881e-08           1.23277e-08           1.49715               
128    7.9052e-05      7.45036e-05           0.000143574           8.99486e-05           8.18151e-06           0.547134              
129    4.71551e-05     6.91402e-05           9.0725e-05            2.83812e-05           3.7394e-07            0.381844              
130    0.00010037      0.000184247           0.000177564           3.88418e-05           8.25584e-07           0.32362               
131    1.65173e-06     5.0404e-07            2.94891e-06           2.65819e-06           4.95798e-07           0.766167              
132    0.062157        0.062157              0.062157              0.062157              0.062157              1                     
133    0.042302        0.042302              0.042302              0.042302              0.042302              1                     
134    9.33217e-07     8.33986e-09           6.99408e-07           2.34572e-06           6.79403e-07           1.14075               
135    2.17499e-06     6.26703e-07           4.0355e-06            3.79151e-06           2.46232e-07           0.686552              
136    0.00012943      0.00021384            0.000243157           6.02671e-05           4.57208e-07           0.346271              
137    6.93758e-08     3.32354e-09           7.09749e-08           1.68017e-07           3.51878e-08           1.0078                
138    0.000436601     0.000789256           0.000788587           0.000166988           1.57447e-06           0.322732              
139    0.000504254     0.00100704            0.000857369           0.000150816           1.79176e-06           0.296452              
140    0.000570173     0.000930687           0.00104251            0.0002961             1.13934e-05           0.363932              
141    2.59809e-06     2.79729e-06           5.31559e-06           2.22213e-06           5.73439e-08           0.454602              
142    0.0646          0.0646                0.0646                0.0646                0.0646                1                     
143    0.000887243     7.38411e-05           0.000361932           0.000923785           0.00218941            1.85706               
144    0.00043322      2.94014e-05           0.00016745            0.00045657            0.00107946            1.87278               
145    4.32736e-05     4.60372e-05           8.02207e-05           4.2972e-05            3.86435e-06           0.510225              
146    0.017506        0.0375498             0.0224933             0.00922226            0.000758496           0.337276              
147    4.43651e-09     3.07872e-14           3.20805e-11           1.0872e-09            1.66267e-08           2.43434               
148    1.3333e-09      1.92743e-14           1.13002e-11           2.9884e-10            5.02305e-09           2.44191               
149    3.51379e-07     4.23303e-10           4.02414e-08           3.61601e-07           1.00325e-06           2.06769               
150    4.54958e-06     2.81076e-08           1.14993e-06           5.46114e-06           1.15592e-05           1.92374               
151    0.000410569     8.73678e-05           0.000574113           0.000698291           0.000282502           0.992025              
152    5.85832e-06     3.76652e-07           3.90679e-06           8.51827e-06           1.06316e-05           1.56835               
153    0.057337        0.057337              0.057337              0.057337              0.057337              1                     
154    0.00136828      0.00117887            0.00232968            0.0016401             0.000324457           0.632802              
155    2.38879e-08     6.44187e-11           2.34605e-09           1.28965e-08           8.02448e-08           2.2682                
156    0.00174885      0.001526              0.0030064             0.0020861             0.000376916           0.619664              
157    4.81663e-06     3.94604e-08           7.11093e-07           3.62762e-06           1.48883e-05           2.15456               
158    2.40601e-05     8.87786e-07           1.02482e-05           2.89739e-05           5.61306e-05           1.81148               
159    0.034155        0.034155              0.034155              0.034155              0.034155              1                     
160    0.069147        0.069147              0.069147              0.069147              0.069147              1                     
161    0.099081        0.099081              0.099081              0.099081              0.099081              1                     
162    0.062157        0.062157              0.062157              0.062157              0.062157              1                     
163    0.062157        0.062157              0.062157              0.062157              0.062157              1                     
164    0.000321937     6.58588e-05           0.000239171           0.00043175            0.000550967           1.48697               
165    6.53642e-05     5.22832e-07           9.72017e-06           4.91376e-05           0.000202076           2.15466               
166    0.0185598       0.0433025             0.0225337             0.00768577            0.000717134           0.304604              
167    0.012066        0.012066              0.012066              0.012066              0.012066              1                     
168    0.034155        0.034155              0.034155              0.034155              0.034155              1                     
169    0.0258218       0.0410489             0.032746              0.0221092             0.00738295            0.554789              
170    1.85197e-05     7.57562e-08           1.5561e-06            9.54667e-06           6.29004e-05           2.2845                
171    0.00364463      0.00148682            0.00426336            0.00534955            0.00347877            1.08632               
172    0.012937        0.012937              0.012937              0.012937              0.012937              1                     
173    0.099081        0.099081              0.099081              0.099081              0.099081              1                     
174    0.099081        0.099081              0.099081              0.099081              0.099081              1                     
175    0.041977        0.041977              0.041977              0.041977              0.041977              1                     
176    0.0237407       0.0500948             0.0276706             0.0123293             0.00486806            0.424897              
177    0.0092905       0.0191443             0.0117421             0.00525683            0.00101881            0.384468              
Note : P(D|M) is the probability of site D given the model M (i.e., the site likelihood)
P(D|M,rr[x]) is the probability of site D given the model M and the relative rate
of evolution rr[x], where x is the class of rate to be considered.
We have P(D|M) = \sum_x P(x) x P(D|M,rr[x]).


Site   P(D|M)          P(D|M,rr[1]=0.0941)   P(D|M,rr[2]=0.4044)   P(D|M,rr[3]=0.9551)   P(D|M,rr[4]=2.5464)   Posterior mean        
1      0.022951        0.022951              0.022951              0.022951              0.022951              1                     
2      0.062157        0.062157              0.062157              0.062157              0.062157              1                     
3      0.061197        0.061197              0.061197              0.061197              0.061197              1                     
4      0.069147        0.069147              0.069147              0.069147              0.069147              1                     
5      0.000174553     3.68534e-05           0.000128701           0.000224745           0.000307913           1.5099                
6      0.00142005      0.000190045           0.000863732           0.00183095            0.00279547            1.62569               
7      0.000778631     0.000289715           0.000841019           0.00108606            0.000897727           1.18497               
8      2.46008e-05     5.19943e-07           8.09429e-06           2.8199e-05            6.15899e-05           1.90123               
9      7.44128e-08     1.5534e-10            8.54017e-09           5.89589e-08           2.29997e-07           2.16845               
10     0.000631562     0.000570871           0.00110366            0.000731791           0.000119922           0.595485              
11     3.27755e-06     4.92572e-07           4.44289e-06           6.85559e-06           1.31916e-06           0.896231              
12     9.63872e-10     2.6364e-14            9.09956e-12           2.25369e-10           3.62099e-09           2.44831               
13     0.000740489     4.44503e-05           0.000274162           0.000780413           0.00186293            1.89205               
14     0.099081        0.099081              0.099081              0.099081              0.099081              1                     
15     0.099081        0.099081              0.099081              0.099081              0.099081              1                     
16     0.053052        0.053052              0.053052              0.053052              0.053052              1                     
17     0.00018296      0.000117711           0.000251758           0.000219005           0.000143365           0.938899              
18     4.51281e-05     6.357e-06             5.35138e-05           8.50386e-05           3.56029e-05           1.07537               
19     1.43816e-05     1.95335e-07           7.40338e-06           2.78957e-05           2.20322e-05           1.49074               
20     7.48451e-05     9.75852e-06           8.51765e-05           0.000140658           6.37871e-05           1.10939               
21     1.29885e-06     1.19247e-08           4.15421e-07           1.69429e-06           3.07378e-06           1.85055               
22     0.053052        0.053052              0.053052              0.053052              0.053052              1                     
23     0.069147        0.069147              0.069147              0.069147              0.069147              1                     
24     0.00749429      0.0120511             0.00954771            0.00634253            0.00203583            0.541648              
25     0.0184375       0.0470004             0.0204627             0.00562314            0.000663936           0.267935              
26     0.000151737     6.72269e-06           8.34499e-05           0.000230529           0.000286248           1.62032               
27     0.0345826       0.053578              0.0430604             0.0297725             0.0119196             0.587317              
28     0.000113095     0.000118076           0.000196868           0.000107278           3.01601e-05           0.596811              
29     2.36635e-05     2.2347e-05            4.08613e-05           2.45248e-05           6.92097e-06           0.630448              
30     5.96772e-06     1.17067e-07           1.69899e-06           6.14845e-06           1.59064e-05           1.97204               
31     3.01149e-06     3.21899e-07           3.00352e-06           5.44435e-06           3.27618e-06           1.22756               
32     0.000342826     0.000250773           0.000559193           0.000452658           0.00010868            0.699194              
33     5.3586e-06      3.49348e-08           1.4224e-06            6.60315e-06           1.33739e-05           1.91003               
34     2.39231e-07     1.72691e-08           2.32727e-07           4.54298e-07           2.52631e-07           1.22573               
35     9.22724e-10     3.45747e-13           5.75597e-11           5.78432e-10           3.05456e-09           2.26337               
36     0.000181295     0.000317815           0.000334836           7.19355e-05           5.94551e-07           0.324804              
37     1.45543e-08     1.87049e-11           2.53475e-09           1.77173e-08           3.79462e-08           1.96806               
38     0.0174067       0.0375965             0.0223684             0.00897626            0.000685581           0.328945              
39     5.77392e-06     1.69644e-06           1.03283e-05           9.59416e-06           1.47681e-06           0.747332              
40     3.16542e-07     4.14397e-09           1.65279e-07           6.37949e-07           4.58797e-07           1.45699               
41     0.000108092     5.24621e-05           0.000231021           0.000137183           1.17027e-05           0.599451              
42     3.27667e-05     7.57911e-07           9.5429e-06            3.22863e-05           8.84795e-05           1.98426               
43     0.069147        0.069147              0.069147              0.069147              0.069147              1                     
44     0.022951        0.022951              0.022951              0.022951              0.022951              1                     
45     0.055941        0.055941              0.055941              0.055941              0.055941              1                     
46     1.93255e-07     2.14657e-08           1.89878e-07           3.44225e-07           2.17452e-07           1.24355               
47     1.4575e-06      5.22237e-07           2.89554e-06           2.21879e-06           1.93444e-07           0.657257              
48     3.50548e-08     1.42959e-10           6.87087e-09           3.92282e-08           9.39773e-08           1.99374               
49     0.000166968     9.53422e-05           0.000256514           0.000258297           5.77179e-05           0.758192              
50     8.85109e-05     8.14015e-05           0.000159721           0.000101409           1.15122e-05           0.560443              
51     9.07137e-07     7.74189e-09           3.69662e-07           1.69646e-06           1.55468e-06           1.57895               
52     1.80943e-06     1.05825e-07           2.39672e-06           3.98829e-06           7.46867e-07           0.924344              
53     0.000121032     0.000159783           0.000229044           9.05389e-05           4.76176e-06           0.42605               
54     0.0110651       0.0365647             0.00708281            0.000602596           1.01167e-05           0.15606               
55     4.86213e-07     4.27411e-08           4.66758e-07           9.82855e-07           4.52499e-07           1.17424               
56     0.00323088      0.0093046             0.00314973            0.000467041           2.15305e-06           0.201269              
57     0.010619        0.0356937             0.00639079            0.000389982           1.48905e-06           0.148799              
58     8.86263e-05     0.000148961           0.00016688            3.84429e-05           2.21454e-07           0.33508               
59     0.010619        0.0356937             0.00639079            0.000389982           1.48905e-06           0.148799              
60     0.0110651       0.0365647             0.00708281            0.000602596           1.01167e-05           0.15606               
61     1.36294e-08     1.36134e-10           5.02096e-09           2.03717e-08           2.89889e-08           1.74837               
62     2.07544e-07     1.0207e-08            2.27877e-07           4.17318e-07           1.74775e-07           1.12835               
63     0.00988058      0.0260689             0.0109017             0.00249301            5.86739e-05           0.23766               
64     3.0857e-06      1.73227e-07           4.07193e-06           7.04734e-06           1.0503e-06            0.896735              
65     2.20608e-08     2.59552e-11           3.63627e-09           2.78151e-08           5.6766e-08            1.95581               
66     0.000421259     0.000824739           0.000696094           0.000155571           8.62994e-06           0.31435               
67     9.09431e-05     6.22968e-05           0.000150353           0.000125517           2.56053e-05           0.692044              
68     0.00460295      0.0101983             0.00586621            0.00221012            0.000137147           0.314597              
69     0.00988058      0.0260689             0.0109017             0.00249301            5.86739e-05           0.23766               
70     0.0150994       0.0446802             0.0137315             0.00196097            2.49624e-05           0.193634              
71     0.00781522      0.0253954             0.00546509            0.000399605           7.77863e-07           0.159435              
72     0.010619        0.0356937             0.00639079            0.000389982           1.48905e-06           0.148799              
73     2.17857e-07     4.3659e-10            5.82861e-08           3.79255e-07           4.33451e-07           1.70934               
74     8.59798e-07     1.68451e-08           5.66232e-07           1.77007e-06           1.08604e-06           1.36271               
75     1.08464e-08     4.21996e-11           4.64027e-09           2.19726e-08           1.67306e-08           1.50899               
76     0.000727789     0.000695761           0.00132697            0.000797851           9.05778e-05           0.547814              
77     0.00781522      0.0253954             0.00546509            0.000399605           7.77863e-07           0.159435              
78     1.11169e-06     1.57752e-09           2.30091e-07           1.72579e-06           2.48931e-06           1.8171                
79     0.0271395       0.0734874             0.0285803             0.00625562            0.000234615           0.230725              
80     0.0204433       0.0473607             0.0253785             0.00858716            0.000446919           0.294233              
81     0.000168061     0.000182134           0.000318212           0.000163151           8.74835e-06           0.481859              
82     6.06748e-07     3.85637e-08           7.85348e-07           1.28267e-06           3.20415e-07           0.973291              
83     9.66923e-09     1.40101e-12           2.90153e-10           4.08318e-09           3.43022e-08           2.36224               
84     2.19846e-08     1.41724e-12           5.23413e-10           1.05624e-08           7.68511e-08           2.34247               
85     1.0251e-07      2.88362e-10           3.51099e-08           1.97214e-07           1.77426e-07           1.59589               
86     1.72661e-08     2.04417e-11           2.86287e-09           2.08846e-08           4.52964e-08           1.97567               
87     1.00469e-07     3.79691e-10           2.06694e-08           1.29037e-07           2.51788e-07           1.92296               
88     1.37265e-09     3.37083e-13           6.60379e-11           7.7981e-10            4.64441e-09           2.29447               
89     0.00027299      0.000175919           0.00043771            0.000399596           7.8736e-05            0.71038               
90     0.0186038       0.0520789             0.0188001             0.00346953            6.65071e-05           0.214846              
91     1.17453e-07     4.42369e-09           1.20211e-07           2.62992e-07           8.21847e-08           1.08444               
92     0.0204433       0.0473607             0.0253785             0.00858716            0.000446919           0.294233              
93     0.0128979       0.0418989             0.00884973            0.000829923           1.29305e-05           0.161813              
94     0.000248742     0.000425414           0.000461231           0.000107158           1.16324e-06           0.333552              
95     0.0128979       0.0418989             0.00884973            0.000829923           1.29305e-05           0.161813              
96     4.11928e-09     2.09399e-14           2.95541e-11           1.12124e-09           1.53263e-08           2.43427               
97     3.66436e-06     1.92214e-06           8.08826e-06           4.41161e-06           2.35438e-07           0.563863              
98     0.000855418     0.0010529             0.00163757            0.000702761           2.84332e-05           0.439826              
99     0.0204433       0.0473607             0.0253785             0.00858716            0.000446919           0.294233              
100    6.89162e-06     2.85745e-06           1.47736e-05           9.53955e-06           3.95849e-07           0.593563              
101    0.0169786       0.0523831             0.0139685             0.00155193            1.08411e-05           0.178008              
102    3.67411e-07     3.72355e-09           1.68519e-07           7.1479e-07            5.82611e-07           1.5206                
103    6.51882e-06     1.87447e-06           1.17547e-05           1.1029e-05            1.41707e-06           0.731423              
104    2.67352e-07     1.11259e-09           5.61532e-08           3.32734e-07           6.7941e-07            1.93625               
105    8.27485e-07     4.72257e-08           1.05759e-06           1.76994e-06           4.3518e-07            0.976061              
106    0.000172396     0.000291847           0.000320891           7.60176e-05           8.26746e-07           0.33636               
107    1.39342e-05     1.62752e-05           2.72207e-05           1.19799e-05           2.61061e-07           0.442195              
108    0.010358        0.0334108             0.00742348            0.000596082           1.72493e-06           0.162207              
109    0.0271395       0.0734874             0.0285803             0.00625562            0.000234615           0.230725              
110    6.7982e-05      0.000115152           0.000126471           2.99146e-05           3.9014e-07            0.336664              
111    0.0110651       0.0365647             0.00708281            0.000602596           1.01167e-05           0.15606               
112    3.29651e-06     7.14111e-07           5.05794e-06           5.99302e-06           1.42097e-06           0.868705              
113    9.32953e-07     8.24665e-09           3.72613e-07           1.70099e-06           1.64997e-06           1.60177               
114    5.61326e-08     2.99528e-10           1.18614e-08           5.59491e-08           1.5642e-07            2.03344               
115    1.25738e-05     4.15423e-06           2.38352e-05           2.00013e-05           2.30451e-06           0.695911              
116    2.77095e-05     3.35483e-06           3.03439e-05           5.24125e-05           2.47266e-05           1.13326               
117    9.81182e-06     4.96837e-06           2.23801e-05           1.1582e-05            3.16834e-07           0.544922              
118    7.6208e-05      0.00014321            0.000133404           2.75751e-05           6.43143e-07           0.312969              
119    0.000223741     0.000448789           0.000380936           6.44744e-05           7.65996e-07           0.290317              
120    0.000265064     0.000234946           0.000463093           0.000315144           4.70752e-05           0.59443               
121    0.0128979       0.0418989             0.00884973            0.000829923           1.29305e-05           0.161813              
122    0.00988058      0.0260689             0.0109017             0.00249301            5.86739e-05           0.23766               
123    0.0112323       0.0311319             0.0115766             0.00218383            3.69953e-05           0.217939              
124    0.00323088      0.0093046             0.00314973            0.000467041           2.15305e-06           0.201269              
125    0.0169786       0.0523831             0.0139685             0.00155193            1.08411e-05           0.178008              
126    7.55503e-05     9.78046e-05           0.00014431            5.74265e-05           2.65962e-06           0.427479              
127    8.58734e-09     3.07939e-10           7.09847e-09           1.35894e-08           1.33536e-08           1.4522                
128    7.78403e-05     7.35952e-05           0.000142698           8.76506e-05           7.41709e-06           0.537108              
129    4.63293e-05     6.83409e-05           8.96754e-05           2.69866e-05           3.14565e-07           0.373807              
130    9.87664e-05     0.000182271           0.000175161           3.68839e-05           7.49924e-07           0.316729              
131    1.84632e-06     5.74338e-07           3.39512e-06           2.93148e-06           4.84349e-07           0.739333              
132    0.062157        0.062157              0.062157              0.062157              0.062157              1                     
133    0.042302        0.042302              0.042302              0.042302              0.042302              1                     
134    9.73131e-07     8.55876e-09           7.50892e-07           2.4779e-06            6.55172e-07           1.1148                
135    2.28713e-06     6.60421e-07           4.31629e-06           3.94268e-06           2.29134e-07           0.672972              
136    0.000127316     0.00021152            0.000240305           5.70616e-05           3.78348e-07           0.338825              
137    7.00704e-08     3.31261e-09           7.30332e-08           1.71277e-07           3.26588e-08           0.986832              
138    0.000426584     0.000774265           0.00077343            0.000157282           1.35735e-06           0.316075              
139    0.000496808     0.000996977           0.000846021           0.000142636           1.59733e-06           0.289987              
140    0.000579439     0.000960556           0.00105961            0.000287164           1.04232e-05           0.353674              
141    2.54574e-06     2.75732e-06           5.25277e-06           2.12217e-06           5.07016e-08           0.445815              
142    0.0646          0.0646                0.0646                0.0646                0.0646                1                     
143    0.000911892     7.43084e-05           0.000371061           0.000954386           0.00224781            1.86217               
144    0.000445378     2.96015e-05           0.000172079           0.000472222           0.00110761            1.87694               
145    4.25491e-05     4.54646e-05           7.95273e-05           4.16428e-05           3.56168e-06           0.50108               
146    0.0174067       0.0375965             0.0223684             0.00897626            0.000685581           0.328945              
147    4.92738e-09     3.11622e-14           3.51696e-11           1.229e-09             1.84453e-08           2.44334               
148    1.39138e-09     1.99181e-14           1.2095e-11            3.21977e-10           5.23142e-09           2.44967               
149    3.7466e-07      4.39089e-10           4.47795e-08           4.04983e-07           1.04844e-06           2.05165               
150    5.10871e-06     3.19052e-08           1.36182e-06           6.40981e-06           1.26313e-05           1.90067               
151    0.000397916     8.4087e-05            0.000562083           0.000675775           0.000269719           0.984787              
152    6.82798e-06     4.36492e-07           4.67674e-06           1.02098e-05           1.19889e-05           1.54555               
153    0.057337        0.057337              0.057337              0.057337              0.057337              1                     
154    0.00136826      0.001186              0.00235478            0.00162531            0.000306954           0.620831              
155    2.03592e-08     5.5011e-11            1.94056e-09           1.00933e-08           6.9348e-08            2.29647               
156    0.00173809      0.00152666            0.00301698            0.00205279            0.00035594            0.608527              
157    5.37669e-06     4.56313e-08           8.49559e-07           4.28506e-06           1.63265e-05           2.13952               
158    2.61417e-05     9.76823e-07           1.15744e-05           3.25214e-05           5.94941e-05           1.79147               
159    0.034155        0.034155              0.034155              0.034155              0.034155              1                     
160    0.069147        0.069147              0.069147              0.069147              0.069147              1                     
161    0.099081        0.099081              0.099081              0.099081              0.099081              1                     
162    0.062157        0.062157              0.062157              0.062157              0.062157              1                     
163    0.062157        0.062157              0.062157              0.062157              0.062157              1                     
164    0.00032845      6.59168e-05           0.000243351           0.000442314           0.000562217           1.49086               
165    7.16603e-05     5.59286e-07           1.07542e-05           5.50542e-05           0.000220273           2.15561               
166    0.0185343       0.0434355             0.0225023             0.00752615            0.000673351           0.297975              
167    0.012066        0.012066              0.012066              0.012066              0.012066              1                     
168    0.034155        0.034155              0.034155              0.034155              0.034155              1                     
169    0.025729        0.0410921             0.0327346             0.021951              0.00713833            0.546539              
170    1.89992e-05     7.02807e-08           1.50862e-06           9.56457e-06           6.48534e-05           2.30133               
171    0.0034184       0.0013458             0.00395801            0.00504366            0.00332611            1.09803               
172    0.012937        0.012937              0.012937              0.012937              0.012937              1                     
173    0.099081        0.099081              0.099081              0.099081              0.099081              1                     
174    0.099081        0.099081              0.099081              0.099081              0.099081              1                     
175    0.041977        0.041977              0.041977              0.041977              0.041977              1                     
176    0.0241002       0.0505549             0.0282946             0.0126437             0.00490738            0.422951              
177    0.0094274       0.019282              0.0119722             0.00541316            0.00104225            0.384                 
Note : P(D|M) is the probability of site D given the model M (i.e., the site likelihood)
P(D|M,rr[x]) is the probability of site D given the model M and the relative rate
of evolution rr[x], where x is the class of rate to be considered.
We have P(D|M) = \sum_x P(x) x P(D|M,rr[x]).


Site   P(D|M)          P(D|M,rr[1]=0.0952)   P(D|M,rr[2]=0.4065)   P(D|M,rr[3]=0.9565)   P(D|M,rr[4]=2.5417)   Posterior mean        
1      0.022951        0.022951              0.022951              0.022951              0.022951              1                     
2      0.062157        0.062157              0.062157              0.062157              0.062157              1                     
3      0.061197        0.061197              0.061197              0.061197              0.061197              1                     
4      0.069147        0.069147              0.069147              0.069147              0.069147              1                     
5      0.000173357     3.65526e-05           0.000127216           0.000222493           0.000307168           1.5124                
6      0.00140762      0.000188308           0.000850652           0.00180609            0.00278542            1.62881               
7      0.000777679     0.000287491           0.000834347           0.00108489            0.000903986           1.19007               
8      2.41548e-05     5.09494e-07           7.86153e-06           2.75026e-05           6.07456e-05           1.90383               
9      7.50025e-08     1.56374e-10           8.52227e-09           5.90343e-08           2.32297e-07           2.16782               
10     0.000636217     0.000572227           0.00110884            0.00074146            0.000122343           0.599439              
11     3.17813e-06     4.77334e-07           4.27583e-06           6.63917e-06           1.32018e-06           0.903828              
12     1.00458e-09     2.68704e-14           9.34902e-12           2.33714e-10           3.77524e-09           2.44448               
13     0.000729122     4.40533e-05           0.000269229           0.000764944           0.00183826            1.89186               
14     0.099081        0.099081              0.099081              0.099081              0.099081              1                     
15     0.099081        0.099081              0.099081              0.099081              0.099081              1                     
16     0.053052        0.053052              0.053052              0.053052              0.053052              1                     
17     0.000185105     0.000118853           0.000254403           0.000222712           0.000144453           0.938564              
18     4.26991e-05     5.86345e-06           4.94983e-05           8.03657e-05           3.50688e-05           1.09305               
19     1.38803e-05     1.89701e-07           7.07604e-06           2.66748e-05           2.15808e-05           1.49963               
20     7.40401e-05     9.72891e-06           8.39233e-05           0.000138647           6.38611e-05           1.1142                
21     1.33768e-06     1.27495e-08           4.36233e-07           1.7588e-06            3.14293e-06           1.84073               
22     0.053052        0.053052              0.053052              0.053052              0.053052              1                     
23     0.069147        0.069147              0.069147              0.069147              0.069147              1                     
24     0.00761885      0.0120786             0.0096596             0.00653343            0.0022038             0.555476              
25     0.018371        0.046826              0.0203334             0.00563784            0.000686544           0.270323              
26     0.000157522     7.05188e-06           8.66179e-05           0.000238712           0.000297707           1.62024               
27     0.0344619       0.0535069             0.0429042             0.0296032             0.0118333             0.587113              
28     0.000110493     0.000115658           0.000191695           0.000104721           2.98975e-05           0.599833              
29     2.30988e-05     2.18749e-05           3.97171e-05           2.3948e-05            6.85528e-06           0.633815              
30     5.7345e-06      1.13351e-07           1.62613e-06           5.87307e-06           1.53254e-05           1.97235               
31     3.16808e-06     3.38628e-07           3.1464e-06            5.75118e-06           3.43611e-06           1.22678               
32     0.000337774     0.00024718            0.000549049           0.000446323           0.000108543           0.702812              
33     5.34382e-06     3.58879e-08           1.43264e-06           6.59411e-06           1.33127e-05           1.90545               
34     2.36188e-07     1.72612e-08           2.29068e-07           4.45872e-07           2.52552e-07           1.23119               
35     8.51595e-10     3.08272e-13           4.99859e-11           5.03294e-10           2.85279e-09           2.2759                
36     0.000178474     0.000312833           0.000328902           7.1548e-05            6.13007e-07           0.327089              
37     1.33373e-08     1.70159e-11           2.23298e-09           1.55388e-08           3.55604e-08           1.98982               
38     0.0174435       0.0375758             0.0224145             0.00907071            0.000712812           0.332214              
39     5.76167e-06     1.69287e-06           1.02398e-05           9.5955e-06            1.51853e-06           0.753356              
40     3.32816e-07     4.20285e-09           1.73938e-07           6.76857e-07           4.76266e-07           1.44905               
41     0.000106865     5.22233e-05           0.000227466           0.00013587            1.1903e-05            0.602789              
42     3.26053e-05     7.59509e-07           9.48826e-06           3.20656e-05           8.81078e-05           1.98236               
43     0.069147        0.069147              0.069147              0.069147              0.069147              1                     
44     0.022951        0.022951              0.022951              0.022951              0.022951              1                     
45     0.055941        0.055941              0.055941              0.055941              0.055941              1                     
46     1.83948e-07     2.05092e-08           1.79008e-07           3.24793e-07           2.11483e-07           1.25433               
47     1.44388e-06     5.20477e-07           2.85751e-06           2.20029e-06           1.97233e-07           0.66094               
48     4.22373e-08     1.58872e-10           8.26056e-09           4.93491e-08           1.11181e-07           1.97196               
49     0.000163896     9.39273e-05           0.000251033           0.000253041           5.75837e-05           0.761773              
50     8.92931e-05     8.20912e-05           0.000160673           0.000102595           1.1814e-05            0.563604              
51     9.11766e-07     7.59268e-09           3.62541e-07           1.68588e-06           1.59105e-06           1.59159               
52     1.82429e-06     1.07928e-07           2.4092e-06            4.02236e-06           7.57671e-07           0.926807              
53     0.000122441     0.000161561           0.000231175           9.21154e-05           4.91285e-06           0.428719              
54     0.0110567       0.0364935             0.007111              0.000611998           1.03818e-05           0.157793              
55     4.73961e-07     4.21221e-08           4.53408e-07           9.52568e-07           4.47745e-07           1.18023               
56     0.00323429      0.00929396            0.00316342            0.000477456           2.3356e-06            0.203596              
57     0.010613        0.0356251             0.00642593            0.000399292           1.54263e-06           0.150559              
58     8.88593e-05     0.000148961           0.000167049           3.91897e-05           2.3778e-07            0.338154              
59     0.010613        0.0356251             0.00642593            0.000399292           1.54263e-06           0.150559              
60     0.0110567       0.0364935             0.007111              0.000611998           1.03818e-05           0.157793              
61     1.23306e-08     1.18551e-10           4.29914e-09           1.76855e-08           2.72193e-08           1.7813                
62     2.03822e-07     1.01891e-08           2.2392e-07            4.08366e-07           1.72812e-07           1.13071               
63     0.00989252      0.026044              0.010935              0.00252975            6.12735e-05           0.240126              
64     2.9693e-06      1.68439e-07           3.89952e-06           6.77343e-06           1.0358e-06            0.901993              
65     2.12319e-08     2.56803e-11           3.50564e-09           2.65445e-08           5.48515e-08           1.95735               
66     0.000391984     0.000755757           0.000651608           0.000151786           8.78446e-06           0.321704              
67     9.16291e-05     6.28555e-05           0.000151146           0.000126466           2.60494e-05           0.694686              
68     0.00461256      0.0101924             0.00587926            0.00223536            0.000143251           0.317791              
69     0.00989252      0.026044              0.010935              0.00252975            6.12735e-05           0.240126              
70     0.015107        0.0446215             0.0137847             0.00199574            2.59744e-05           0.195758              
71     0.00781504      0.0253532             0.00549581            0.000410319           8.22263e-07           0.161347              
72     0.010613        0.0356251             0.00642593            0.000399292           1.54263e-06           0.150559              
73     2.14337e-07     4.2679e-10            5.60331e-08           3.67123e-07           4.33767e-07           1.72214               
74     8.47181e-07     1.65906e-08           5.50267e-07           1.72896e-06           1.09291e-06           1.37424               
75     1.06442e-08     4.21296e-11           4.52344e-09           2.13527e-08           1.66586e-08           1.51745               
76     0.000716167     0.000685194           0.00130065            0.000787035           9.17942e-05           0.551611              
77     0.00781504      0.0253532             0.00549581            0.000410319           8.22263e-07           0.161347              
78     1.04866e-06     1.44456e-09           2.0792e-07            1.57993e-06           2.40533e-06           1.83794               
79     0.0271607       0.0734081             0.0286603             0.00633364            0.000240937           0.233006              
80     0.0204807       0.0473291             0.0254389             0.00868951            0.000465395           0.297169              
81     0.000165165     0.000178678           0.000311643           0.0001614             8.94097e-06           0.485616              
82     6.22015e-07     3.90707e-08           7.92731e-07           1.31929e-06           3.36969e-07           0.982464              
83     9.61742e-09     1.47876e-12           2.9876e-10            4.13421e-09           3.40352e-08           2.35463               
84     2.13778e-08     1.571e-12             5.42529e-10           1.04451e-08           7.45221e-08           2.33445               
85     9.65673e-08     2.6489e-10            3.18312e-08           1.81368e-07           1.72805e-07           1.61976               
86     1.74288e-08     2.29424e-11           3.06778e-09           2.15442e-08           4.50801e-08           1.95705               
87     9.90851e-08     3.7933e-10            2.02671e-08           1.25984e-07           2.4971e-07            1.92628               
88     1.2618e-09      3.00552e-13           5.75228e-11           6.85365e-10           4.30402e-09           2.30193               
89     0.00027615      0.000177949           0.000440847           0.000404231           8.15715e-05           0.715344              
90     0.018619        0.0520199             0.0188634             0.00352377            6.90578e-05           0.217114              
91     1.16851e-07     4.42175e-09           1.18698e-07           2.61385e-07           8.28989e-08           1.08986               
92     0.0204807       0.0473291             0.0254389             0.00868951            0.000465395           0.297169              
93     0.012891        0.041822              0.00888473            0.000843845           1.33314e-05           0.163614              
94     0.000251599     0.000429919           0.000465678           0.000109579           1.21948e-06           0.336036              
95     0.012891        0.041822              0.00888473            0.000843845           1.33314e-05           0.163614              
96     4.09564e-09     2.54097e-14           3.21206e-11           1.14476e-09           1.52057e-08           2.4267                
97     3.75403e-06     1.98289e-06           8.24622e-06           4.53414e-06           2.52854e-07           0.567466              
98     0.000862011     0.00106097            0.00164569            0.000711915           2.94631e-05           0.442562              
99     0.0204807       0.0473291             0.0254389             0.00868951            0.000465395           0.297169              
100    6.62806e-06     2.76157e-06           1.41442e-05           9.20631e-06           4.00204e-07           0.597337              
101    0.016983        0.0523066             0.0140307             0.00158369            1.12762e-05           0.180029              
102    3.731e-07       3.9759e-09            1.73779e-07           7.22382e-07           5.92263e-07           1.51927               
103    5.94927e-06     1.68832e-06           1.05827e-05           1.01412e-05           1.38486e-06           0.743099              
104    2.71468e-07     1.10223e-09           5.62367e-08           3.36929e-07           6.91603e-07           1.93676               
105    1.88409e-06     5.81556e-07           3.44575e-06           3.02848e-06           4.80582e-07           0.739695              
106    0.000169779     0.000287344           0.00031536            7.55666e-05           8.44112e-07           0.338685              
107    1.39563e-05     1.6276e-05            2.7169e-05            1.21024e-05           2.77814e-07           0.445647              
108    0.0103576       0.0333556             0.00746221            0.000610636           1.81267e-06           0.164119              
109    0.0271607       0.0734081             0.0286603             0.00633364            0.000240937           0.233006              
110    6.80947e-05     0.000115119           0.000126467           3.03862e-05           4.06628e-07           0.339524              
111    0.0110567       0.0364935             0.007111              0.000611998           1.03818e-05           0.157793              
112    3.17351e-06     6.8081e-07            4.80229e-06           5.77489e-06           1.43604e-06           0.881602              
113    9.67246e-07     8.21136e-09           3.80267e-07           1.76479e-06           1.71572e-06           1.60359               
114    5.44061e-08     2.88452e-10           1.14157e-08           5.44241e-08           1.51496e-07           2.03001               
115    1.23504e-05     4.09137e-06           2.32825e-05           1.96924e-05           2.33523e-06           0.700934              
116    2.69846e-05     3.2916e-06            2.94144e-05           5.07926e-05           2.44399e-05           1.13931               
117    9.61191e-06     4.87623e-06           2.1825e-05            1.14259e-05           3.20491e-07           0.548313              
118    7.71239e-05     0.000144768           0.0001349             2.8167e-05            6.60686e-07           0.315253              
119    0.000225531     0.000451972           0.000383626           6.57356e-05           7.89984e-07           0.29253               
120    0.000259038     0.000228072           0.000449713           0.000310311           4.8054e-05            0.601763              
121    0.012891        0.041822              0.00888473            0.000843845           1.33314e-05           0.163614              
122    0.00989252      0.026044              0.010935              0.00252975            6.12735e-05           0.240126              
123    0.0112433       0.0310981             0.0116167             0.00221983            3.8655e-05            0.220273              
124    0.00323429      0.00929396            0.00316342            0.000477456           2.3356e-06            0.203596              
125    0.016983        0.0523066             0.0140307             0.00158369            1.12762e-05           0.180029              
126    7.6253e-05      9.86044e-05           0.000145328           5.83468e-05           2.7325e-06            0.430249              
127    9.58702e-09     3.41834e-10           7.91541e-09           1.55388e-08           1.4552e-08            1.43685               
128    7.84898e-05     7.41939e-05           0.000143429           8.86637e-05           7.67291e-06           0.540485              
129    4.68011e-05     6.88857e-05           9.03796e-05           2.76042e-05           3.34761e-07           0.376916              
130    9.9634e-05      0.000183651           0.000176533           3.75816e-05           7.70369e-07           0.319087              
131    1.70836e-06     5.28212e-07           3.10687e-06           2.72356e-06           4.74805e-07           0.750047              
132    0.062157        0.062157              0.062157              0.062157              0.062157              1                     
133    0.042302        0.042302              0.042302              0.042302              0.042302              1                     
134    9.46935e-07     8.46835e-09           7.26791e-07           2.40061e-06           6.51871e-07           1.12189               
135    2.23278e-06     6.42048e-07           4.17876e-06           3.87273e-06           2.37594e-07           0.679461              
136    0.000128487     0.000213105           0.000242044           5.83956e-05           4.04715e-07           0.341642              
137    7.08858e-08     3.36203e-09           7.32619e-08           1.72667e-07           3.42523e-08           0.995709              
138    0.00043115      0.000782163           0.00078026            0.000160758           1.41991e-06           0.318388              
139    0.000500729     0.00100401            0.00085185            0.000145407           1.65074e-06           0.292189              
140    0.000569765     0.000935326           0.00104359            0.000289444           1.07018e-05           0.358666              
141    2.57663e-06     2.78436e-06           5.30183e-06           2.16769e-06           5.26403e-08           0.44903               
142    0.0646          0.0646                0.0646                0.0646                0.0646                1                     
143    0.000928928     7.70627e-05           0.000382742           0.000978212           0.00227769            1.85369               
144    0.000453805     3.07839e-05           0.000178013           0.000484388           0.00112203            1.8678                
145    4.29474e-05     4.58488e-05           8.00614e-05           4.22216e-05           3.65773e-06           0.504101              
146    0.0174435       0.0375758             0.0224145             0.00907071            0.000712812           0.332214              
147    4.71254e-09     3.00612e-14           3.3135e-11            1.15837e-09           1.76586e-08           2.44049               
148    1.43317e-09     3.72495e-14           1.52504e-11           3.5801e-10            5.3594e-09            2.43697               
149    4.75096e-07     2.22866e-09           1.07779e-07           6.17913e-07           1.17246e-06           1.9023                
150    5.34372e-06     3.41349e-08           1.44422e-06           6.76898e-06           1.31276e-05           1.89152               
151    0.000390672     8.22762e-05           0.000546402           0.000662739           0.000271271           0.994052              
152    7.49549e-06     4.77936e-07           5.10594e-06           1.12771e-05           1.31209e-05           1.54284               
153    0.057337        0.057337              0.057337              0.057337              0.057337              1                     
154    0.00134911      0.00116395            0.00230895            0.001611              0.000312528           0.627248              
155    1.83031e-08     5.05735e-11           1.77144e-09           9.12011e-09           6.22705e-08           2.29085               
156    0.00171895      0.00150537            0.0029704             0.00203862            0.000361408           0.613689              
157    5.69308e-06     5.00372e-08           9.22632e-07           4.60878e-06           1.71909e-05           2.12897               
158    2.70661e-05     1.04404e-06           1.22265e-05           3.40991e-05           6.08948e-05           1.7777                
159    0.034155        0.034155              0.034155              0.034155              0.034155              1                     
160    0.069147        0.069147              0.069147              0.069147              0.069147              1                     
161    0.099081        0.099081              0.099081              0.099081              0.099081              1                     
162    0.062157        0.062157              0.062157              0.062157              0.062157              1                     
163    0.062157        0.062157              0.062157              0.062157              0.062157              1                     
164    0.000320712     6.49874e-05           0.00023818            0.000431337           0.000548344           1.48834               
165    7.39715e-05     5.95175e-07           1.13088e-05           5.74646e-05           0.000226517           2.14728               
166    0.0185449       0.0433904             0.0225242             0.00758302            0.000682002           0.30031               
167    0.012066        0.012066              0.012066              0.012066              0.012066              1                     
168    0.034155        0.034155              0.034155              0.034155              0.034155              1                     
169    0.025774        0.0410778             0.0327493             0.0220285             0.0072404             0.549979              
170    1.87015e-05     6.95181e-08           1.48293e-06           9.39118e-06           6.38624e-05           2.29806               
171    0.00338072      0.00132262            0.00388621            0.0049826             0.00333147            1.10475               
172    0.012937        0.012937              0.012937              0.012937              0.012937              1                     
173    0.099081        0.099081              0.099081              0.099081              0.099081              1                     
174    0.099081        0.099081              0.099081              0.099081              0.099081              1                     
175    0.041977        0.041977              0.041977              0.041977              0.041977              1                     
176    0.0243634       0.0507028             0.0287364             0.0130195             0.00499476            0.427494              
177    0.00953826      0.0193262             0.012134              0.00559811            0.00109476            0.390825              
