Note : P(D|M) is the probability of site D given the model M (i.e., the site likelihood)
P(D|M,rr[x]) is the probability of site D given the model M and the relative rate
of evolution rr[x], where x is the class of rate to be considered.
We have P(D|M) = \sum_x P(x) x P(D|M,rr[x]).


Site   P(D|M)          P(D|M,rr[1]=0.2515)   P(D|M,rr[2]=0.6156)   P(D|M,rr[3]=1.0593)   P(D|M,rr[4]=2.0736)   Posterior mean        
1      0.022951        0.022951              0.022951              0.022951              0.022951              1                     
2      0.00107178      0.000526266           0.000962243           0.00125077            0.00154785            1.22676               
3      0.024193        0.0402929             0.0279843             0.0189446             0.00955013            0.69474               
4      0.00445142      0.00224038            0.00417405            0.00534697            0.0060443             1.19796               
5      0.071586        0.071586              0.071586              0.071586              0.071586              1                     
6      4.83336e-05     9.87538e-05           6.66017e-05           2.56553e-05           2.32351e-06           0.506012              
7      8.29002e-07     1.91755e-07           9.42149e-07           1.36514e-06           8.16959e-07           1.13643               
8      3.22939e-06     1.65783e-06           4.21215e-06           4.65575e-06           2.39184e-06           0.998769              
9      4.28043e-09     1.49156e-09           5.94322e-09           6.83069e-09           2.85625e-09           1.00414               
10     2.92851e-07     5.59461e-08           2.43313e-07           4.23019e-07           4.49126e-07           1.31746               
11     4.72671e-07     4.33167e-07           7.79897e-07           5.59981e-07           1.17637e-07           0.754323              
12     0.000182363     0.000312379           0.000262576           0.000132497           2.19999e-05           0.584241              
13     0.00823709      0.0247917             0.00660122            0.0014751             8.03112e-05           0.365027              
14     1.07752e-06     2.74485e-07           1.28633e-06           1.77734e-06           9.71923e-07           1.10417               
15     0.000377638     0.000934515           0.000452349           0.000118509           5.17722e-06           0.430136              
16     3.86175e-08     6.72097e-09           3.55622e-08           5.85011e-08           5.36857e-08           1.27453               
17     0.0110466       0.0313211             0.00996762            0.00269823            0.000199433           0.391162              
18     4.69773e-06     9.8121e-07            4.89831e-06           7.56725e-06           5.34416e-06           1.18994               
19     6.74166e-06     3.24255e-06           9.18014e-06           1.02138e-05           4.33013e-06           0.974005              
20     0.00016106      0.000283924           0.00023084            0.000111984           1.74943e-05           0.571849              
21     4.27266e-06     1.49008e-06           4.97948e-06           6.68237e-06           3.93869e-06           1.09336               
22     0.000218488     0.000522606           0.000270996           7.65454e-05           3.80566e-06           0.44307               
23     5.09828e-06     5.39305e-06           8.60883e-06           5.48784e-06           9.03411e-07           0.70331               
24     0.0168311       0.0457525             0.016027              0.00500096            0.000543964           0.412881              
25     0.000377638     0.000934515           0.000452349           0.000118509           5.17722e-06           0.430136              
26     0.00823709      0.0247917             0.00660122            0.0014751             8.03112e-05           0.365027              
27     1.84273e-08     6.90097e-10           9.25646e-09           2.6154e-08            3.76085e-08           1.51355               
28     5.20682e-09     7.38812e-11           1.46519e-09           5.81926e-09           1.34689e-08           1.68117               
29     1.82039e-08     2.41175e-10           4.91337e-09           2.00508e-08           4.76104e-08           1.68988               
30     0.000877638     0.00168996            0.00122184            0.000529263           6.94894e-05           0.53607               
31     1.18107e-07     1.38941e-08           9.1739e-08            1.83144e-07           1.83649e-07           1.34369               
32     1.22947e-06     4.33495e-07           1.52605e-06           2.02662e-06           9.3172e-07            1.04259               
33     5.87548e-07     1.76677e-07           7.55995e-07           9.51458e-07           4.66063e-07           1.05701               
34     9.87169e-07     3.06382e-07           1.29525e-06           1.60446e-06           7.42578e-07           1.04184               
35     6.16541e-05     0.000110678           8.78928e-05           4.17975e-05           6.24779e-06           0.564328              
36     1.03544e-06     1.32841e-06           1.77056e-06           9.26298e-07           1.1651e-07            0.639072              
37     3.73781e-09     2.61656e-10           2.10211e-09           5.0862e-09            7.50129e-09           1.49168               
38     1.22096e-05     9.47675e-06           1.87034e-05           1.567e-05             4.9881e-06            0.836236              
39     1.06448e-05     1.76564e-05           1.53614e-05           8.08016e-06           1.48129e-06           0.599538              
40     6.28317e-09     3.11625e-10           3.87098e-09           9.79064e-09           1.11594e-08           1.43132               
41     8.28295e-07     1.10846e-06           1.42669e-06           7.06041e-07           7.19854e-08           0.620021              
42     0.000388781     0.000644867           0.000552094           0.000295688           6.24753e-05           0.607552              
43     1.21715e-07     1.35269e-07           2.05507e-07           1.25201e-07           2.08834e-08           0.691087              
44     1.13056e-06     1.65456e-06           1.64502e-06           9.90744e-07           2.3189e-07            0.654356              
45     0.000330017     0.000806928           0.000399359           0.00010854            5.24154e-06           0.435288              
46     8.4652e-09      2.24758e-09           1.02978e-08           1.39333e-08           7.38219e-09           1.09189               
47     2.72967e-09     5.41467e-11           9.07991e-10           3.20439e-09           6.75215e-09           1.64565               
48     7.87028e-05     0.000188435           9.29994e-05           3.00186e-05           3.35807e-06           0.455507              
49     3.96621e-09     1.03447e-10           1.6016e-09            5.10225e-09           9.05753e-09           1.58833               
50     0.071586        0.071586              0.071586              0.071586              0.071586              1                     
51     0.055941        0.055941              0.055941              0.055941              0.055941              1                     
52     0.022951        0.022951              0.022951              0.022951              0.022951              1                     
53     0.053052        0.053052              0.053052              0.053052              0.053052              1                     
54     0.053052        0.053052              0.053052              0.053052              0.053052              1                     
55     0.061197        0.061197              0.061197              0.061197              0.061197              1                     
56     6.26997e-05     4.39596e-05           9.38878e-05           8.47947e-05           2.81566e-05           0.865494              
57     0.0110466       0.0313211             0.00996762            0.00269823            0.000199433           0.391162              
58     0.0168311       0.0457525             0.016027              0.00500096            0.000543964           0.412881              
59     3.33807e-07     1.00374e-07           4.39285e-07           5.5415e-07            2.41419e-07           1.03601               
60     0.000134266     0.000220009           0.000190702           0.000103677           2.2678e-05            0.613662              
61     0.000875343     0.00156376            0.00124514            0.000597862           9.46118e-05           0.568142              
62     3.9938e-05      2.67907e-05           5.9454e-05            5.51295e-05           1.83778e-05           0.875398              
63     5.15402e-10     3.96488e-12           1.22425e-10           5.54714e-10           1.3805e-09            1.7106                
64     3.11853e-05     6.47909e-05           4.16775e-05           1.64432e-05           1.82959e-06           0.506348              
65     0.000330017     0.000806928           0.000399359           0.00010854            5.24154e-06           0.435288              
66     6.64983e-08     2.02053e-08           8.32319e-08           1.06413e-07           5.61432e-08           1.0732                
67     0.000905092     0.00227706            0.00102895            0.000292414           2.19469e-05           0.431254              
68     2.13143e-05     1.43041e-05           3.17798e-05           2.94915e-05           9.6819e-06            0.873579              
69     0.00823709      0.0247917             0.00660122            0.0014751             8.03112e-05           0.365027              
70     0.0168311       0.0457525             0.016027              0.00500096            0.000543964           0.412881              
71     1.70066e-05     1.65966e-05           2.6752e-05            1.9508e-05            5.16962e-06           0.764818              
72     0.0150463       0.0347736             0.0170342             0.00726324            0.00111399            0.485749              
73     0.000632744     0.00065651            0.00087145            0.000721136           0.000281878           0.809962              
74     0.00580536      0.0190873             0.00351247            0.000594055           2.75833e-05           0.32937               
75     0.0168311       0.0457525             0.016027              0.00500096            0.000543964           0.412881              
76     0.00580536      0.0190873             0.00351247            0.000594055           2.75833e-05           0.32937               
77     0.00110301      0.00223563            0.00151889            0.000598587           5.89206e-05           0.510765              
78     0.00354846      0.0118468             0.00207074            0.00027166            4.68001e-06           0.320646              
79     0.000168994     0.000142453           0.000271372           0.000211854           5.0298e-05            0.786426              
80     1.37444e-06     9.83818e-07           2.18324e-06           1.89152e-06           4.39194e-07           0.819588              
81     7.73049e-10     1.20011e-10           6.61686e-10           1.13827e-09           1.17223e-09           1.31753               
82     0.0110466       0.0313211             0.00996762            0.00269823            0.000199433           0.391162              
83     0.000735212     0.00167414            0.000942598           0.000302347           2.17673e-05           0.464723              
84     0.000384889     0.000590644           0.000587954           0.000315799           4.51605e-05           0.609696              
85     7.32812e-07     1.76326e-07           8.53186e-07           1.21847e-06           6.83271e-07           1.11801               
86     0.000134314     0.000316065           0.000168174           5.00294e-05           2.98757e-06           0.450812              
87     0.00580536      0.0190873             0.00351247            0.000594055           2.75833e-05           0.32937               
88     0.00027322      0.000250452           0.000366968           0.00033107            0.000144388           0.859206              
89     0.00823709      0.0247917             0.00660122            0.0014751             8.03112e-05           0.365027              
90     0.00899002      0.0251399             0.00829643            0.00233816            0.000185611           0.397408              
91     0.00150709      0.00249922            0.00215294            0.00114948            0.000226718           0.604087              
92     1.24367e-09     3.51134e-11           4.50911e-10           1.415e-09             3.07366e-09           1.64008               
93     2.52663e-06     1.47485e-06           3.5719e-06            3.63849e-06           1.42127e-06           0.927255              
94     1.16204e-05     2.36974e-05           1.55273e-05           6.26006e-06           9.96925e-07           0.520991              
95     3.12228e-08     5.03118e-09           2.89795e-08           5.09055e-08           3.99751e-08           1.24847               
96     2.0223e-05      6.21982e-06           2.06224e-05           2.99468e-05           2.4103e-05            1.18631               
97     0.0122268       0.0334091             0.0116524             0.00351646            0.000329139           0.408571              
98     5.00605e-09     3.10901e-10           3.46128e-09           8.05493e-09           8.1971e-09            1.38529               
99     0.000117858     0.000180656           0.000167722           9.76984e-05           2.53556e-05           0.646442              
100    7.36286e-07     2.74643e-07           7.94357e-07           1.04751e-06           8.28639e-07           1.14969               
101    1.8538e-07      6.12743e-09           6.59433e-08           2.05114e-07           4.64335e-07           1.64832               
102    2.63496e-05     1.31407e-05           3.39158e-05           3.82351e-05           2.01067e-05           1.00932               
103    5.49872e-06     2.63897e-06           6.99163e-06           7.96223e-06           4.40204e-06           1.02435               
104    7.33519e-07     1.67558e-07           7.84509e-07           1.15262e-06           8.29388e-07           1.18126               
105    2.68303e-08     6.7679e-10            1.21553e-08           3.889e-08             5.55993e-08           1.52943               
106    7.41993e-06     2.96961e-06           9.79862e-06           1.16998e-05           5.21172e-06           1.01012               
107    4.23408e-07     7.49801e-08           4.00767e-07           6.59255e-07           5.58631e-07           1.25312               
108    1.00787e-09     8.99622e-12           1.60225e-10           6.97035e-10           3.1652e-09            1.83621               
109    6.06073e-07     5.74793e-08           4.07575e-07           8.78447e-07           1.08079e-06           1.41775               
110    8.49341e-06     7.2226e-06            1.31754e-05           1.03209e-05           3.25475e-06           0.812677              
111    1.73339e-10     5.85682e-12           6.4024e-11            1.97068e-10           4.26406e-10           1.63529               
112    5.05506e-08     8.35457e-09           5.00298e-08           8.46105e-08           5.92077e-08           1.21316               
113    2.30472e-10     3.71943e-13           1.74953e-11           1.26189e-10           7.77831e-10           1.90635               
114    1.24283e-05     6.0054e-06            1.74936e-05           1.89438e-05           7.27026e-06           0.953933              
115    1.83715e-10     5.0603e-12            8.98519e-11           2.72756e-10           3.6719e-10            1.50631               
116    5.29827e-05     7.69147e-05           7.65723e-05           4.69096e-05           1.15342e-05           0.661021              
117    2.6945e-07      8.97646e-09           1.25309e-07           3.69018e-07           5.74497e-07           1.54164               
118    5.75266e-10     1.96172e-12           7.53431e-11           4.36888e-10           1.78687e-09           1.83172               
119    5.55963e-06     1.08082e-06           4.24701e-06           7.68777e-06           9.22294e-06           1.35597               
120    2.32837e-11     1.17185e-13           3.8894e-12            1.96993e-11           6.9429e-11            1.79588               
121    1.68324e-05     8.4901e-06            2.26162e-05           2.5295e-05            1.09283e-05           0.973044              
122    2.26585e-06     3.21673e-07           2.01221e-06           3.66567e-06           3.06386e-06           1.27502               
123    2.70147e-07     3.22059e-07           4.60696e-07           2.59436e-07           3.83971e-08           0.665424              
124    2.50488e-05     3.03973e-05           4.28826e-05           2.38313e-05           3.08396e-06           0.655554              
125    6.8033e-10      6.09347e-13           3.88396e-11           3.38053e-10           2.34382e-09           1.92637               
126    3.82066e-10     3.43612e-11           2.52559e-10           5.54347e-10           6.86995e-10           1.42378               
127    1.33682e-07     1.5589e-07            2.27328e-07           1.31056e-07           2.04554e-08           0.673979              
128    1.65067e-10     1.2573e-12            3.50574e-11           1.52573e-10           4.71378e-10           1.75833               
129    3.4656e-10      6.70275e-12           1.18088e-10           4.1202e-10            8.49431e-10           1.63912               
130    8.59885e-07     6.87947e-07           1.2694e-06            1.07528e-06           4.06906e-07           0.853982              
131    3.71348e-09     1.56025e-10           1.96683e-09           5.2575e-09            7.47356e-09           1.5024                
132    2.96722e-10     6.81335e-12           1.02393e-10           3.40684e-10           7.36996e-10           1.64622               
133    3.77512e-12     2.06632e-15           1.89052e-13           1.80263e-12           1.31067e-11           1.93401               
134    1.1366e-09      9.48819e-12           2.73668e-10           1.17931e-09           3.08394e-09           1.71893               
135    3.52381e-12     5.68101e-16           6.60243e-14           8.71106e-13           1.31575e-11           2.004                 
136    3.82597e-08     1.90799e-09           1.64468e-08           4.47615e-08           8.99224e-08           1.59753               
137    6.11822e-10     1.17145e-12           5.30443e-11           3.67096e-10           2.02597e-09           1.88897               
138    1.00783e-06     9.14719e-08           4.54358e-07           1.06856e-06           2.41695e-06           1.59908               
139    2.52984e-05     7.33931e-06           2.35508e-05           3.50419e-05           3.52617e-05           1.2509                
140    0.000672411     0.000113366           0.000352668           0.000701836           0.00152177            1.54096               
141    0.00703473      0.00484413            0.00776091            0.00840416            0.00712973            1.05487               
142    0.00138261      0.000447486           0.000992008           0.00154598            0.00254498            1.38111               
143    0.000121788     1.87183e-05           6.31097e-05           0.000128627           0.000276696           1.54689               
144    0.00223656      0.000814761           0.00179418            0.00265833            0.00367899            1.31387               
145    0.00193269      0.000858928           0.00170235            0.00231407            0.00285542            1.24649               
146    0.001452        0.000403384           0.00106979            0.00176054            0.00257428            1.37104               
147    0.0083277       0.00516022            0.00891076            0.0102698             0.00897               1.08861               
148    0.057337        0.057337              0.057337              0.057337              0.057337              1                     
149    0.055941        0.055941              0.055941              0.055941              0.055941              1                     
150    0.012937        0.012937              0.012937              0.012937              0.012937              1                     
151    0.042302        0.042302              0.042302              0.042302              0.042302              1                     
152    0.012937        0.012937              0.012937              0.012937              0.012937              1                     
153    0.00207853      0.000890412           0.00182065            0.00250304            0.00310002            1.25382               
154    0.0289086       0.0390481             0.0328727             0.0267458             0.0169678             0.809214              
155    0.069147        0.069147              0.069147              0.069147              0.069147              1                     
156    1               1                     1                     1                     1                     1                     
157    0.069147        0.069147              0.069147              0.069147              0.069147              1                     
Note : P(D|M) is the probability of site D given the model M (i.e., the site likelihood)
P(D|M,rr[x]) is the probability of site D given the model M and the relative rate
of evolution rr[x], where x is the class of rate to be considered.
We have P(D|M) = \sum_x P(x) x P(D|M,rr[x]).


Site   P(D|M)          P(D|M,rr[1]=0.2220)   P(D|M,rr[2]=0.5850)   P(D|M,rr[3]=1.0491)   P(D|M,rr[4]=2.1439)   Posterior mean        
1      0.022951        0.022951              0.022951              0.022951              0.022951              1                     
2      0.00112569      0.000541795           0.00102226            0.00132663            0.00161208            1.23617               
3      0.0225461       0.0398841             0.0261532             0.0165075             0.00763957            0.64147               
4      0.00459188      0.00230881            0.00443364            0.005602              0.00602306            1.19211               
5      0.071586        0.071586              0.071586              0.071586              0.071586              1                     
6      4.67202e-05     0.000101655           6.39465e-05           2.02063e-05           1.07322e-06           0.446678              
7      6.82169e-07     1.66356e-07           8.85336e-07           1.17068e-06           5.06302e-07           1.05124               
8      3.103e-06       1.7202e-06            4.47919e-06           4.49994e-06           1.71267e-06           0.918058              
9      4.0511e-09      1.26587e-09           5.93732e-09           6.69204e-09           2.30915e-09           0.970457              
10     5.21198e-08     1.12742e-09           1.62199e-08           5.74683e-08           1.33664e-07           1.71043               
11     4.4029e-07      4.24075e-07           7.80735e-07           4.90044e-07           6.63079e-08           0.685422              
12     0.000156126     0.000283342           0.000228938           0.000100465           1.176e-05             0.524321              
13     0.00816488      0.0255237             0.00600697            0.0010904             3.85206e-05           0.318651              
14     2.36235e-07     1.20092e-08           1.69415e-07           4.05846e-07           3.57672e-07           1.36978               
15     0.000333742     0.000865817           0.00038638            8.06956e-05           2.07592e-06           0.380049              
16     6.21675e-10     3.91115e-12           1.50774e-10           6.92097e-10           1.63992e-09           1.74165               
17     0.0108701       0.0321184             0.00918653            0.00207242            0.000103078           0.342677              
18     1.16853e-07     4.9977e-09            7.11647e-08           1.83963e-07           2.07286e-07           1.45511               
19     5.36087e-06     2.63207e-06           7.94843e-06           8.25719e-06           2.60577e-06           0.908593              
20     0.000150206     0.000278165           0.000219673           9.29111e-05           1.00755e-05           0.514852              
21     9.69479e-07     7.77551e-08           7.28344e-07           1.63829e-06           1.43353e-06           1.35006               
22     0.000191401     0.000481359           0.000230437           5.226e-05             1.54871e-06           0.391605              
23     4.78092e-06     5.39765e-06           8.61811e-06           4.64496e-06           4.62965e-07           0.633008              
24     0.0164948       0.046828              0.0148783             0.00396071            0.000312243           0.362606              
25     0.000333742     0.000865817           0.00038638            8.06956e-05           2.07592e-06           0.380049              
26     0.00816488      0.0255237             0.00600697            0.0010904             3.85206e-05           0.318651              
27     6.22378e-08     2.22287e-09           3.59394e-08           9.98561e-08           1.10933e-07           1.46256               
28     4.44698e-09     4.85361e-11           1.27991e-09           5.4426e-09            1.10169e-08           1.6915                
29     2.9733e-08      3.27212e-10           8.48735e-09           3.64516e-08           7.3666e-08            1.69181               
30     0.000884807     0.0017721             0.0012523             0.000471389           4.34365e-05           0.484192              
31     1.14879e-07     1.22215e-08           9.54618e-08           1.92432e-07           1.59402e-07           1.31047               
32     8.02991e-07     1.56904e-07           1.01506e-06           1.496e-06             5.43992e-07           1.04746               
33     3.31558e-08     2.33461e-09           2.88326e-08           5.9206e-08            4.22501e-08           1.28242               
34     4.86832e-08     3.20274e-09           4.0512e-08            8.62913e-08           6.47267e-08           1.30285               
35     9.84503e-05     0.000181032           0.000143851           6.18893e-05           7.02817e-06           0.518887              
36     1.32692e-06     1.76764e-06           2.38244e-06           1.06899e-06           8.85994e-08           0.583602              
37     6.45834e-09     3.56248e-10           3.61693e-09           9.37028e-09           1.24899e-08           1.50203               
38     1.50562e-05     1.18393e-05           2.4717e-05            1.90635e-05           4.60515e-06           0.77975               
39     1.47516e-05     2.49582e-05           2.20093e-05           1.05686e-05           1.47027e-06           0.55343               
40     7.63582e-09     2.74598e-10           4.67302e-09           1.28661e-08           1.27296e-08           1.42694               
41     9.8337e-07      1.3743e-06            1.7694e-06            7.41074e-07           4.87094e-08           0.564913              
42     0.000504014     0.000882777           0.000733005           0.000346135           5.41405e-05           0.547598              
43     1.71344e-07     1.86597e-07           3.05906e-07           1.71711e-07           2.11607e-08           0.650575              
44     1.69444e-06     2.42063e-06           2.57432e-06           1.49288e-06           2.89932e-07           0.624267              
45     0.000292815     0.000749842           0.000344079           7.51549e-05           2.18423e-06           0.385295              
46     1.20772e-08     3.51331e-09           1.69393e-08           2.03639e-08           7.49228e-09           0.996013              
47     5.48225e-09     1.57623e-10           2.86867e-09           8.57152e-09           1.03312e-08           1.49823               
48     0.00010804      0.000268213           0.000126294           3.48755e-05           2.77585e-06           0.407177              
49     2.30419e-09     4.52207e-10           2.6545e-09            3.85568e-09           2.25438e-09           1.14264               
50     0.071586        0.071586              0.071586              0.071586              0.071586              1                     
51     0.055941        0.055941              0.055941              0.055941              0.055941              1                     
52     0.022951        0.022951              0.022951              0.022951              0.022951              1                     
53     0.053052        0.053052              0.053052              0.053052              0.053052              1                     
54     0.053052        0.053052              0.053052              0.053052              0.053052              1                     
55     0.061197        0.061197              0.061197              0.061197              0.061197              1                     
56     5.45473e-05     3.97027e-05           8.85764e-05           7.26492e-05           1.72607e-05           0.796802              
57     0.0108701       0.0321184             0.00918653            0.00207242            0.000103078           0.342677              
58     0.0164948       0.046828              0.0148783             0.00396071            0.000312243           0.362606              
59     1.94019e-09     1.09405e-10           1.51846e-09           3.48308e-09           2.64982e-09           1.32045               
60     2.38376e-06     1.62391e-06           3.64038e-06           3.17903e-06           1.0917e-06            0.856397              
61     0.000781583     0.00145399            0.00113579            0.000481018           5.55279e-05           0.515272              
62     3.54088e-05     2.43193e-05           5.69612e-05           4.85947e-05           1.17598e-05           0.81134               
63     1.44395e-10     1.11304e-13           1.2615e-11            1.09871e-10           4.54985e-10           1.90121               
64     3.67966e-05     8.39499e-05           4.77784e-05           1.4556e-05            9.02159e-07           0.433411              
65     0.000292815     0.000749842           0.000344079           7.51549e-05           2.18423e-06           0.385295              
66     3.0799e-09      2.39778e-10           2.69553e-09           5.37756e-09           4.00673e-09           1.28753               
67     0.000881114     0.00235337            0.000949081           0.000211976           1.00322e-05           0.374968              
68     6.10944e-07     1.19736e-07           7.2874e-07            1.09192e-06           5.03385e-07           1.0957                
69     0.00816488      0.0255237             0.00600697            0.0010904             3.85206e-05           0.318651              
70     0.0164948       0.046828              0.0148783             0.00396071            0.000312243           0.362606              
71     1.46711e-05     1.59473e-05           2.48467e-05           1.52007e-05           2.68964e-06           0.678018              
72     0.0145676       0.0353156             0.0161832             0.00609661            0.000674947           0.431615              
73     0.00055636      0.000597577           0.000807898           0.000627192           0.000192774           0.753362              
74     0.00584292      0.0198278             0.00311576            0.000415631           1.24773e-05           0.286134              
75     0.0164948       0.046828              0.0148783             0.00396071            0.000312243           0.362606              
76     0.00584292      0.0198278             0.00311576            0.000415631           1.24773e-05           0.286134              
77     0.000976398     0.00207099            0.00135177            0.000453536           2.92906e-05           0.4581                
78     0.00357857      0.0123056             0.00182719            0.000179729           1.71659e-06           0.278958              
79     0.000142232     0.000123021           0.000244883           0.000172474           2.85518e-05           0.725437              
80     6.07601e-07     2.09242e-07           1.03449e-06           1.0209e-06            1.6577e-07            0.855028              
81     1.71994e-10     5.71245e-12           9.11199e-11           2.54448e-10           3.36695e-10           1.51656               
82     0.0108701       0.0321184             0.00918653            0.00207242            0.000103078           0.342677              
83     0.000695945     0.00166102            0.000879781           0.000232381           1.06e-05              0.413085              
84     0.000394535     0.000686997           0.000603906           0.00026376            2.34776e-05           0.527737              
85     4.49519e-07     7.53388e-08           5.30928e-07           8.22227e-07           3.69581e-07           1.10244               
86     0.000126921     0.000312937           0.000155665           3.77158e-05           1.36686e-06           0.399923              
87     0.00584292      0.0198278             0.00311576            0.000415631           1.24773e-05           0.286134              
88     0.000234415     0.000224697           0.000333834           0.000282366           9.67621e-05           0.798645              
89     0.00816488      0.0255237             0.00600697            0.0010904             3.85206e-05           0.318651              
90     0.00880569      0.025708              0.00762581            0.00179331            9.56362e-05           0.347923              
91     0.00141274      0.00245793            0.0020727             0.00097979            0.000140551           0.546353              
92     1.50662e-10     9.91218e-13           3.47581e-11           1.60533e-10           4.06367e-10           1.75919               
93     2.15028e-06     1.27085e-06           3.28721e-06           3.13129e-06           9.11774e-07           0.865581              
94     1.04422e-05     2.26123e-05           1.38968e-05           4.72795e-06           5.31971e-07           0.460873              
95     2.169e-10       3.93062e-13           3.61379e-11           2.42417e-10           5.88652e-10           1.77219               
96     1.99261e-05     6.18519e-06           2.21802e-05           3.10837e-05           2.02551e-05           1.13399               
97     0.0119494       0.0341267             0.010756              0.00273687            0.000177782           0.358199              
98     4.90911e-09     2.5244e-10            3.61514e-09           8.59629e-09           7.17258e-09           1.35293               
99     0.000115947     0.0001866             0.000170812           8.89069e-05           1.74677e-05           0.586632              
100    2.97315e-06     1.15414e-06           3.56397e-06           4.44151e-06           2.73298e-06           1.08134               
101    1.71387e-07     5.20481e-09           6.68796e-08           2.10442e-07           4.0302e-07            1.64115               
102    2.389e-05       1.26629e-05           3.40044e-05           3.51058e-05           1.37868e-05           0.932306              
103    4.51051e-06     2.45819e-06           6.52605e-06           6.52848e-06           2.52934e-06           0.922023              
104    3.27426e-07     5.00097e-08           3.25617e-07           5.51525e-07           3.8255e-07            1.22192               
105    2.17297e-08     5.5041e-10            1.21544e-08           3.74562e-08           3.67577e-08           1.44196               
106    4.12374e-06     1.11903e-06           5.74289e-06           7.16541e-06           2.46762e-06           0.995194              
107    1.1523e-07      4.21787e-09           6.59198e-08           1.79644e-07           2.11137e-07           1.47666               
108    1.84013e-10     5.20903e-13           1.58212e-11           1.00326e-10           6.19385e-10           1.95979               
109    1.62186e-07     2.57318e-09           5.41072e-08           2.01188e-07           3.90874e-07           1.66674               
110    2.94596e-06     2.45217e-06           4.78394e-06           3.53945e-06           1.00827e-06           0.782248              
111    1.78766e-10     5.68764e-12           7.40056e-11           2.28743e-10           4.06629e-10           1.61705               
112    4.34445e-08     7.91366e-09           5.11038e-08           7.80045e-08           3.67562e-08           1.10652               
113    8.8858e-10      4.98851e-13           4.22183e-11           4.16227e-10           3.09538e-09           1.99689               
114    7.34857e-06     2.28302e-06           1.09598e-05           1.25453e-05           3.60612e-06           0.946135              
115    1.60034e-10     4.38515e-12           9.37602e-11           2.72622e-10           2.6937e-10            1.43615               
116    5.1961e-05      7.91092e-05           7.81054e-05           4.29414e-05           7.68779e-06           0.600383              
117    1.05505e-07     2.5894e-09            4.63193e-08           1.47434e-07           2.25678e-07           1.57854               
118    1.66611e-10     6.18416e-14           6.96406e-12           7.75684e-11           5.81849e-10           1.99999               
119    4.25406e-06     8.04164e-07           3.28784e-06           6.18448e-06           6.73976e-06           1.35397               
120    3.09809e-11     1.63074e-13           6.60197e-12           3.22758e-11           8.48827e-11           1.77317               
121    9.4469e-06      2.16186e-06           1.23647e-05           1.69566e-05           6.30444e-06           1.03258               
122    1.96473e-06     2.56852e-07           1.89943e-06           3.42728e-06           2.27535e-06           1.22688               
123    2.54814e-07     3.153e-07             4.59782e-07           2.22838e-07           2.13383e-08           0.606809              
124    2.00582e-05     2.57423e-05           3.62569e-05           1.69026e-05           1.33092e-06           0.592164              
125    1.92249e-10     2.3477e-14            3.72635e-12           5.46653e-11           7.10582e-10           2.05844               
126    3.70737e-10     3.1372e-11            2.67479e-10           5.83891e-10           6.00208e-10           1.391                 
127    1.25971e-07     1.52501e-07           2.26978e-07           1.1292e-07            1.14865e-08           0.614678              
128    4.81192e-11     4.80673e-14           3.11229e-12           2.53783e-11           1.63938e-10           1.97385               
129    2.79923e-10     5.23913e-12           1.12501e-10           3.84353e-10           6.17599e-10           1.60247               
130    4.86807e-07     3.80284e-07           7.60499e-07           6.19861e-07           1.86586e-07           0.811223              
131    2.92692e-09     1.21759e-10           1.82432e-09           4.70188e-09           5.0597e-09            1.44132               
132    8.05453e-11     1.85122e-12           3.27621e-11           1.06318e-10           1.8125e-10            1.61305               
133    1.07286e-12     6.66909e-16           7.21675e-14           6.44361e-13           3.57423e-12           1.95298               
134    6.55932e-10     5.38544e-12           1.91497e-10           8.01857e-10           1.62499e-09           1.69158               
135    1.31702e-11     7.25801e-16           1.4527e-13            2.59674e-12           4.9938e-11            2.08559               
136    4.45831e-08     2.18069e-09           2.15851e-08           5.82104e-08           9.63561e-08           1.57435               
137    6.91564e-10     1.15318e-12           6.74231e-11           4.82798e-10           2.21488e-09           1.91401               
138    1.13331e-06     8.06252e-08           4.67758e-07           1.18792e-06           2.79692e-06           1.66197               
139    2.19392e-05     4.99726e-06           1.92491e-05           3.1161e-05            3.23496e-05           1.30378               
140    0.000671959     9.70009e-05           0.000329091           0.000691135           0.00157061            1.60216               
141    0.00687391      0.00442464            0.00762373            0.00840725            0.00704004            1.06764               
142    0.00136888      0.000397613           0.000947616           0.00153095            0.00259933            1.42844               
143    0.000121598     1.58122e-05           5.8671e-05            0.000126636           0.000285273           1.60833               
144    0.00219817      0.000722748           0.00171769            0.00263747            0.00371477            1.35298               
145    0.00189541      0.000770164           0.00164251            0.00230071            0.00286824            1.27871               
146    0.00142575      0.000349752           0.0010124             0.00174323            0.00259764            1.41465               
147    0.00811895      0.00467993            0.00870277            0.0102595             0.00883365            1.10334               
148    0.057337        0.057337              0.057337              0.057337              0.057337              1                     
149    0.055941        0.055941              0.055941              0.055941              0.055941              1                     
150    0.012937        0.012937              0.012937              0.012937              0.012937              1                     
151    0.042302        0.042302              0.042302              0.042302              0.042302              1                     
152    0.012937        0.012937              0.012937              0.012937              0.012937              1                     
153    0.00203815      0.000795074           0.00175373            0.00248827            0.00311553            1.28698               
154    0.029098        0.0396112             0.0333745             0.0269072             0.016499              0.789734              
155    0.069147        0.069147              0.069147              0.069147              0.069147              1                     
156    1               1                     1                     1                     1                     1                     
157    0.069147        0.069147              0.069147              0.069147              0.069147              1                     
Note : P(D|M) is the probability of site D given the model M (i.e., the site likelihood)
P(D|M,rr[x]) is the probability of site D given the model M and the relative rate
of evolution rr[x], where x is the class of rate to be considered.
We have P(D|M) = \sum_x P(x) x P(D|M,rr[x]).


Site   P(D|M)          P(D|M,rr[1]=0.2525)   P(D|M,rr[2]=0.6167)   P(D|M,rr[3]=1.0597)   P(D|M,rr[4]=2.0711)   Posterior mean        
1      0.022951        0.022951              0.022951              0.022951              0.022951              1                     
2      0.00107095      0.000526699           0.000961472           0.00124932            0.00154631            1.22611               
3      0.0242193       0.0402815             0.0280076             0.018991              0.00959705            0.696183              
4      0.0044496       0.00224228            0.00417069            0.00534179            0.00604362            1.19763               
5      0.071586        0.071586              0.071586              0.071586              0.071586              1                     
6      4.95307e-05     0.000100457           6.84214e-05           2.6754e-05            2.48994e-06           0.510129              
7      8.0248e-07      1.85351e-07           9.08003e-07           1.31942e-06           7.97147e-07           1.13894               
8      3.30004e-06     1.68596e-06           4.28361e-06           4.75633e-06           2.47426e-06           1.00241               
9      4.60934e-09     1.58527e-09           6.32873e-09           7.34756e-09           3.17582e-09           1.01243               
10     3.02589e-07     5.76541e-08           2.5022e-07            4.35865e-07           4.66616e-07           1.31958               
11     4.87199e-07     4.42386e-07           8.00873e-07           5.81028e-07           1.24509e-07           0.759011              
12     0.000183629     0.000313117           0.000264248           0.00013442            2.27302e-05           0.587516              
13     0.00826374      0.0248153             0.00665396            0.00150219            8.34861e-05           0.367095              
14     1.11656e-06     2.85418e-07           1.32974e-06           1.83769e-06           1.01337e-06           1.10569               
15     0.000379976     0.00093692            0.000456487           0.000121059           5.43801e-06           0.432683              
16     3.89523e-08     3.52103e-09           2.31522e-08           5.09638e-08           7.81723e-08           1.48308               
17     0.0110827       0.0313467             0.0100363             0.00274123            0.000206506           0.393342              
18     5.46705e-06     1.15295e-06           5.72589e-06           8.80325e-06           6.18609e-06           1.18725               
19     6.75867e-06     3.23453e-06           9.15524e-06           1.02357e-05           4.40917e-06           0.978042              
20     0.000164282     0.000288059           0.000235499           0.000115258           1.83111e-05           0.575271              
21     4.40312e-06     1.53348e-06           5.11127e-06           6.87296e-06           4.09476e-06           1.09599               
22     0.000219887     0.000523962           0.000273429           7.81634e-05           3.9948e-06            0.445713              
23     5.2287e-06      5.49269e-06           8.80365e-06           5.66625e-06           9.52228e-07           0.707274              
24     0.0168882       0.0457888             0.01613               0.00507335            0.000560523           0.415177              
25     0.000379976     0.00093692            0.000456487           0.000121059           5.43801e-06           0.432683              
26     0.00826374      0.0248153             0.00665396            0.00150219            8.34861e-05           0.367095              
27     1.87708e-08     6.992e-10             9.33896e-09           2.6462e-08            3.8583e-08            1.51682               
28     5.21734e-09     7.2791e-11            1.44411e-09           5.76859e-09           1.35839e-08           1.68457               
29     1.86627e-08     2.45577e-10           4.98058e-09           2.03754e-08           4.90492e-08           1.69205               
30     0.000873498     0.00167583            0.00121617            0.00053093            7.1068e-05            0.538912              
31     1.19131e-07     1.39163e-08           9.17525e-08           1.83914e-07           1.86943e-07           1.34761               
32     1.21343e-06     4.14753e-07           1.48851e-06           2.00466e-06           9.45791e-07           1.05193               
33     6.60107e-07     1.93695e-07           8.37927e-07           1.07139e-06           5.37418e-07           1.06574               
34     1.13095e-06     3.54082e-07           1.48199e-06           1.8328e-06            8.54939e-07           1.04252               
35     6.27975e-05     0.000112319           8.94911e-05           4.28632e-05           6.51652e-06           0.567167              
36     1.0628e-06      1.35321e-06           1.81384e-06           9.60393e-07           1.23748e-07           0.643174              
37     3.86673e-09     2.67944e-10           2.15298e-09           5.23464e-09           7.81133e-09           1.49485               
38     1.23413e-05     9.53509e-06           1.88367e-05           1.58699e-05           5.12343e-06           0.839703              
39     1.07439e-05     1.77445e-05           1.54922e-05           8.20853e-06           1.5305e-06            0.602727              
40     6.27979e-09     3.07125e-10           3.81176e-09           9.70753e-09           1.12927e-08           1.4373                
41     8.38388e-07     1.11566e-06           1.44151e-06           7.20935e-07           7.54377e-08           0.623477              
42     0.000392132     0.000647876           0.00055641            0.000299961           6.42819e-05           0.610584              
43     1.24889e-07     1.37788e-07           2.10309e-07           1.29424e-07           2.20371e-08           0.695163              
44     1.14221e-06     1.66347e-06           1.65948e-06           1.00646e-06           2.39432e-07           0.657896              
45     0.000331991     0.000808896           0.000402818           0.000110757           5.49383e-06           0.437821              
46     8.64953e-09     2.28269e-09           1.04464e-08           1.42146e-08           7.65447e-09           1.09644               
47     2.88331e-09     4.88736e-11           8.64923e-10           3.25681e-09           7.36263e-09           1.66874               
48     7.94494e-05     0.000189472           9.41368e-05           3.0697e-05            3.49206e-06           0.458334              
49     5.08876e-09     1.65865e-10           2.30529e-09           6.79316e-09           1.10907e-08           1.55404               
50     0.071586        0.071586              0.071586              0.071586              0.071586              1                     
51     0.055941        0.055941              0.055941              0.055941              0.055941              1                     
52     0.022951        0.022951              0.022951              0.022951              0.022951              1                     
53     0.053052        0.053052              0.053052              0.053052              0.053052              1                     
54     0.053052        0.053052              0.053052              0.053052              0.053052              1                     
55     0.061197        0.061197              0.061197              0.061197              0.061197              1                     
56     6.3807e-05      4.45769e-05           9.52153e-05           8.63815e-05           2.90543e-05           0.868573              
57     0.0110827       0.0313467             0.0100363             0.00274123            0.000206506           0.393342              
58     0.0168882       0.0457888             0.01613               0.00507335            0.000560523           0.415177              
59     3.71681e-07     1.11274e-07           4.85861e-07           6.15887e-07           2.737e-07             1.04069               
60     0.000145746     0.000238047           0.000206755           0.000113058           2.51254e-05           0.616573              
61     0.000880586     0.00156727            0.00125224            0.000605501           9.73315e-05           0.570985              
62     4.0851e-05      2.72225e-05           6.05307e-05           5.65003e-05           1.91504e-05           0.879639              
63     5.54149e-10     4.7169e-12            1.3694e-10            5.98922e-10           1.47602e-09           1.70412               
64     3.18823e-05     6.59667e-05           4.26704e-05           1.6976e-05            1.91587e-06           0.509126              
65     0.000331991     0.000808896           0.000402818           0.000110757           5.49383e-06           0.437821              
66     7.7065e-08      2.2401e-08            9.3843e-08            1.23296e-07           6.87201e-08           1.09164               
67     0.000900677     0.00225838            0.00102672            0.000294954           2.26572e-05           0.433814              
68     2.33718e-05     1.558e-05             3.46944e-05           3.24074e-05           1.08054e-05           0.877658              
69     0.00826374      0.0248153             0.00665396            0.00150219            8.34861e-05           0.367095              
70     0.0168882       0.0457888             0.01613               0.00507335            0.000560523           0.415177              
71     1.71276e-05     1.66529e-05           2.68681e-05           1.96923e-05           5.29728e-06           0.76795               
72     0.0150932       0.03479               0.0171053             0.00733591            0.00114162            0.488158              
73     0.000635706     0.000657518           0.000873377           0.000725297           0.00028663            0.812817              
74     0.00582494      0.0191137             0.00354983            0.0006075             2.87358e-05           0.331284              
75     0.0168882       0.0457888             0.01613               0.00507335            0.000560523           0.415177              
76     0.00582494      0.0191137             0.00354983            0.0006075             2.87358e-05           0.331284              
77     0.00111003      0.00224111            0.00152974            0.0006082             6.10683e-05           0.513554              
78     0.00355905      0.0118608             0.00209216            0.000278308           4.93954e-06           0.322442              
79     0.000168782     0.000141553           0.000270029           0.000212209           5.13344e-05           0.790158              
80     1.32876e-06     9.22837e-07           2.09468e-06           1.85296e-06           4.44574e-07           0.829542              
81     1.32649e-07     9.25101e-08           1.92806e-07           1.74667e-07           7.06127e-08           0.892575              
82     0.0110827       0.0313467             0.0100363             0.00274123            0.000206506           0.393342              
83     0.000747038     0.00169546            0.000959307           0.00031059            2.28003e-05           0.467197              
84     0.000390608     0.000598203           0.000595653           0.000321774           4.68032e-05           0.612051              
85     7.19852e-07     1.69662e-07           8.27717e-07           1.19603e-06           6.85996e-07           1.12574               
86     0.000136817     0.000320577           0.000171812           5.172e-05             3.16059e-06           0.453625              
87     0.00582494      0.0191137             0.00354983            0.0006075             2.87358e-05           0.331284              
88     0.000274745     0.000250903           0.000367892           0.000333141           0.000147041           0.862427              
89     0.00826374      0.0248153             0.00665396            0.00150219            8.34861e-05           0.367095              
90     0.0089813       0.0250919             0.00829732            0.002348              0.000187989           0.398892              
91     0.00153055      0.00253009            0.00218498            0.00117302            0.000234114           0.606678              
92     1.66636e-09     1.36316e-10           9.55521e-10           2.14678e-09           3.42682e-09           1.49967               
93     2.41885e-06     1.4141e-06            3.41337e-06           3.47979e-06           1.36815e-06           0.928443              
94     1.09332e-05     2.23802e-05           1.45589e-05           5.8638e-06            9.29987e-07           0.520644              
95     1.29939e-08     5.66183e-10           7.30663e-09           1.98737e-08           2.42291e-08           1.46011               
96     2.06806e-05     6.33554e-06           2.09818e-05           3.0554e-05            2.48511e-05           1.18935               
97     0.0122163       0.0333484             0.0116536             0.00353039            0.000332993           0.410069              
98     4.89059e-09     3.05014e-10           3.37912e-09           7.86233e-09           8.01589e-09           1.38502               
99     0.000142551     0.000219486           0.000202963           0.000117774           2.99811e-05           0.644475              
100    7.30247e-07     2.74254e-07           7.89328e-07           1.03856e-06           8.18842e-07           1.14772               
101    1.82931e-07     6.11848e-09           6.53098e-08           2.02401e-07           4.57894e-07           1.64634               
102    2.63121e-05     1.31554e-05           3.38329e-05           3.81389e-05           2.0121e-05            1.00974               
103    5.43578e-06     2.63601e-06           6.9337e-06            7.85923e-06           4.31419e-06           1.02124               
104    6.93321e-07     1.57911e-07           7.37635e-07           1.0876e-06            7.90135e-07           1.18406               
105    2.57646e-08     6.67076e-10           1.18046e-08           3.74733e-08           5.31135e-08           1.52499               
106    7.18005e-06     2.83725e-06           9.44399e-06           1.13421e-05           5.09686e-06           1.01376               
107    5.12669e-07     9.65792e-08           5.04092e-07           8.07072e-07           6.42932e-07           1.22988               
108    1.0988e-09      1.21526e-11           2.03153e-10           8.23596e-10           3.35629e-09           1.80935               
109    6.05486e-07     5.83901e-08           4.09936e-07           8.78605e-07           1.07501e-06           1.41418               
110    8.42521e-06     7.13582e-06           1.30001e-05           1.02472e-05           3.31777e-06           0.817454              
111    2.39347e-10     7.6029e-12            8.60465e-11           2.70451e-10           5.93287e-10           1.64025               
112    5.00099e-08     8.3811e-09            4.97218e-08           8.36791e-08           5.82576e-08           1.21031               
113    2.2692e-10      3.64788e-13           1.71214e-11           1.23786e-10           7.66409e-10           1.90504               
114    1.20505e-05     5.73427e-06           1.68992e-05           1.84337e-05           7.13467e-06           0.958049              
115    2.15656e-10     6.07873e-12           1.06316e-10           3.20707e-10           4.29522e-10           1.50302               
116    5.22171e-05     7.59614e-05           7.53882e-05           4.61595e-05           1.13594e-05           0.661239              
117    2.71777e-07     8.9859e-09            1.25186e-07           3.70128e-07           5.82809e-07           1.54424               
118    5.63541e-10     1.92158e-12           7.33936e-11           4.25839e-10           1.75301e-09           1.83116               
119    5.36004e-06     1.04188e-06           4.07301e-06           7.39401e-06           8.93127e-06           1.35764               
120    2.59426e-11     1.24253e-13           4.11751e-12           2.1095e-11            7.84335e-11           1.80564               
121    1.64872e-05     8.04513e-06           2.18886e-05           2.49372e-05           1.1078e-05            0.984077              
122    2.28582e-06     3.21061e-07           2.01213e-06           3.68673e-06           3.12336e-06           1.27936               
123    2.55844e-07     3.05304e-07           4.35574e-07           2.45865e-07           3.66323e-08           0.666527              
124    2.48411e-05     3.00236e-05           4.24342e-05           2.37646e-05           3.14186e-06           0.658581              
125    6.23822e-10     4.53609e-13           3.36187e-11           3.05243e-10           2.15597e-09           1.92749               
126    1.05189e-09     1.31994e-10           8.36081e-10           1.60968e-09           1.62979e-09           1.33811               
127    1.26418e-07     1.47705e-07           2.14645e-07           1.23904e-07           1.94162e-08           0.674699              
128    1.43625e-10     1.11262e-12           3.06035e-11           1.32519e-10           4.10265e-10           1.75683               
129    3.19096e-10     6.30666e-12           1.09628e-10           3.80068e-10           7.80381e-10           1.63605               
130    8.31653e-07     6.57524e-07           1.2191e-06            1.04453e-06           4.05456e-07           0.861067              
131    3.47264e-09     1.4745e-10            1.84252e-09           4.91214e-09           6.98847e-09           1.50122               
132    2.48223e-10     5.46798e-12           8.27438e-11           2.79337e-10           6.25342e-10           1.65535               
133    2.80604e-12     1.58907e-15           1.41999e-13           1.3408e-12            9.73977e-12           1.93166               
134    8.9019e-10      5.69628e-12           1.78151e-10           8.3752e-10            2.53939e-09           1.75756               
135    2.78669e-12     4.74095e-16           5.42307e-14           7.06903e-13           1.03852e-11           1.99985               
136    3.52303e-08     1.75597e-09           1.50698e-08           4.10518e-08           8.30436e-08           1.59829               
137    5.44754e-10     1.02547e-12           4.60749e-11           3.20046e-10           1.81187e-09           1.89097               
138    1.18633e-06     1.06569e-07           5.30639e-07           1.2535e-06            2.85459e-06           1.60047               
139    2.54699e-05     7.84766e-06           2.43883e-05           3.52832e-05           3.43606e-05           1.23258               
140    0.000699584     0.00011902            0.000369811           0.000733291           0.00157621            1.53653               
141    0.00706166      0.00497743            0.00784899            0.00839037            0.00702983            1.04607               
142    0.00142069      0.000464079           0.00102349            0.00158964            0.00260555            1.37773               
143    0.000126699     1.97301e-05           6.63391e-05           0.00013447            0.000286256           1.54158               
144    0.00228251      0.000845368           0.00184789            0.00271804            0.00371875            1.30725               
145    0.00196335      0.000888049           0.00174381            0.00235192            0.00286961            1.23962               
146    0.00148563      0.000421618           0.00111054            0.00181018            0.00260018            1.36219               
147    0.00836848      0.00531476            0.00904846            0.0102928             0.00881788            1.07821               
148    0.057337        0.057337              0.057337              0.057337              0.057337              1                     
149    0.055941        0.055941              0.055941              0.055941              0.055941              1                     
150    0.012937        0.012937              0.012937              0.012937              0.012937              1                     
151    0.042302        0.042302              0.042302              0.042302              0.042302              1                     
152    0.012937        0.012937              0.012937              0.012937              0.012937              1                     
153    0.00211273      0.000921829           0.00186704            0.00254483            0.00311723            1.24685               
154    0.0285256       0.0388605             0.0325173             0.0262785             0.0164459             0.804311              
155    0.069147        0.069147              0.069147              0.069147              0.069147              1                     
156    1               1                     1                     1                     1                     1                     
157    0.069147        0.069147              0.069147              0.069147              0.069147              1                     
Note : P(D|M) is the probability of site D given the model M (i.e., the site likelihood)
P(D|M,rr[x]) is the probability of site D given the model M and the relative rate
of evolution rr[x], where x is the class of rate to be considered.
We have P(D|M) = \sum_x P(x) x P(D|M,rr[x]).


Site   P(D|M)          P(D|M,rr[1]=0.2460)   P(D|M,rr[2]=0.6101)   P(D|M,rr[3]=1.0576)   P(D|M,rr[4]=2.0862)   Posterior mean        
1      0.022951        0.022951              0.022951              0.022951              0.022951              1                     
2      0.00107237      0.000520657           0.000961813           0.0012541             0.00155292            1.23116               
3      0.024168        0.04044               0.0279973             0.0188377             0.00939683            0.688488              
4      0.00444822      0.00221569            0.00417217            0.00535886            0.00604616            1.20116               
5      0.071586        0.071586              0.071586              0.071586              0.071586              1                     
6      4.99985e-05     0.000101609           6.94211e-05           2.66293e-05           2.33509e-06           0.501948              
7      7.88158e-07     1.78262e-07           9.01807e-07           1.30843e-06           7.64129e-07           1.13305               
8      3.34393e-06     1.69599e-06           4.38825e-06           4.84854e-06           2.44293e-06           0.995771              
9      4.80705e-09     1.62242e-09           6.67988e-09           7.71551e-09           3.21037e-09           1.00543               
10     3.11938e-07     5.80048e-08           2.58987e-07           4.53491e-07           4.77267e-07           1.32046               
11     4.91352e-07     4.42744e-07           8.16436e-07           5.86383e-07           1.19844e-07           0.751625              
12     0.000182362     0.000312069           0.000264008           0.000132065           2.13034e-05           0.578477              
13     0.00831982      0.0251301             0.00662532            0.00144839            7.5435e-05            0.357981              
14     1.14413e-06     2.88254e-07           1.38294e-06           1.90093e-06           1.00438e-06           1.09703               
15     0.000379008     0.000938788           0.000455361           0.000117018           4.86674e-06           0.423922              
16     2.79799e-08     5.61858e-10           9.1661e-09            3.21615e-08           7.00299e-08           1.66053               
17     0.0111328       0.0316899             0.00999878            0.00265466            0.000188063           0.383909              
18     5.59593e-06     1.15289e-06           5.89967e-06           9.10029e-06           6.23087e-06           1.18421               
19     6.62206e-06     3.13463e-06           9.07404e-06           1.01008e-05           4.17872e-06           0.970555              
20     0.000163987     0.000288454           0.000236484           0.000113782           1.72272e-05           0.566393              
21     4.48555e-06     1.54559e-06           5.27135e-06           7.07188e-06           4.05338e-06           1.08862               
22     0.000219172     0.000524616           0.000272788           7.56946e-05           3.59127e-06           0.436914              
23     5.2746e-06      5.51859e-06           8.98175e-06           5.6953e-06            9.02765e-07           0.698846              
24     0.0169455       0.0462533             0.0160758             0.0049335             0.000519233           0.405527              
25     0.000379008     0.000938788           0.000455361           0.000117018           4.86674e-06           0.423922              
26     0.00831982      0.0251301             0.00662532            0.00144839            7.5435e-05            0.357981              
27     1.86638e-08     6.61164e-10           9.28637e-09           2.66189e-08           3.80888e-08           1.51957               
28     5.26201e-09     6.9895e-11            1.45886e-09           5.90388e-09           1.36154e-08           1.6893                
29     1.92392e-08     2.37505e-10           5.10402e-09           2.12637e-08           5.03517e-08           1.69845               
30     0.000853594     0.00164515            0.00119362            0.000510614           6.49911e-05           0.5297                
31     1.18794e-07     1.34346e-08           9.19754e-08           1.85644e-07           1.84124e-07           1.34664               
32     1.20742e-06     4.12803e-07           1.50345e-06           2.01139e-06           9.02018e-07           1.04107               
33     6.65917e-07     1.96923e-07           8.64448e-07           1.08479e-06           5.17505e-07           1.05224               
34     1.16177e-06     3.5488e-07            1.53972e-06           1.90152e-06           8.50961e-07           1.03574               
35     6.34318e-05     0.000114065           9.08836e-05           4.26446e-05           6.13378e-06           0.557328              
36     1.04509e-06     1.32703e-06           1.80209e-06           9.36799e-07           1.14447e-07           0.635235              
37     3.87978e-09     2.58821e-10           2.16151e-09           5.30573e-09           7.79305e-09           1.49829               
38     1.20932e-05     9.28463e-06           1.86686e-05           1.55825e-05           4.83702e-06           0.831999              
39     1.05264e-05     1.7471e-05            1.52732e-05           7.94867e-06           1.41263e-06           0.593041              
40     6.1713e-09      2.91243e-10           3.78015e-09           9.67332e-09           1.09405e-08           1.43541               
41     8.20352e-07     1.0898e-06            1.42504e-06           6.98063e-07           6.85042e-08           0.615211              
42     0.000385085     0.000638707           0.000549756           0.000291761           6.01179e-05           0.601515              
43     1.22488e-07     1.34815e-07           2.0854e-07            1.26208e-07           2.03875e-08           0.686634              
44     1.11573e-06     1.63377e-06           1.6329e-06            9.74419e-07           2.2181e-07            0.6479                
45     0.000331035     0.000810346           0.000401767           0.000107101           4.9277e-06            0.428975              
46     8.60593e-09     2.24862e-09           1.05573e-08           1.4259e-08            7.35881e-09           1.08726               
47     2.78798e-09     4.15629e-11           7.95832e-10           3.12738e-09           7.18716e-09           1.68559               
48     7.82795e-05     0.000187701           9.27152e-05           2.94923e-05           3.20922e-06           0.449124              
49     4.65841e-09     1.13823e-10           1.85767e-09           6.02327e-09           1.06389e-08           1.59535               
50     0.071586        0.071586              0.071586              0.071586              0.071586              1                     
51     0.055941        0.055941              0.055941              0.055941              0.055941              1                     
52     0.022951        0.022951              0.022951              0.022951              0.022951              1                     
53     0.053052        0.053052              0.053052              0.053052              0.053052              1                     
54     0.053052        0.053052              0.053052              0.053052              0.053052              1                     
55     0.061197        0.061197              0.061197              0.061197              0.061197              1                     
56     6.36665e-05     4.41545e-05           9.61087e-05           8.65309e-05           2.7872e-05            0.860604              
57     0.0111328       0.0316899             0.00999878            0.00265466            0.000188063           0.383909              
58     0.0169455       0.0462533             0.0160758             0.0049335             0.000519233           0.405527              
59     3.85744e-07     1.11967e-07           5.07966e-07           6.45668e-07           2.77376e-07           1.03632               
60     0.000155078     0.000254598           0.00022149            0.000119027           2.51977e-05           0.606506              
61     0.000875463     0.00156415            0.00125225            0.000594474           9.09733e-05           0.561799              
62     4.0803e-05      2.69599e-05           6.1146e-05            5.66968e-05           1.84094e-05           0.871934              
63     5.41928e-10     4.38532e-12           1.34062e-10           5.91892e-10           1.43737e-09           1.71037               
64     3.29639e-05     6.86483e-05           4.42368e-05           1.71569e-05           1.81372e-06           0.499082              
65     0.000331035     0.000810346           0.000401767           0.000107101           4.9277e-06            0.428975              
66     8.2503e-08      2.39722e-08           1.02642e-07           1.33152e-07           7.02455e-08           1.07844               
67     0.000886121     0.00223074            0.00101001            0.0002831             2.06275e-05           0.425291              
68     2.38129e-05     1.58921e-05           3.58634e-05           3.30568e-05           1.04394e-05           0.866461              
69     0.00831982      0.0251301             0.00662532            0.00144839            7.5435e-05            0.357981              
70     0.0169455       0.0462533             0.0160758             0.0049335             0.000519233           0.405527              
71     1.68407e-05     1.62411e-05           2.66718e-05           1.94205e-05           5.02951e-06           0.761563              
72     0.0150814       0.0350227             0.0170645             0.00717869            0.00105979            0.477911              
73     0.000630005     0.000652395           0.000873415           0.000719785           0.000274427           0.804427              
74     0.00589391      0.0194342             0.00353182            0.000583581           2.60553e-05           0.322667              
75     0.0169455       0.0462533             0.0160758             0.0049335             0.000519233           0.405527              
76     0.00589391      0.0194342             0.00353182            0.000583581           2.60553e-05           0.322667              
77     0.00110476      0.00223946            0.001529              0.000594517           5.60452e-05           0.504521              
78     0.00360149      0.0120571             0.00208004            0.000264586           4.28838e-06           0.314023              
79     0.000165877     0.000138399           0.000268527           0.000208666           4.7918e-05            0.781516              
80     1.32246e-06     9.23982e-07           2.11529e-06           1.83762e-06           4.12959e-07           0.817218              
81     1.44251e-07     1.00838e-07           2.12484e-07           1.89738e-07           7.39434e-08           0.882813              
82     0.0111328       0.0316899             0.00999878            0.00265466            0.000188063           0.383909              
83     0.000747262     0.0017036             0.000961557           0.000303044           2.08486e-05           0.458258              
84     0.00039665      0.000613179           0.000608559           0.000321237           4.36265e-05           0.600596              
85     7.14361e-07     1.66158e-07           8.32408e-07           1.19719e-06           6.6169e-07            1.11827               
86     0.000136976     0.000322296           0.000172283           5.04448e-05           2.87926e-06           0.444891              
87     0.00589391      0.0194342             0.00353182            0.000583581           2.60553e-05           0.322667              
88     0.000272345     0.000248676           0.000368038           0.000331326           0.000141341           0.85463               
89     0.00831982      0.0251301             0.00662532            0.00144839            7.5435e-05            0.357981              
90     0.00901103      0.0253455             0.00825678            0.00227099            0.000170821           0.389266              
91     0.00152653      0.00253235            0.00219334            0.00115921            0.000221221           0.59755               
92     1.52486e-09     1.07922e-10           8.08522e-10           1.91404e-09           3.26897e-09           1.53523               
93     2.37221e-06     1.37677e-06           3.38847e-06           3.43209e-06           1.2915e-06            0.920068              
94     1.07405e-05     2.21059e-05           1.43376e-05           5.65457e-06           8.63729e-07           0.511341              
95     1.28379e-08     4.87834e-10           6.97925e-09           1.9824e-08            2.40604e-08           1.47105               
96     2.09195e-05     6.31373e-06           2.14013e-05           3.1203e-05            2.47601e-05           1.1863                
97     0.0122486       0.0336691             0.0115995             0.00342106            0.000304848           0.400326              
98     4.83818e-09     2.91188e-10           3.37377e-09           7.88806e-09           7.79969e-09           1.38197               
99     0.000151445     0.000235259           0.000217155           0.000123444           2.99228e-05           0.63282               
100    7.21962e-07     2.6824e-07            7.87104e-07           1.03402e-06           7.98481e-07           1.14468               
101    1.86572e-07     5.9134e-09            6.60974e-08           2.07873e-07           4.66405e-07           1.65441               
102    2.58605e-05     1.27601e-05           3.35454e-05           3.77637e-05           1.93727e-05           1.00503               
103    5.3508e-06      2.5578e-06            6.88293e-06           7.79189e-06           4.17057e-06           1.01716               
104    6.96072e-07     1.56404e-07           7.51254e-07           1.1027e-06            7.73933e-07           1.17721               
105    2.48529e-08     6.20915e-10           1.15212e-08           3.68048e-08           5.04649e-08           1.52286               
106    7.1534e-06      2.81796e-06           9.5409e-06            1.13698e-05           4.88495e-06           1.00409               
107    4.87409e-07     8.7405e-08            4.75338e-07           7.70834e-07           6.16059e-07           1.23717               
108    7.85857e-10     2.44865e-12           6.72105e-11           4.12273e-10           2.6615e-09            1.91834               
109    6.10061e-07     5.71927e-08           4.1586e-07            8.95707e-07           1.07148e-06           1.414                 
110    8.78618e-06     7.45099e-06           1.37521e-05           1.06674e-05           3.27419e-06           0.806281              
111    2.73676e-10     7.99636e-12           9.62621e-11           3.10048e-10           6.80396e-10           1.65167               
112    4.95993e-08     8.12649e-09           4.98851e-08           8.39713e-08           5.64143e-08           1.20435               
113    2.42032e-10     3.55193e-13           1.78178e-11           1.31996e-10           8.17959e-10           1.91816               
114    1.19814e-05     5.7088e-06            1.7048e-05            1.839e-05             6.77894e-06           0.947262              
115    2.25222e-10     6.06785e-12           1.11696e-10           3.39564e-10           4.43562e-10           1.50313               
116    5.06417e-05     7.41679e-05           7.36429e-05           4.43255e-05           1.04306e-05           0.650737              
117    2.77349e-07     8.8653e-09            1.29163e-07           3.84051e-07           5.87315e-07           1.54359               
118    6.30907e-10     1.9649e-12            8.02889e-11           4.77236e-10           1.96414e-09           1.84333               
119    5.34249e-06     1.03441e-06           4.11425e-06           7.45785e-06           8.76344e-06           1.354                 
120    2.78614e-11     1.22018e-13           4.31689e-12           2.2606e-11            8.44006e-11           1.8184                
121    1.65048e-05     8.08928e-06           2.22479e-05           2.50667e-05           1.06154e-05           0.972773              
122    2.27948e-06     3.11626e-07           2.02309e-06           3.71986e-06           3.06337e-06           1.27618               
123    2.45107e-07     2.93134e-07           4.21841e-07           2.32638e-07           3.28152e-08           0.656851              
124    2.42506e-05     2.92609e-05           4.18622e-05           2.30101e-05           2.86913e-06           0.650103              
125    5.62926e-10     2.74755e-13           2.66668e-11           2.64407e-10           1.96035e-09           1.94775               
126    1.12684e-09     1.37284e-10           9.01097e-10           1.74322e-09           1.72576e-09           1.33728               
127    1.21071e-07     1.41778e-07           2.07838e-07           1.17255e-07           1.7414e-08            0.664956              
128    1.47481e-10     1.06548e-12           3.11481e-11           1.36976e-10           4.20734e-10           1.76614               
129    3.08597e-10     5.76498e-12           1.05315e-10           3.6995e-10            7.5336e-10            1.64343               
130    8.39118e-07     6.63661e-07           1.24577e-06           1.05414e-06           3.92899e-07           0.851466              
131    3.35679e-09     1.35991e-10           1.78098e-09           4.79007e-09           6.72012e-09           1.50486               
132    2.73497e-10     5.68279e-12           9.06164e-11           3.1068e-10            6.8701e-10            1.6623                
133    3.12365e-12     1.55034e-15           1.50913e-13           1.47737e-12           1.08647e-11           1.94656               
134    9.42098e-10     5.53165e-12           1.85345e-10           8.91005e-10           2.68651e-09           1.76773               
135    2.69895e-12     4.03006e-16           4.99922e-14           6.74135e-13           1.00713e-11           2.01511               
136    3.57928e-08     1.68027e-09           1.50868e-08           4.18252e-08           8.45787e-08           1.60861               
137    5.51699e-10     9.27806e-13           4.48115e-11           3.21037e-10           1.84002e-09           1.90586               
138    1.24084e-06     1.05914e-07           5.44653e-07           1.30742e-06           3.00539e-06           1.61404               
139    2.50554e-05     7.53489e-06           2.40061e-05           3.49099e-05           3.37707e-05           1.23602               
140    0.000699474     0.00011516            0.000364531           0.000731093           0.00158711            1.5494                
141    0.00702786      0.00488703            0.00782285            0.00839155            0.00701001            1.0485                
142    0.00141772      0.000452784           0.00101386            0.00158661            0.00261764            1.38762               
143    0.000126653     1.9039e-05            6.53443e-05           0.000134062           0.000288167           1.5545                
144    0.0022741       0.000824534           0.00183151            0.00271394            0.00372641            1.31534               
145    0.00195526      0.000868248           0.00173122            0.00234934            0.00287224            1.24622               
146    0.00147977      0.000409185           0.00109807            0.00180677            0.00260504            1.37121               
147    0.00832394      0.00520985            0.0090072             0.0102916             0.00878713            1.08104               
148    0.057337        0.057337              0.057337              0.057337              0.057337              1                     
149    0.055941        0.055941              0.055941              0.055941              0.055941              1                     
150    0.012937        0.012937              0.012937              0.012937              0.012937              1                     
151    0.042302        0.042302              0.042302              0.042302              0.042302              1                     
152    0.012937        0.012937              0.012937              0.012937              0.012937              1                     
153    0.00210397      0.00090046            0.00185295            0.00254199            0.00312048            1.25366               
154    0.028567        0.0389882             0.032626              0.0263108             0.0163428             0.800044              
155    0.069147        0.069147              0.069147              0.069147              0.069147              1                     
156    1               1                     1                     1                     1                     1                     
157    0.069147        0.069147              0.069147              0.069147              0.069147              1                     
