Note : P(D|M) is the probability of site D given the model M (i.e., the site likelihood)
P(D|M,rr[x]) is the probability of site D given the model M and the relative rate
of evolution rr[x], where x is the class of rate to be considered.
We have P(D|M) = \sum_x P(x) x P(D|M,rr[x]).


Site   P(D|M)          P(D|M,rr[1]=0.0256)   P(D|M,rr[2]=0.2222)   P(D|M,rr[3]=0.7854)   P(D|M,rr[4]=2.9668)   Posterior mean        
1      0.00255887      0.0102117             2.38147e-05           1.8269e-11            9.80537e-20           0.026016              
2      0.0124905       0.0439949             0.00593941            2.76743e-05           1.50377e-11           0.0493616             
3      4.78503e-06     1.44755e-05           4.66244e-06           2.24818e-09           2.10826e-18           0.0735606             
4      0.0124905       0.0439949             0.00593941            2.76743e-05           1.50377e-11           0.0493616             
5      0.00019843      0.000403582           0.000386044           4.09414e-06           8.43425e-12           0.125143              
6      7.25318e-06     2.76902e-05           1.32235e-06           1.31447e-10           1.60262e-15           0.0345266             
7      0.00910319      0.0352241             0.00118828            3.85305e-07           7.85339e-14           0.0319851             
8      9.44933e-06     1.78822e-05           1.99066e-05           8.5351e-09            6.82514e-15           0.129321              
9      0.00874566      0.0337566             0.00122556            4.54992e-07           9.03985e-14           0.032459              
10     3.18292e-05     0.000111396           1.59153e-05           5.53843e-09           4.40815e-14           0.0501788             
11     2.26121e-05     3.40897e-05           5.62401e-05           1.18611e-07           1.44122e-12           0.148856              
12     0.0119736       0.0460558             0.00183751            9.90773e-07           1.04163e-12           0.0331203             
13     0.0105175       0.0353726             0.00663409            6.34744e-05           4.39381e-11           0.0577213             
14     1.21598e-07     1.10842e-07           3.72473e-07           3.07764e-09           1.64084e-14           0.18099               
15     8.91206e-08     3.98502e-08           3.0816e-07            8.4726e-09            7.92966e-15           0.213648              
16     2.49273e-10     6.98036e-13           6.0804e-10            3.8832e-10            3.43895e-14           0.441543              
17     0.0119736       0.0460558             0.00183751            9.90773e-07           1.04163e-12           0.0331203             
18     0.00727821      0.0289818             0.000131079           1.58446e-09           2.08866e-15           0.026444              
19     0.00279321      0.00955833            0.00160394            1.05589e-05           5.42884e-13           0.0545129             
20     0.00703438      0.0279007             0.000236833           3.92928e-09           3.96158e-16           0.027214              
21     3.51231e-05     4.41694e-05           9.61295e-05           1.93371e-07           1.11665e-13           0.161187              
22     0.0119736       0.0460558             0.00183751            9.90773e-07           1.04163e-12           0.0331203             
23     2.55306e-05     9.38162e-05           8.30516e-06           9.2732e-10            5.51987e-16           0.0415613             
24     0.0119736       0.0460558             0.00183751            9.90773e-07           1.04163e-12           0.0331203             
25     0.00727821      0.0289818             0.000131079           1.58446e-09           2.08866e-15           0.026444              
26     0.00703438      0.0279007             0.000236833           3.92928e-09           3.96158e-16           0.027214              
27     0.00279321      0.00955833            0.00160394            1.05589e-05           5.42884e-13           0.0545129             
28     0.000174339     0.000525818           0.000171187           3.52608e-07           3.32081e-12           0.0742263             
29     0.00703438      0.0279007             0.000236833           3.92928e-09           3.96158e-16           0.027214              
30     6.17787e-08     1.53382e-07           9.36982e-08           3.4192e-11            1.31258e-16           0.100243              
31     0.00703438      0.0279007             0.000236833           3.92928e-09           3.96158e-16           0.027214              
32     7.86591e-05     0.000231202           8.32905e-05           1.44094e-07           1.02794e-13           0.0779744             
33     1.30864e-12     2.50145e-16           3.66412e-12           1.56899e-12           1.20026e-15           0.391679              
34     1.22108e-08     2.27021e-10           4.67864e-08           1.82992e-09           1.94534e-14           0.242437              
35     0.062157        0.062157              0.062157              0.062157              0.062157              1                     
36     4.95337e-10     2.04597e-11           1.68227e-09           2.78432e-10           1.83499e-13           0.299616              
37     0.000109294     0.000160174           0.000267051           9.9508e-06            5.54351e-11           0.163005              
38     1.60974e-10     2.29903e-13           2.04891e-10           4.34697e-10           4.07893e-12           0.619778              
39     1.16835e-11     1.4717e-13            4.17689e-11           4.81443e-12           3.44057e-15           0.279851              
40     7.14226e-12     6.61511e-15           1.70202e-11           1.1409e-11            1.33256e-13           0.459914              
41     7.12546e-11     1.42382e-13           1.11804e-10           1.70696e-10           2.37628e-12           0.582326              
42     4.88909e-06     6.67533e-08           3.52135e-06           1.36817e-05           2.28652e-06           0.936476              
43     5.93482e-08     5.82478e-11           1.69206e-08           1.10766e-07           1.09648e-07           1.75263               
44     5.84369e-08     2.99632e-11           1.0802e-08            7.77079e-08           1.45208e-07           2.11438               
45     0.000132104     3.87144e-07           2.46939e-05           0.000173251           0.000330083           2.12116               
46     0.00184082      0.000158775           0.0011442             0.00258243            0.00347788            1.71183               
47     0.00570396      0.000917634           0.00605801            0.0102976             0.00554266            1.13525               
48     0.000843252     0.000103011           0.000720304           0.00140849            0.0011412             1.37998               
49     0.057337        0.057337              0.057337              0.057337              0.057337              1                     
50     0.057337        0.057337              0.057337              0.057337              0.057337              1                     
51     0.099081        0.099081              0.099081              0.099081              0.099081              1                     
52     0.061197        0.061197              0.061197              0.061197              0.061197              1                     
53     0.099081        0.099081              0.099081              0.099081              0.099081              1                     
54     0.00215823      0.000111682           0.000954762           0.00286347            0.004703              1.90165               
55     0.000291188     4.63611e-05           0.000316637           0.000558114           0.000243639           1.05837               
56     0.000130365     3.65087e-07           2.37227e-05           0.000169067           0.000328304           2.13261               
57     0.00165979      0.000609406           0.00300396            0.00251262            0.000513188           0.629479              
58     0.00212734      0.000258726           0.00179676            0.00352988            0.002924              1.39296               
59     0.0012609       4.91959e-05           0.000516802           0.00182435            0.00265327            1.86783               
60     0.00135977      9.55924e-05           0.00069623            0.00163728            0.00300999            1.90713               
61     0.00293393      0.00012864            0.00109472            0.00347285            0.00703953            2.03301               
62     0.00254477      0.000247777           0.00178395            0.00391216            0.00423519            1.57582               
63     0.000241236     7.20362e-06           6.37726e-05           0.000224433           0.000669536           2.25607               
64     0.0358388       0.056148              0.0478935             0.031047              0.00826654            0.425445              
65     0.00765986      0.0118457             0.0102847             0.00689738            0.0016116             0.417346              
66     0.00142003      2.14138e-05           0.000233938           0.00110012            0.00432465            2.42015               
67     0.00356848      0.000379758           0.00270785            0.00569913            0.00548719            1.49692               
68     0.00507767      0.000909228           0.00560615            0.0083851             0.0054102             1.17701               
69     0.057337        0.057337              0.057337              0.057337              0.057337              1                     
70     0.069147        0.069147              0.069147              0.069147              0.069147              1                     
71     0.000721499     5.54962e-05           0.000424809           0.00103171            0.00137399            1.72642               
72     0.00169207      0.000119751           0.000896296           0.00224455            0.00350766            1.82788               
73     0.0286555       0.0432832             0.0379081             0.0261438             0.00728668            0.450905              
74     0.0286555       0.0432832             0.0379081             0.0261438             0.00728668            0.450905              
75     0.040767        0.040767              0.040767              0.040767              0.040767              1                     
76     0.0646          0.0646                0.0646                0.0646                0.0646                1                     
77     0.04404         0.04404               0.04404               0.04404               0.04404               1                     
78     0.040767        0.040767              0.040767              0.040767              0.040767              1                     
79     0.061197        0.061197              0.061197              0.061197              0.061197              1                     
80     0.012066        0.012066              0.012066              0.012066              0.012066              1                     
81     0.057337        0.057337              0.057337              0.057337              0.057337              1                     
82     0.012066        0.012066              0.012066              0.012066              0.012066              1                     
83     0.071586        0.071586              0.071586              0.071586              0.071586              1                     
84     0.057337        0.057337              0.057337              0.057337              0.057337              1                     
85     0.057337        0.057337              0.057337              0.057337              0.057337              1                     
86     9.44697e-07     2.46372e-07           3.02175e-06           5.03643e-07           7.02428e-09           0.289591              
87     6.50931e-08     5.5699e-08            1.86174e-07           1.39759e-08           4.52362e-09           0.258086              
88     4.09776e-08     4.16368e-10           8.2809e-08            7.77957e-08           2.88947e-09           0.537435              
89     0.0116872       0.0369018             0.00960482            0.000242205           2.13835e-08           0.069908              
90     0.079066        0.079066              0.079066              0.079066              0.079066              1                     
91     0.071586        0.071586              0.071586              0.071586              0.071586              1                     
92     0.0646          0.0646                0.0646                0.0646                0.0646                1                     
93     0.055941        0.055941              0.055941              0.055941              0.055941              1                     
94     0.022355        0.022355              0.022355              0.022355              0.022355              1                     
95     0.069147        0.069147              0.069147              0.069147              0.069147              1                     
96     0.071586        0.071586              0.071586              0.071586              0.071586              1                     
97     0.053052        0.053052              0.053052              0.053052              0.053052              1                     
98     0.099081        0.099081              0.099081              0.099081              0.099081              1                     
99     0.012937        0.012937              0.012937              0.012937              0.012937              1                     
100    0.079066        0.079066              0.079066              0.079066              0.079066              1                     
101    0.099081        0.099081              0.099081              0.099081              0.099081              1                     
102    0.04404         0.04404               0.04404               0.04404               0.04404               1                     
103    0.061197        0.061197              0.061197              0.061197              0.061197              1                     
104    0.0646          0.0646                0.0646                0.0646                0.0646                1                     
105    0.022355        0.022355              0.022355              0.022355              0.022355              1                     
106    0.042302        0.042302              0.042302              0.042302              0.042302              1                     
107    0.055941        0.055941              0.055941              0.055941              0.055941              1                     
108    0.057337        0.057337              0.057337              0.057337              0.057337              1                     
109    7.53053e-09     9.06106e-14           8.53462e-10           8.81054e-09           2.0458e-08            2.25096               
110    1.15019e-07     3.38237e-10           8.02192e-08           2.44864e-07           1.34656e-07           1.32511               
111    1.94977e-10     1.28686e-14           1.2648e-10            5.49421e-10           1.03994e-10           0.984954              
112    1.0496e-16      7.54744e-29           1.9992e-21            4.3188e-18            4.15519e-16           2.9443                
113    3.18044e-09     2.82927e-11           5.36876e-09           7.31481e-09           9.89123e-12           0.547773              
114    4.31003e-15     1.10949e-23           8.39217e-18           2.14155e-15           1.50902e-14           2.69445               
115    6.31598e-14     4.63842e-19           4.15513e-14           1.90862e-13           2.02258e-14           0.867444              
116    0.0125711       0.0441409             0.00611274            3.06302e-05           3.27716e-11           0.0499317             
117    6.75397e-09     5.86894e-14           3.0091e-10            1.22714e-08           1.44435e-08           1.94536               
118    8.98478e-08     8.32922e-10           8.32644e-08           1.77584e-07           9.77104e-08           1.24625               
119    5.00399e-08     9.13893e-13           3.77945e-10           1.29987e-08           1.86782e-07           2.8199                
120    3.09639e-08     6.81796e-11           1.46941e-08           4.60301e-08           6.30634e-08           1.82886               
121    0.099081        0.099081              0.099081              0.099081              0.099081              1                     
122    0.099081        0.099081              0.099081              0.099081              0.099081              1                     
123    0.012066        0.012066              0.012066              0.012066              0.012066              1                     
124    0.04404         0.04404               0.04404               0.04404               0.04404               1                     
125    0.099081        0.099081              0.099081              0.099081              0.099081              1                     
126    0.040767        0.040767              0.040767              0.040767              0.040767              1                     
127    0.04404         0.04404               0.04404               0.04404               0.04404               1                     
128    0.012937        0.012937              0.012937              0.012937              0.012937              1                     
129    0.0017054       0.000295296           0.00179673            0.00238248            0.0023471             1.35473               
130    0.00258285      0.000589089           0.00278137            0.00353633            0.00342461            1.31355               
131    0.0019986       0.000595417           0.00231546            0.00258791            0.00249562            1.24667               
132    0.00176969      0.00110188            0.00276216            0.00178637            0.00142836            0.887545              
133    0.00161154      0.000123533           0.00126732            0.00252826            0.00252704            1.51528               
134    3.87997e-06     6.4371e-09            1.9444e-06            7.78715e-06           5.7819e-06            1.52721               
135    2.7077e-06      1.46224e-07           5.5893e-06            3.35032e-06           1.74497e-06           0.835978              
136    6.70949e-05     3.12176e-05           0.000174781           6.13666e-05           1.01439e-06           0.338521              
137    2.21091e-06     1.40598e-08           2.08948e-06           5.0809e-06            1.6592e-06            1.06042               
138    6.48552e-05     4.04376e-05           0.000172506           3.0492e-05            1.59846e-05           0.426894              
139    0.071586        0.071586              0.071586              0.071586              0.071586              1                     
140    0.053052        0.053052              0.053052              0.053052              0.053052              1                     
141    0.057337        0.057337              0.057337              0.057337              0.057337              1                     
142    0.069147        0.069147              0.069147              0.069147              0.069147              1                     
143    0.069147        0.069147              0.069147              0.069147              0.069147              1                     
144    0.053287        0.053287              0.053287              0.053287              0.053287              1                     
145    0.055941        0.055941              0.055941              0.055941              0.055941              1                     
146    9.2354e-08      9.51585e-11           2.34441e-08           1.70501e-07           1.75375e-07           1.78505               
147    6.29564e-07     2.88482e-10           2.5155e-07            1.47303e-06           7.93386e-07           1.41633               
148    9.95708e-05     1.04159e-05           0.000207385           0.00015439            2.60923e-05           0.615219              
149    5.94615e-06     2.09103e-09           1.18857e-06           9.10442e-06           1.34895e-05           1.99437               
150    0.00011038      0.000120768           0.000260957           5.67888e-05           3.00643e-06           0.259575              
151    2.45052e-06     8.76709e-10           1.87688e-07           1.83432e-06           7.7792e-06            2.50574               
152    8.66981e-06     3.71594e-09           1.23159e-06           1.16386e-05           2.18053e-05           2.1369                
153    3.66436e-05     3.74602e-05           9.94452e-05           9.66366e-06           5.2559e-09            0.209211              
154    1.24314e-07     1.62718e-12           5.79446e-09           1.63613e-07           3.27849e-07           2.21704               
155    1.78403e-08     1.41596e-12           1.69205e-09           1.95083e-08           5.01592e-08           2.3053                
156    2.13638e-09     4.42064e-14           9.37652e-11           1.21455e-09           7.23717e-09           2.6266                
157    8.72769e-11     9.70317e-14           3.30442e-11           1.38031e-10           1.77935e-10           1.8437                
158    8.2205e-08      1.38314e-11           3.66647e-08           2.40258e-07           5.18837e-08           1.0668                
159    2.06288e-10     5.8131e-15            5.88242e-11           7.17937e-10           4.83842e-11           0.873192              
160    7.54715e-11     1.92174e-12           2.94377e-10           5.58738e-12           3.00114e-17           0.231422              
161    2.46114e-14     8.82197e-28           7.28858e-20           9.09538e-16           9.75359e-14           2.9466                
162    7.889e-13       6.18094e-21           4.49849e-15           6.8202e-13            2.46908e-12           2.49139               
163    1.40448e-09     3.24343e-14           1.69612e-10           4.7565e-09            6.91792e-10           1.03704               
164    3.08362e-09     2.24659e-12           1.96535e-09           6.45369e-09           3.91319e-09           1.3876                
165    2.85682e-08     1.74811e-13           1.48028e-10           7.08098e-09           1.07044e-07           2.82802               
166    1.6673e-07      6.78736e-13           1.99647e-09           7.52583e-08           5.89664e-07           2.71238               
167    6.56677e-05     1.39697e-06           5.56112e-05           0.000125298           8.03648e-05           1.32954               
168    0.000981186     6.91167e-05           0.000588901           0.00145151            0.00181522            1.69642               
169    0.053287        0.053287              0.053287              0.053287              0.053287              1                     
170    0.053287        0.053287              0.053287              0.053287              0.053287              1                     
171    0.061197        0.061197              0.061197              0.061197              0.061197              1                     
172    0.0241501       0.0426734             0.0335704             0.0173874             0.00296914            0.321088              
173    0.00322245      0.000807648           0.00461836            0.00555087            0.00191291            0.859757              
174    0.00151901      0.000223462           0.00155011            0.00253399            0.00176846            1.24869               
175    0.000330619     2.22771e-06           8.27625e-05           0.000431665           0.00080582            2.07805               
176    0.00208456      0.000252581           0.00172717            0.00308525            0.00327326            1.50206               
177    0.0192965       0.0397973             0.0255389             0.00946537            0.00238455            0.274687              
178    0.00412851      0.00145875            0.00650204            0.00524887            0.00330437            0.933042              
179    0.00582852      0.00162069            0.00861722            0.00908783            0.00398834            0.897611              
180    0.00114935      4.62682e-05           0.000453513           0.00147254            0.00262509            1.96775               
181    0.099081        0.099081              0.099081              0.099081              0.099081              1                     
Note : P(D|M) is the probability of site D given the model M (i.e., the site likelihood)
P(D|M,rr[x]) is the probability of site D given the model M and the relative rate
of evolution rr[x], where x is the class of rate to be considered.
We have P(D|M) = \sum_x P(x) x P(D|M,rr[x]).


Site   P(D|M)          P(D|M,rr[1]=0.0095)   P(D|M,rr[2]=0.1385)   P(D|M,rr[3]=0.6621)   P(D|M,rr[4]=3.1900)   Posterior mean        
1      0.00326135      0.0130373             8.03968e-06           1.90421e-13           3.36067e-20           0.00955138            
2      0.0129346       0.047655              0.00408265            7.1087e-07            4.76542e-13           0.0196591             
3      7.07827e-08     3.65251e-08           2.46572e-07           3.35201e-11           9.50818e-20           0.121881              
4      0.0129346       0.047655              0.00408265            7.1087e-07            4.76542e-13           0.0196591             
5      2.1163e-05      5.16373e-06           7.92014e-05           2.86966e-07           7.92711e-13           0.132365              
6      3.80563e-05     0.000144888           7.3371e-06            6.87524e-11           1.3063e-15            0.0156892             
7      0.0102896       0.0404918             0.000666707           8.06986e-09           1.27342e-14           0.0115614             
8      1.68259e-09     6.06553e-13           6.64477e-09           8.49585e-11           4.65591e-15           0.145058              
9      0.00984436      0.0386828             0.000694648           9.79437e-09           1.23507e-14           0.0117475             
10     7.55425e-05     0.000270415           3.17535e-05           1.17861e-09           3.24233e-14           0.023029              
11     7.65921e-07     5.50013e-09           3.04779e-06           1.03938e-08           2.68331e-13           0.140004              
12     0.0134167       0.0526001             0.00106653            3.27001e-08           2.08991e-13           0.0120357             
13     0.0106508       0.0377918             0.00480959            1.94236e-06           3.45941e-13           0.0240632             
14     2.51134e-07     6.88183e-08           9.3444e-07            1.27742e-09           4.67531e-15           0.130288              
15     1.04706e-09     1.90688e-11           4.09669e-09           7.246e-11             2.91112e-16           0.14693               
16     3.67278e-12     4.92995e-21           2.84701e-13           1.44006e-11           5.84533e-15           0.652919              
17     0.0134167       0.0526001             0.00106653            3.27001e-08           2.08991e-13           0.0120357             
18     0.00908848      0.0362987             5.52113e-05           8.12151e-11           1.4265e-15            0.00966778            
19     0.00284752      0.0102548             0.00113502            2.07445e-07           2.04332e-16           0.0223373             
20     0.00850322      0.0339088             0.000104059           7.16256e-11           2.91928e-16           0.00986651            
21     9.45564e-07     5.0372e-09            3.77029e-06           6.93344e-09           2.61924e-14           0.139247              
22     0.0134167       0.0526001             0.00106653            3.27001e-08           2.08991e-13           0.0120357             
23     0.000125765     0.00046786            3.51989e-05           1.04452e-10           4.3367e-16            0.0184972             
24     0.0134167       0.0526001             0.00106653            3.27001e-08           2.08991e-13           0.0120357             
25     0.00908848      0.0362987             5.52113e-05           8.12151e-11           1.4265e-15            0.00966778            
26     0.00850322      0.0339088             0.000104059           7.16256e-11           2.91928e-16           0.00986651            
27     0.00284752      0.0102548             0.00113502            2.07445e-07           2.04332e-16           0.0223373             
28     7.77795e-06     6.26087e-06           2.48343e-05           1.6582e-08            7.78705e-13           0.112781              
29     0.00850322      0.0339088             0.000104059           7.16256e-11           2.91928e-16           0.00986651            
30     8.37851e-12     2.69557e-15           3.27599e-11           7.5134e-13            9.99149e-17           0.150196              
31     0.00850322      0.0339088             0.000104059           7.16256e-11           2.91928e-16           0.00986651            
32     0.000248012     0.000777447           0.000214588           1.13219e-08           1.66211e-14           0.0373802             
33     2.49297e-11     1.30386e-14           9.83758e-11           1.32898e-12           8.79439e-16           0.145447              
34     2.35367e-11     1.50455e-16           7.94978e-11           1.46465e-11           2.24822e-15           0.219988              
35     0.062157        0.062157              0.062157              0.062157              0.062157              1                     
36     2.83567e-13     1.39801e-22           2.02109e-15           1.10295e-12           2.92961e-14           0.726419              
37     4.56616e-05     6.10917e-05           0.000121235           3.19823e-07           8.75528e-13           0.0962318             
38     4.61329e-14     2.40013e-23           3.87073e-16           8.85173e-14           9.56274e-14           1.97099               
39     6.93422e-14     7.85375e-22           8.71635e-15           2.66717e-13           1.93539e-15           0.663245              
40     2.43618e-14     1.94745e-24           2.40065e-16           4.5294e-14            5.19132e-14           2.00749               
41     4.38029e-13     3.88218e-22           1.21919e-14           1.33294e-12           4.06987e-13           1.24562               
42     3.35893e-07     3.69277e-12           9.50623e-09           4.32953e-07           9.01108e-07           2.3538                
43     4.14999e-08     1.04648e-12           2.09595e-09           5.1306e-08            1.12597e-07           2.37014               
44     3.86863e-08     1.662e-13             3.0633e-10            1.26277e-08           1.41811e-07           2.97768               
45     0.000140132     1.25501e-07           2.32708e-05           0.000234846           0.000302285           2.00347               
46     0.00170858      6.40752e-05           0.000818316           0.00246233            0.00348958            1.88401               
47     0.00501941      0.000372724           0.00448197            0.0102144             0.00500855            1.16368               
48     0.000758544     4.16418e-05           0.000521896           0.00137317            0.00109747            1.47741               
49     0.057337        0.057337              0.057337              0.057337              0.057337              1                     
50     0.057337        0.057337              0.057337              0.057337              0.057337              1                     
51     0.099081        0.099081              0.099081              0.099081              0.099081              1                     
52     0.061197        0.061197              0.061197              0.061197              0.061197              1                     
53     0.099081        0.099081              0.099081              0.099081              0.099081              1                     
54     0.00201294      4.43645e-05           0.000644348           0.0026599             0.00470317            2.09318               
55     0.000177836     1.44715e-05           0.000172722           0.000352991           0.000171158           1.1299                
56     0.000133891     9.62653e-08           1.85796e-05           0.000212048           0.000304842           2.08268               
57     0.00167566      0.000440452           0.00354153            0.00234998            0.000370696           0.482328              
58     0.00190446      0.000104675           0.00130426            0.0034347             0.00277419            1.48405               
59     0.0011535       1.90619e-05           0.000328899           0.00168332            0.00258274            2.03708               
60     0.00131721      3.85432e-05           0.00049598            0.00154989            0.00318444            2.13586               
61     0.00280476      5.11863e-05           0.000737852           0.00319565            0.00723434            2.25474               
62     0.00230747      9.99763e-05           0.00127712            0.00375142            0.00410138            1.70586               
63     0.000243399     2.85623e-06           4.23884e-05           0.000203539           0.000724811           2.51933               
64     0.0368399       0.0568611             0.0508142             0.0328447             0.00683954            0.347026              
65     0.00782963      0.011978              0.0108436             0.00727401            0.00122297            0.329899              
66     0.00147819      8.30907e-06           0.000145398           0.000972902           0.00478615            2.69455               
67     0.0032171       0.000153317           0.00194649            0.00549796            0.00527065            1.61048               
68     0.00456408      0.000371472           0.00424952            0.00841107            0.00522426            1.25031               
69     0.057337        0.057337              0.057337              0.057337              0.057337              1                     
70     0.069147        0.069147              0.069147              0.069147              0.069147              1                     
71     0.000669106     2.22643e-05           0.000297905           0.000979452           0.0013768             1.89877               
72     0.0015816       4.819e-05             0.000631809           0.0021136             0.00353279            2.01646               
73     0.0292235       0.0437376             0.0398351             0.0274605             0.00586077            0.366197              
74     0.0292235       0.0437376             0.0398351             0.0274605             0.00586077            0.366197              
75     0.040767        0.040767              0.040767              0.040767              0.040767              1                     
76     0.0646          0.0646                0.0646                0.0646                0.0646                1                     
77     0.04404         0.04404               0.04404               0.04404               0.04404               1                     
78     0.040767        0.040767              0.040767              0.040767              0.040767              1                     
79     0.061197        0.061197              0.061197              0.061197              0.061197              1                     
80     0.012066        0.012066              0.012066              0.012066              0.012066              1                     
81     0.057337        0.057337              0.057337              0.057337              0.057337              1                     
82     0.012066        0.012066              0.012066              0.012066              0.012066              1                     
83     0.071586        0.071586              0.071586              0.071586              0.071586              1                     
84     0.057337        0.057337              0.057337              0.057337              0.057337              1                     
85     0.057337        0.057337              0.057337              0.057337              0.057337              1                     
86     6.16557e-08     5.95494e-08           1.80765e-07           3.52443e-09           2.78421e-09           0.149246              
87     1.28681e-07     1.57717e-07           3.46571e-07           6.90108e-09           3.53419e-09           0.126908              
88     2.63636e-08     5.83002e-13           2.37084e-08           8.04626e-08           1.28289e-09           0.575093              
89     0.0116493       0.0389953             0.00758566            1.62181e-05           1.55204e-09           0.0306972             
90     0.079066        0.079066              0.079066              0.079066              0.079066              1                     
91     0.071586        0.071586              0.071586              0.071586              0.071586              1                     
92     0.0646          0.0646                0.0646                0.0646                0.0646                1                     
93     0.055941        0.055941              0.055941              0.055941              0.055941              1                     
94     0.022355        0.022355              0.022355              0.022355              0.022355              1                     
95     0.069147        0.069147              0.069147              0.069147              0.069147              1                     
96     0.071586        0.071586              0.071586              0.071586              0.071586              1                     
97     0.053052        0.053052              0.053052              0.053052              0.053052              1                     
98     0.099081        0.099081              0.099081              0.099081              0.099081              1                     
99     0.012937        0.012937              0.012937              0.012937              0.012937              1                     
100    0.079066        0.079066              0.079066              0.079066              0.079066              1                     
101    0.099081        0.099081              0.099081              0.099081              0.099081              1                     
102    0.04404         0.04404               0.04404               0.04404               0.04404               1                     
103    0.061197        0.061197              0.061197              0.061197              0.061197              1                     
104    0.0646          0.0646                0.0646                0.0646                0.0646                1                     
105    0.022355        0.022355              0.022355              0.022355              0.022355              1                     
106    0.042302        0.042302              0.042302              0.042302              0.042302              1                     
107    0.055941        0.055941              0.055941              0.055941              0.055941              1                     
108    0.057337        0.057337              0.057337              0.057337              0.057337              1                     
109    8.66898e-09     1.89567e-14           9.16037e-10           1.28996e-08           2.08602e-08           2.16898               
110    4.16383e-08     5.82588e-14           2.92e-09              8.05782e-08           8.30549e-08           1.91349               
111    1.90891e-11     2.10889e-19           7.17512e-13           4.43968e-11           3.1242e-11            1.69148               
112    5.37177e-17     1.12432e-31           4.38191e-22           1.78594e-18           2.13084e-16           3.16899               
113    8.62868e-09     1.8601e-11            1.68272e-08           1.76591e-08           9.85307e-12           0.407155              
114    6.7044e-15      1.78662e-25           5.23663e-18           4.08262e-15           2.27298e-14           2.80457               
115    7.4659e-14      1.83662e-20           4.3288e-14            2.29004e-13           2.63437e-14           0.809161              
116    0.0135263       0.0486368             0.00546582            2.52729e-06           7.14025e-12           0.0225329             
117    3.42503e-09     4.45679e-18           3.11013e-12           2.24165e-09           1.14553e-08           2.77569               
118    1.22071e-07     4.24767e-10           1.84519e-07           2.03917e-07           9.94245e-08           0.978367              
119    4.46526e-08     3.34882e-14           1.40195e-10           1.15032e-08           1.66967e-07           3.0248                
120    1.1902e-08      2.02572e-12           1.32969e-09           4.73445e-09           4.15417e-08           2.85325               
121    0.099081        0.099081              0.099081              0.099081              0.099081              1                     
122    0.099081        0.099081              0.099081              0.099081              0.099081              1                     
123    0.012066        0.012066              0.012066              0.012066              0.012066              1                     
124    0.04404         0.04404               0.04404               0.04404               0.04404               1                     
125    0.099081        0.099081              0.099081              0.099081              0.099081              1                     
126    0.040767        0.040767              0.040767              0.040767              0.040767              1                     
127    0.04404         0.04404               0.04404               0.04404               0.04404               1                     
128    0.012937        0.012937              0.012937              0.012937              0.012937              1                     
129    0.00156909      0.000120772           0.0014202             0.00238081            0.00235458            1.47938               
130    0.00238197      0.000253896           0.00228713            0.00353885            0.00344799            1.43381               
131    0.00184678      0.000260976           0.0020186             0.0025959             0.00251164            1.35544               
132    0.00164387      0.000505015           0.00275177            0.00184996            0.00146874            0.957477              
133    0.00149202      4.71715e-05           0.000870673           0.00249305            0.0025572             1.66369               
134    3.53037e-06     1.28372e-09           1.81571e-06           6.72821e-06           5.5763e-06            1.59291               
135    6.96829e-06     2.18231e-07           2.39731e-05           2.32892e-06           1.3529e-06            0.329313              
136    2.1849e-05      1.19266e-05           7.15896e-05           3.70772e-06           1.72237e-07           0.149084              
137    4.15246e-07     9.14876e-11           1.4544e-07            6.86466e-07           8.28987e-07           1.87786               
138    8.7635e-05      2.1006e-05            0.000290057           2.35912e-05           1.58861e-05           0.30426               
139    0.071586        0.071586              0.071586              0.071586              0.071586              1                     
140    0.053052        0.053052              0.053052              0.053052              0.053052              1                     
141    0.057337        0.057337              0.057337              0.057337              0.057337              1                     
142    0.069147        0.069147              0.069147              0.069147              0.069147              1                     
143    0.069147        0.069147              0.069147              0.069147              0.069147              1                     
144    0.053287        0.053287              0.053287              0.053287              0.053287              1                     
145    0.055941        0.055941              0.055941              0.055941              0.055941              1                     
146    1.22449e-07     1.83096e-10           1.64249e-07           1.86119e-07           1.39245e-07           1.20491               
147    3.93184e-07     1.10781e-10           2.32436e-07           6.79281e-07           6.60907e-07           1.64695               
148    2.76322e-05     2.21796e-06           7.34449e-05           2.12856e-05           1.35805e-05           0.611644              
149    1.04492e-05     8.50316e-09           8.28294e-06           1.82156e-05           1.52896e-05           1.48291               
150    5.0423e-06      1.2105e-06            1.67514e-05           1.16104e-06           1.04628e-06           0.319157              
151    5.83642e-06     3.80466e-09           1.95998e-06           9.91945e-06           1.14624e-05           1.85919               
152    8.81145e-06     5.62518e-09           2.89047e-06           1.45443e-05           1.78054e-05           1.89608               
153    6.81356e-06     1.42961e-05           1.29501e-05           6.35128e-09           1.60612e-09           0.0711007             
154    1.20021e-07     1.26644e-12           1.55685e-08           2.06093e-07           2.58423e-07           2.00584               
155    3.26954e-08     6.26455e-13           1.52795e-08           6.00628e-08           5.54387e-08           1.67249               
156    4.16542e-09     5.72557e-15           1.41734e-10           5.9361e-09            1.05838e-08           2.26341               
157    7.6807e-10      1.43845e-13           3.99932e-10           2.37261e-09           2.99594e-10           0.840384              
158    1.54825e-08     1.95229e-13           3.22016e-09           3.23575e-08           2.63523e-08           1.71052               
159    1.79765e-10     6.39175e-15           2.2368e-10            4.6833e-10            2.70424e-11           0.594247              
160    3.51961e-10     1.06034e-12           1.39766e-09           9.12055e-12           2.24038e-17           0.141753              
161    7.67274e-15     1.50777e-31           1.3308e-22            3.42996e-17           3.06566e-14           3.18718               
162    1.02886e-12     3.28776e-26           1.3001e-16            1.0754e-12            3.03992e-12           2.52934               
163    1.11347e-10     7.87949e-20           3.43128e-13           1.91934e-10           2.53111e-10           2.09827               
164    4.23852e-09     6.1808e-15            2.614e-09             1.04709e-08           3.8692e-09            1.15825               
165    5.42772e-08     1.14719e-13           1.21596e-09           5.39305e-08           1.61962e-07           2.54497               
166    3.73967e-07     6.55497e-12           6.51769e-08           5.76421e-07           8.54264e-07           2.08291               
167    5.93347e-05     1.18117e-06           8.29319e-05           9.38715e-05           5.93544e-05           1.10805               
168    0.000925749     2.91881e-05           0.000429033           0.00142894            0.00181584            1.83588               
169    0.053287        0.053287              0.053287              0.053287              0.053287              1                     
170    0.053287        0.053287              0.053287              0.053287              0.053287              1                     
171    0.061197        0.061197              0.061197              0.061197              0.061197              1                     
172    0.022909        0.0432213             0.033569              0.0128257             0.00202011            0.218176              
173    0.00284102      0.000491519           0.00461874            0.00474338            0.00151046            0.757029              
174    0.00143813      0.000134147           0.00155028            0.00245162            0.00161648            1.21609               
175    0.000367233     9.99808e-07           8.27825e-05           0.000553471           0.000831677           2.06338               
176    0.00209629      0.000151933           0.00172736            0.00320438            0.00330151            1.53771               
177    0.0187284       0.0407897             0.0255371             0.00670379            0.00188316            0.191791              
178    0.00376573      0.000900636           0.00650232            0.00439357            0.00326639            0.945199              
179    0.00522231      0.000990438           0.00861783            0.00762242            0.00365857            0.857855              
180    0.00126547      2.72133e-05           0.000453587           0.00179552            0.00278554            2.00276               
181    0.099081        0.099081              0.099081              0.099081              0.099081              1                     
Note : P(D|M) is the probability of site D given the model M (i.e., the site likelihood)
P(D|M,rr[x]) is the probability of site D given the model M and the relative rate
of evolution rr[x], where x is the class of rate to be considered.
We have P(D|M) = \sum_x P(x) x P(D|M,rr[x]).


Site   P(D|M)          P(D|M,rr[1]=0.0264)   P(D|M,rr[2]=0.2257)   P(D|M,rr[3]=0.7897)   P(D|M,rr[4]=2.9582)   Posterior mean        
1      0.00253207      0.0101047             2.35284e-05           1.10936e-11           6.92818e-20           0.0268728             
2      0.0124576       0.0438446             0.00595793            2.79261e-05           8.02767e-12           0.050666              
3      5.08688e-06     1.53373e-05           5.00761e-06           2.67081e-09           8.68605e-19           0.0755571             
4      0.0124576       0.0438446             0.00595793            2.79261e-05           8.02767e-12           0.050666              
5      0.000206945     0.000426657           0.000396997           4.12652e-06           5.02526e-12           0.125795              
6      8.21471e-06     3.14106e-05           1.44809e-06           1.0209e-10            1.3272e-15            0.0351951             
7      0.00904318      0.035004              0.0011684             3.29115e-07           4.67631e-14           0.0328541             
8      8.26011e-06     1.71064e-05           1.59286e-05           5.43887e-09           5.22889e-15           0.122614              
9      0.00868921      0.0335507             0.00120579            3.8646e-07            5.34026e-14           0.0333323             
10     3.24067e-05     0.000113874           1.57485e-05           4.1669e-09            3.35504e-14           0.0506467             
11     0.000336935     0.00117782            0.000169816           1.04523e-07           1.0181e-12            0.0515802             
12     0.0118963       0.04578               0.0018044             8.35773e-07           6.70535e-13           0.0339803             
13     0.0105043       0.0352744             0.00667596            6.68206e-05           2.35463e-11           0.0592888             
14     1.42509e-07     1.32226e-07           4.34636e-07           3.17332e-09           1.08e-14              0.182615              
15     4.74944e-08     2.49733e-08           1.61368e-07           3.63661e-09           3.54118e-15           0.210302              
16     1.34313e-09     9.2535e-12            4.43971e-09           9.23515e-10           2.19875e-14           0.322319              
17     0.0118963       0.04578               0.0018044             8.35773e-07           6.70535e-13           0.0339803             
18     0.00720275      0.0286862             0.000124752           1.01965e-09           1.65324e-15           0.0272728             
19     0.00278963      0.00953028            0.00161684            1.14011e-05           2.94543e-13           0.0560669             
20     0.00697304      0.0276603             0.00023184            2.74805e-09           2.9166e-16            0.0280664             
21     0.000367568     0.00116881            0.000301249           2.09538e-07           6.93205e-14           0.0673527             
22     0.0118963       0.04578               0.0018044             8.35773e-07           6.70535e-13           0.0339803             
23     2.89592e-05     0.000106536           9.30008e-06           7.57408e-10           4.16096e-16           0.0424154             
24     0.0118963       0.04578               0.0018044             8.35773e-07           6.70535e-13           0.0339803             
25     0.00720275      0.0286862             0.000124752           1.01965e-09           1.65324e-15           0.0272728             
26     0.00697304      0.0276603             0.00023184            2.74805e-09           2.9166e-16            0.0280664             
27     0.00278963      0.00953028            0.00161684            1.14011e-05           2.94543e-13           0.0560669             
28     0.00018068      0.000553822           0.000168618           2.79188e-07           2.36815e-12           0.0732021             
29     0.00697304      0.0276603             0.00023184            2.74805e-09           2.9166e-16            0.0280664             
30     1.91187e-08     4.10847e-08           3.53698e-08           2.02278e-11           1.04658e-16           0.118786              
31     0.00697304      0.0276603             0.00023184            2.74805e-09           2.9166e-16            0.0280664             
32     8.71966e-05     0.000257627           9.10244e-05           1.35374e-07           6.27602e-14           0.0787168             
33     1.36399e-12     2.87554e-16           3.8973e-12            1.5573e-12            1.05079e-15           0.387199              
34     3.96495e-08     6.49156e-09           1.50213e-07           1.89328e-09           1.35753e-14           0.224279              
35     0.062157        0.062157              0.062157              0.062157              0.062157              1                     
36     7.42822e-10     4.91933e-11           2.64687e-09           2.75074e-10           1.47793e-13           0.274752              
37     0.000122632     0.000180408           0.000298503           1.16169e-05           3.46969e-11           0.165764              
38     1.72918e-10     3.46894e-13           2.5181e-10            4.36242e-10           3.27228e-12           0.59424               
39     1.32055e-11     2.30097e-13           4.86865e-11           3.90232e-12           2.92201e-15           0.266652              
40     7.84924e-12     1.12537e-14           2.1079e-11            1.01909e-11           1.15821e-13           0.418771              
41     6.99705e-11     1.99973e-13           1.25847e-10           1.51861e-10           1.97353e-12           0.550841              
42     4.82857e-06     7.44753e-08           3.73869e-06           1.35613e-05           1.93984e-06           0.895369              
43     6.17069e-08     7.71029e-11           2.03847e-08           1.21026e-07           1.0534e-07            1.66834               
44     6.21941e-08     4.17385e-11           1.38491e-08           8.91096e-08           1.45776e-07           2.02885               
45     0.000133761     4.32003e-07           2.64774e-05           0.000179397           0.00032874            2.09353               
46     0.00186258      0.000168141           0.00118257            0.00261905            0.00348056            1.696                 
47     0.00574003      0.000971131           0.00623359            0.010307              0.00544841            1.11887               
48     0.000850823     0.000109068           0.00074312            0.00141779            0.00113331            1.3642                
49     0.057337        0.057337              0.057337              0.057337              0.057337              1                     
50     0.057337        0.057337              0.057337              0.057337              0.057337              1                     
51     0.099081        0.099081              0.099081              0.099081              0.099081              1                     
52     0.061197        0.061197              0.061197              0.061197              0.061197              1                     
53     0.099081        0.099081              0.099081              0.099081              0.099081              1                     
54     0.00218626      0.000118456           0.000993651           0.00292762            0.00470532            1.88205               
55     0.000313114     5.4172e-05            0.000357109           0.000599369           0.000241807           1.01453               
56     0.000133455     4.25382e-07           2.6461e-05            0.000179866           0.000327068           2.08976               
57     0.00166877      0.000653854           0.00308292            0.00244385            0.00049446            0.615076              
58     0.00214535      0.000273918           0.00185334            0.00355567            0.00289847            1.37596               
59     0.00127617      5.23054e-05           0.000541289           0.00186836            0.00264272            1.84471               
60     0.00138113      0.00010124            0.000719939           0.00166471            0.00303863            1.89494               
61     0.00297814      0.000136421           0.00113972            0.00356189            0.00707455            2.01481               
62     0.00256983      0.000262398           0.00184343            0.00395978            0.00421372            1.55798               
63     0.000246052     7.64203e-06           6.65094e-05           0.000231314           0.000678742           2.24113               
64     0.035525        0.0560768             0.0475348             0.0304755             0.00801283            0.422093              
65     0.0075921       0.0118325             0.0102156             0.00677678            0.00154354            0.412792              
66     0.00145293      2.27653e-05           0.000245886           0.00114272            0.00440033            2.40473               
67     0.00360168      0.000402142           0.00279657            0.00575694            0.00545107            1.4794                
68     0.0051135       0.000961674           0.00575149            0.00836499            0.00537586            1.16516               
69     0.057337        0.057337              0.057337              0.057337              0.057337              1                     
70     0.069147        0.069147              0.069147              0.069147              0.069147              1                     
71     0.000730266     5.88043e-05           0.000440054           0.00104759            0.00137462            1.70983               
72     0.00171343      0.000126852           0.000928068           0.00228554            0.00351327            1.81078               
73     0.0284166       0.0432378             0.0376694             0.0257217             0.00703746            0.446696              
74     0.0284166       0.0432378             0.0376694             0.0257217             0.00703746            0.446696              
75     0.040767        0.040767              0.040767              0.040767              0.040767              1                     
76     0.0646          0.0646                0.0646                0.0646                0.0646                1                     
77     0.04404         0.04404               0.04404               0.04404               0.04404               1                     
78     0.040767        0.040767              0.040767              0.040767              0.040767              1                     
79     0.061197        0.061197              0.061197              0.061197              0.061197              1                     
80     0.012066        0.012066              0.012066              0.012066              0.012066              1                     
81     0.057337        0.057337              0.057337              0.057337              0.057337              1                     
82     0.012066        0.012066              0.012066              0.012066              0.012066              1                     
83     0.071586        0.071586              0.071586              0.071586              0.071586              1                     
84     0.057337        0.057337              0.057337              0.057337              0.057337              1                     
85     0.057337        0.057337              0.057337              0.057337              0.057337              1                     
86     9.73977e-07     3.05691e-07           3.15949e-06           4.24196e-07           6.53285e-09           0.276056              
87     4.10914e-08     3.53648e-08           1.12392e-07           1.24029e-08           4.20612e-09           0.295306              
88     8.14262e-08     1.76849e-09           1.87617e-07           1.33712e-07           2.60771e-09           0.478032              
89     0.0117767       0.0369389             0.00990135            0.000266615           1.37179e-08           0.0726201             
90     0.079066        0.079066              0.079066              0.079066              0.079066              1                     
91     0.071586        0.071586              0.071586              0.071586              0.071586              1                     
92     0.0646          0.0646                0.0646                0.0646                0.0646                1                     
93     0.055941        0.055941              0.055941              0.055941              0.055941              1                     
94     0.022355        0.022355              0.022355              0.022355              0.022355              1                     
95     0.069147        0.069147              0.069147              0.069147              0.069147              1                     
96     0.071586        0.071586              0.071586              0.071586              0.071586              1                     
97     0.053052        0.053052              0.053052              0.053052              0.053052              1                     
98     0.099081        0.099081              0.099081              0.099081              0.099081              1                     
99     0.012937        0.012937              0.012937              0.012937              0.012937              1                     
100    0.079066        0.079066              0.079066              0.079066              0.079066              1                     
101    0.099081        0.099081              0.099081              0.099081              0.099081              1                     
102    0.04404         0.04404               0.04404               0.04404               0.04404               1                     
103    0.061197        0.061197              0.061197              0.061197              0.061197              1                     
104    0.0646          0.0646                0.0646                0.0646                0.0646                1                     
105    0.022355        0.022355              0.022355              0.022355              0.022355              1                     
106    0.042302        0.042302              0.042302              0.042302              0.042302              1                     
107    0.055941        0.055941              0.055941              0.055941              0.055941              1                     
108    0.057337        0.057337              0.057337              0.057337              0.057337              1                     
109    7.80863e-09     1.0533e-13            7.57214e-10           9.24719e-09           2.123e-08             2.24994               
110    9.39772e-08     2.2588e-10            5.10642e-08           2.01008e-07           1.23611e-07           1.42569               
111    1.33601e-10     7.31767e-15           6.72295e-11           3.76085e-10           9.10839e-11           1.08833               
112    1.14369e-16     1.07996e-28           2.4458e-21            4.79244e-18           4.52682e-16           2.93547               
113    2.08294e-09     2.19612e-11           3.73345e-09           4.5696e-09            6.75904e-12           0.536715              
114    4.18317e-15     1.17188e-23           8.31689e-18           2.22809e-15           1.44963e-14           2.66809               
115    5.2423e-14      4.5895e-19            3.22287e-14           1.58391e-13           1.90721e-14           0.900237              
116    0.0125448       0.0440035             0.00614459            3.11342e-05           1.98186e-11           0.0512876             
117    7.07266e-09     8.83612e-14           4.08908e-10           1.4343e-08            1.35386e-08           1.81928               
118    9.18033e-08     1.15176e-09           9.43287e-08           1.76981e-07           9.47517e-08           1.20196               
119    5.38232e-08     1.29908e-12           4.88062e-10           1.57949e-08           1.99009e-07           2.79289               
120    2.12226e-08     3.19065e-11           5.38057e-09           1.99511e-08           5.95267e-08           2.27426               
121    0.099081        0.099081              0.099081              0.099081              0.099081              1                     
122    0.099081        0.099081              0.099081              0.099081              0.099081              1                     
123    0.012066        0.012066              0.012066              0.012066              0.012066              1                     
124    0.04404         0.04404               0.04404               0.04404               0.04404               1                     
125    0.099081        0.099081              0.099081              0.099081              0.099081              1                     
126    0.040767        0.040767              0.040767              0.040767              0.040767              1                     
127    0.04404         0.04404               0.04404               0.04404               0.04404               1                     
128    0.012937        0.012937              0.012937              0.012937              0.012937              1                     
129    0.00173551      0.000329452           0.00188392            0.00238173            0.00234695            1.33354               
130    0.002625        0.000651064           0.00289506            0.00352976            0.00342411            1.29402               
131    0.00202603      0.000655814           0.0023745             0.00257854            0.00249528            1.23036               
132    0.00177189      0.00120315            0.00272958            0.00172724            0.00142759            0.879702              
133    0.00164969      0.000139593           0.00137846            0.00255446            0.00252624            1.48591               
134    3.71238e-06     6.5533e-09            1.93052e-06           7.21003e-06           5.70242e-06           1.54877               
135    2.61266e-06     1.09758e-07           5.31159e-06           3.33939e-06           1.68991e-06           0.845681              
136    3.70395e-05     1.79404e-05           9.06671e-05           3.86906e-05           8.60017e-07           0.364714              
137    6.36431e-06     1.41145e-06           1.54907e-05           6.9676e-06            1.58746e-06           0.539408              
138    6.06747e-05     2.83753e-05           0.000169351           2.90453e-05           1.59275e-05           0.449223              
139    0.071586        0.071586              0.071586              0.071586              0.071586              1                     
140    0.053052        0.053052              0.053052              0.053052              0.053052              1                     
141    0.057337        0.057337              0.057337              0.057337              0.057337              1                     
142    0.069147        0.069147              0.069147              0.069147              0.069147              1                     
143    0.069147        0.069147              0.069147              0.069147              0.069147              1                     
144    0.053287        0.053287              0.053287              0.053287              0.053287              1                     
145    0.055941        0.055941              0.055941              0.055941              0.055941              1                     
146    2.12388e-07     4.38385e-09           3.75629e-07           2.97428e-07           1.7211e-07            0.975701              
147    6.39868e-07     2.25707e-10           2.57717e-07           1.53682e-06           7.6471e-07            1.38073               
148    9.43545e-05     1.39243e-05           0.000212023           0.000127918           2.3552e-05            0.580018              
149    5.82403e-06     3.42437e-09           1.49169e-06           8.3991e-06            1.34019e-05           2.00097               
150    9.29654e-05     0.000122311           0.000203406           4.36973e-05           2.44771e-06           0.244413              
151    2.62254e-06     1.30861e-09           2.32566e-07           2.1159e-06            8.14039e-06           2.45986               
152    9.00252e-06     5.92001e-09           1.69032e-06           1.29349e-05           2.13789e-05           2.05052               
153    4.43938e-05     5.2219e-05            0.000117638           7.7145e-06            4.15859e-09           0.191664              
154    1.34825e-07     3.10284e-12           9.95743e-09           2.08724e-07           3.20615e-07           2.06846               
155    1.80319e-08     1.17534e-12           1.40171e-09           2.10933e-08           4.96314e-08           2.27088               
156    2.46124e-09     1.43412e-13           2.10362e-10           1.81723e-09           7.81723e-09           2.4995                
157    1.60424e-10     1.32362e-13           5.11815e-11           3.86556e-10           2.03826e-10           1.43335               
158    7.05276e-08     5.65668e-12           2.09322e-08           2.10805e-07           5.03676e-08           1.13499               
159    2.28991e-10     5.10246e-15           6.54678e-11           8.0875e-10            4.17424e-11           0.848197              
160    1.07969e-10     2.63571e-12           4.2117e-10            8.06985e-12           2.04604e-17           0.235026              
161    2.1268e-14      2.2263e-27            8.24927e-20           7.19348e-16           8.43528e-14           2.93986               
162    7.51924e-13     1.14701e-20           6.1472e-15            7.34147e-13           2.2674e-12            2.4233                
163    1.49845e-09     4.79736e-14           2.28057e-10           5.17962e-09           5.86054e-10           0.980253              
164    2.78072e-09     2.97162e-12           2.03047e-09           5.48295e-09           3.60649e-09           1.38965               
165    3.02241e-08     2.5408e-13            1.97584e-10           8.64516e-09           1.12053e-07           2.79866               
166    1.72836e-07     9.91035e-13           2.45756e-09           8.19601e-08           6.06927e-07           2.6914                
167    6.61976e-05     1.67533e-06           6.00827e-05           0.000123077           7.99553e-05           1.31168               
168    0.00101454      7.85444e-05           0.000649995           0.00151252            0.00181709            1.65556               
169    0.053287        0.053287              0.053287              0.053287              0.053287              1                     
170    0.053287        0.053287              0.053287              0.053287              0.053287              1                     
171    0.061197        0.061197              0.061197              0.061197              0.061197              1                     
172    0.0239374       0.0426005             0.0332462             0.0169963             0.00290657            0.320094              
173    0.00323545      0.00084893            0.00470621            0.00549693            0.00188974            0.851173              
174    0.00152945      0.000235307           0.00158918            0.00253275            0.00176054            1.23787               
175    0.000334823     2.42446e-06           8.75296e-05           0.000441977           0.000807359           2.05868               
176    0.00210252      0.0002659             0.00177099            0.00309904            0.00327414            1.49102               
177    0.019083        0.0396665             0.0251058             0.00920255            0.00235713            0.274512              
178    0.00414239      0.00153037            0.0065656             0.00517184            0.00330173            0.927823              
179    0.00585138      0.00170258            0.00875745            0.00897812            0.00396738            0.89072               
180    0.00116317      4.88534e-05           0.000470847           0.00149979            0.0026332             1.95187               
181    0.099081        0.099081              0.099081              0.099081              0.099081              1                     
