Note : P(D|M) is the probability of site D given the model M (i.e., the site likelihood)
P(D|M,rr[x]) is the probability of site D given the model M and the relative rate
of evolution rr[x], where x is the class of rate to be considered.
We have P(D|M) = \sum_x P(x) x P(D|M,rr[x]).


Site   P(D|M)          P(D|M,rr[1]=0.0435)   P(D|M,rr[2]=0.2849)   P(D|M,rr[3]=0.8551)   P(D|M,rr[4]=2.8165)   Posterior mean        
1      0.00639685      0.0187545             0.00623401            0.000573652           2.52709e-05           0.123246              
2      4.04059e-05     6.99253e-06           3.71704e-05           6.91704e-05           4.82902e-05           1.27488               
3      0.00865879      0.003719              0.0130346             0.0120201             0.00586149            0.885292              
4      0.057337        0.057337              0.057337              0.057337              0.057337              1                     
5      0.062157        0.062157              0.062157              0.062157              0.062157              1                     
6      0.04404         0.04404               0.04404               0.04404               0.04404               1                     
7      0.057337        0.057337              0.057337              0.057337              0.057337              1                     
8      0.055941        0.055941              0.055941              0.055941              0.055941              1                     
9      0.022355        0.022355              0.022355              0.022355              0.022355              1                     
10     0.042302        0.042302              0.042302              0.042302              0.042302              1                     
11     0.000237126     1.96967e-05           0.00012398            0.000307682           0.000497146           1.79177               
12     0.000617332     5.15534e-05           0.000311729           0.000775863           0.00133018            1.82276               
13     0.0351413       0.0553897             0.0458793             0.0300603             0.00923587            0.478046              
14     0.00206394      0.000106942           0.000855818           0.00266385            0.00462914            1.88528               
15     0.00338205      0.000776349           0.00360423            0.00528647            0.00386114            1.21642               
16     0.0351413       0.0553897             0.0458793             0.0300603             0.00923587            0.478046              
17     0.04404         0.04404               0.04404               0.04404               0.04404               1                     
18     0.055941        0.055941              0.055941              0.055941              0.055941              1                     
19     0.061197        0.061197              0.061197              0.061197              0.061197              1                     
20     0.040767        0.040767              0.040767              0.040767              0.040767              1                     
21     0.057337        0.057337              0.057337              0.057337              0.057337              1                     
22     0.061197        0.061197              0.061197              0.061197              0.061197              1                     
23     8.0727e-05      3.19556e-05           9.75302e-05           8.46165e-05           0.000108806           1.26347               
24     0.0181675       0.0507886             0.01885               0.00272169            0.000309489           0.148321              
25     0.000417911     0.000166518           0.00061648            0.000584521           0.000304124           0.920802              
26     0.00115295      5.00616e-05           0.00109317            0.00239355            0.00107503            1.16833               
27     0.000326921     5.5505e-05            0.000296339           0.000556746           0.000399093           1.29004               
28     1.64757e-05     2.02125e-08           9.32217e-07           8.81632e-06           5.61339e-05           2.51748               
29     0.000513507     6.41508e-05           0.000404656           0.000854397           0.000730824           1.41529               
30     0.079066        0.079066              0.079066              0.079066              0.079066              1                     
31     0.0282495       0.0427983             0.0365619             0.0254138             0.00822405            0.505952              
32     0.000368368     1.23937e-05           9.04701e-05           0.000312808           0.0010578             2.22137               
33     0.000824278     6.62616e-06           8.59664e-05           0.000515483           0.00268904            2.4383                
34     0.000412052     0.000144934           0.000575711           0.000638854           0.000288708           0.928122              
35     4.98062e-05     2.35752e-07           8.77038e-06           4.7853e-05            0.000142366           2.23068               
36     0.00252851      0.000687822           0.00323144            0.00439529            0.00179948            0.966686              
37     0.0181675       0.0507886             0.01885               0.00272169            0.000309489           0.148321              
38     0.00171139      0.000544869           0.00240646            0.0029913             0.000902915           0.848746              
39     0.00437281      0.00173124            0.0063148             0.00600405            0.00344116            0.954782              
40     0.0181675       0.0507886             0.01885               0.00272169            0.000309489           0.148321              
41     0.000704278     0.00020224            0.000918775           0.00123192            0.000464181           0.934041              
42     0.00639685      0.0187545             0.00623401            0.000573652           2.52709e-05           0.123246              
43     0.00250449      0.00112474            0.0042508             0.00387737            0.000765031           0.671801              
44     0.000426769     0.000169677           0.000643951           0.000656963           0.000236485           0.831041              
45     0.00239592      0.00112115            0.00416473            0.003657              0.000640787           0.643493              
46     0.0202678       0.0473951             0.0258898             0.00725805            0.000528146           0.211309              
47     0.021152        0.0498457             0.0268636             0.00737212            0.000526623           0.208117              
48     0.0023223       0.00119055            0.00417054            0.00320605            0.000722049           0.647524              
49     0.0181675       0.0507886             0.01885               0.00272169            0.000309489           0.148321              
50     2.32688e-05     2.93341e-07           8.5399e-06            3.29431e-05           5.12988e-05           1.88127               
51     0.0405324       0.0893499             0.0519063             0.0179335             0.00293977            0.260832              
52     0.0278195       0.0641292             0.0356164             0.0105161             0.00101624            0.222781              
53     0.0127565       0.034616              0.0142224             0.00207617            0.000111601           0.149869              
54     0.021152        0.0498457             0.0268636             0.00737212            0.000526623           0.208117              
55     0.0405324       0.0893499             0.0519063             0.0179335             0.00293977            0.260832              
56     0.0127565       0.034616              0.0142224             0.00207617            0.000111601           0.149869              
57     0.0405324       0.0893499             0.0519063             0.0179335             0.00293977            0.260832              
58     0.0127565       0.034616              0.0142224             0.00207617            0.000111601           0.149869              
59     0.0278195       0.0641292             0.0356164             0.0105161             0.00101624            0.222781              
60     0.0202678       0.0473951             0.0258898             0.00725805            0.000528146           0.211309              
61     0.0278195       0.0641292             0.0356164             0.0105161             0.00101624            0.222781              
62     0.00180723      0.000870984           0.00275294            0.00256325            0.00104177            0.822816              
63     0.000215298     0.000108331           0.000348195           0.000259524           0.000145141           0.85302               
64     0.00183122      0.000662787           0.00263286            0.00292206            0.00110717            0.873169              
65     0.0405324       0.0893499             0.0519063             0.0179335             0.00293977            0.260832              
66     0.0233755       0.0568682             0.0287921             0.0071835             0.000658295           0.199705              
67     0.0269467       0.0685765             0.0319653             0.00658577            0.000659032           0.181629              
68     0.0269467       0.0685765             0.0319653             0.00658577            0.000659032           0.181629              
69     0.0405324       0.0893499             0.0519063             0.0179335             0.00293977            0.260832              
70     0.0269467       0.0685765             0.0319653             0.00658577            0.000659032           0.181629              
71     0.0202678       0.0473951             0.0258898             0.00725805            0.000528146           0.211309              
72     0.000738222     0.000357764           0.00119855            0.000948321           0.000448254           0.823064              
73     0.0405324       0.0893499             0.0519063             0.0179335             0.00293977            0.260832              
74     0.021152        0.0498457             0.0268636             0.00737212            0.000526623           0.208117              
75     0.021152        0.0498457             0.0268636             0.00737212            0.000526623           0.208117              
76     0.0405324       0.0893499             0.0519063             0.0179335             0.00293977            0.260832              
77     9.03239e-05     9.24426e-07           2.66779e-05           0.000113101           0.000220593           2.00849               
78     6.29696e-05     4.56142e-07           1.4146e-05            6.77729e-05           0.000169503           2.14157               
79     0.00478344      0.0115451             0.00615383            0.0014192             1.56631e-05           0.183602              
80     0.0278195       0.0641292             0.0356164             0.0105161             0.00101624            0.222781              
81     0.0278195       0.0641292             0.0356164             0.0105161             0.00101624            0.222781              
82     0.000144592     7.34168e-05           0.000230254           0.000177352           9.73469e-05           0.855195              
83     0.000704278     0.00020224            0.000918775           0.00123192            0.000464181           0.934041              
84     5.88735e-05     3.62248e-07           1.19694e-05           5.95351e-05           0.000163627           2.18772               
85     0.00116147      0.0003473             0.00158035            0.00205806            0.000660171           0.879168              
86     0.000351783     1.58227e-05           0.000332403           0.000705925           0.000352981           1.20329               
87     0.00039273      0.000221152           0.000699017           0.00049499            0.000155762           0.681586              
88     8.78286e-05     1.14035e-06           3.21907e-05           0.000123666           0.000194318           1.88511               
89     0.0061702       0.00147927            0.00699355            0.0103088             0.00589918            1.11369               
90     0.0351413       0.0553897             0.0458793             0.0300603             0.00923587            0.478046              
91     0.00111019      9.18907e-05           0.00057728            0.00144128            0.0023303             1.79344               
92     0.00111019      9.18907e-05           0.00057728            0.00144128            0.0023303             1.79344               
93     0.0327667       0.0604378             0.0425672             0.0213444             0.00671748            0.396186              
94     0.0351413       0.0553897             0.0458793             0.0300603             0.00923587            0.478046              
95     0.00141081      0.000118319           0.000743543           0.00184485            0.00293655            1.78361               
96     0.0054286       0.00145662            0.00636482            0.00834699            0.00554596            1.13447               
97     0.0282495       0.0427983             0.0365619             0.0254138             0.00822405            0.505952              
98     0.00139372      0.000155336           0.000826923           0.00168455            0.00290807            1.77106               
99     0.00176636      0.000195013           0.00107277            0.00231514            0.00348251            1.7129                
100    0.00174938      7.71761e-05           0.00054586            0.00177982            0.00459467            2.08957               
101    0.00270369      0.000402313           0.00211006            0.00399332            0.00430908            1.49517               
102    0.00114414      7.342e-05             0.000443596           0.00117073            0.0028888             2.0249                
103    0.00167608      0.000206955           0.00111315            0.00224795            0.00313625            1.65292               
104    0.0382438       0.0733986             0.0495164             0.0226341             0.00742613            0.37633               
105    0.00345806      0.000596011           0.00311861            0.00543377            0.00468385            1.35574               
106    0.000117878     1.75621e-05           9.39845e-05           0.00018056            0.000179403           1.4575                
107    2.11979e-05     1.5051e-07            4.5422e-06            2.15896e-05           5.85092e-05           2.17657               
108    2.33164e-05     4.0127e-08            2.74536e-06           2.32652e-05           6.72148e-05           2.25154               
109    0.000388923     6.50283e-05           0.0003381             0.000627279           0.000525287           1.35953               
110    1.39302e-05     1.56835e-08           8.50429e-07           8.10834e-06           4.67465e-05           2.4917                
111    0.000853668     0.000472265           0.00140279            0.00105868            0.000480943           0.784852              
112    8.87882e-05     2.04946e-05           0.000101432           0.000160014           7.32118e-05           1.04973               
113    0.000417911     0.000166518           0.00061648            0.000584521           0.000304124           0.920802              
114    8.08715e-05     3.97862e-06           3.54431e-05           0.000111429           0.000172636           1.8294                
115    0.000822789     2.22239e-05           0.000263326           0.000946298           0.00205931            2.03128               
116    0.00104548      4.24208e-05           0.000327713           0.0010899             0.00272188            2.07882               
117    0.0034644       0.000282334           0.00177581            0.00449318            0.00730627            1.79964               
118    0.000313947     6.66172e-05           0.000331695           0.000543832           0.000313641           1.1513                
119    0.00268266      0.000926353           0.00379375            0.00431699            0.00169355            0.89299               
120    3.44584e-05     3.38795e-07           1.06057e-05           4.66801e-05           8.0209e-05            1.95064               
121    0.0237303       0.0537635             0.0277533             0.00932899            0.00407547            0.312901              
122    0.00239854      0.000155367           0.00117507            0.0032223             0.00504144            1.80279               
123    0.000569352     2.02121e-05           0.000143186           0.000491838           0.00162217            2.20916               
124    0.0237303       0.0537635             0.0277533             0.00932899            0.00407547            0.312901              
125    0.00437281      0.00173124            0.0063148             0.00600405            0.00344116            0.954782              
126    0.069147        0.069147              0.069147              0.069147              0.069147              1                     
127    0.000962642     9.58009e-05           0.000659303           0.0015045             0.00159096            1.54768               
128    0.0036161       0.00119717            0.00477725            0.00540812            0.00308185            1.0175                
129    0.0034644       0.000282334           0.00177581            0.00449318            0.00730627            1.79964               
130    0.00907088      0.0202304             0.0117727             0.00368159            0.000598871           0.249939              
131    0.034155        0.034155              0.034155              0.034155              0.034155              1                     
Note : P(D|M) is the probability of site D given the model M (i.e., the site likelihood)
P(D|M,rr[x]) is the probability of site D given the model M and the relative rate
of evolution rr[x], where x is the class of rate to be considered.
We have P(D|M) = \sum_x P(x) x P(D|M,rr[x]).


Site   P(D|M)          P(D|M,rr[1]=0.0435)   P(D|M,rr[2]=0.2848)   P(D|M,rr[3]=0.8550)   P(D|M,rr[4]=2.8166)   Posterior mean        
1      0.00639731      0.0187555             0.00623477            0.000573716           2.52736e-05           0.123227              
2      4.04727e-05     6.99865e-06           3.72147e-05           6.92782e-05           4.83993e-05           1.27532               
3      0.00865789      0.00372266            0.0130398             0.0120122             0.00585691            0.884848              
4      0.057337        0.057337              0.057337              0.057337              0.057337              1                     
5      0.062157        0.062157              0.062157              0.062157              0.062157              1                     
6      0.04404         0.04404               0.04404               0.04404               0.04404               1                     
7      0.057337        0.057337              0.057337              0.057337              0.057337              1                     
8      0.055941        0.055941              0.055941              0.055941              0.055941              1                     
9      0.022355        0.022355              0.022355              0.022355              0.022355              1                     
10     0.042302        0.042302              0.042302              0.042302              0.042302              1                     
11     0.000237019     1.96715e-05           0.000123853           0.000307476           0.000497075           1.79218               
12     0.000617059     5.14882e-05           0.000311417           0.00077531            0.00133002            1.82319               
13     0.035152        0.0553921             0.0458903             0.0300786             0.0092471             0.478237              
14     0.00206303      0.000106797           0.000854754           0.00266158            0.00462898            1.88582               
15     0.0033815       0.000775417           0.00360182            0.0052863             0.00386248            1.21683               
16     0.035152        0.0553921             0.0458903             0.0300786             0.0092471             0.478237              
17     0.04404         0.04404               0.04404               0.04404               0.04404               1                     
18     0.055941        0.055941              0.055941              0.055941              0.055941              1                     
19     0.061197        0.061197              0.061197              0.061197              0.061197              1                     
20     0.040767        0.040767              0.040767              0.040767              0.040767              1                     
21     0.057337        0.057337              0.057337              0.057337              0.057337              1                     
22     0.061197        0.061197              0.061197              0.061197              0.061197              1                     
23     8.04929e-05     3.18423e-05           9.7157e-05            8.42913e-05           0.000108681           1.26485               
24     0.0181688       0.0507912             0.0188522             0.00272207            0.00030953            0.148304              
25     0.000418461     0.000166677           0.000617415           0.000585513           0.000304238           0.920438              
26     0.00115381      5.00901e-05           0.00109419            0.00239572            0.00107526            1.16806               
27     0.000327389     5.55533e-05           0.000296684           0.000557552           0.000399765           1.29024               
28     1.64715e-05     2.01888e-08           9.3145e-07            8.81167e-06           5.61227e-05           2.51766               
29     0.00051412      6.42123e-05           0.000405255           0.000855731           0.000731283           1.41488               
30     0.079066        0.079066              0.079066              0.079066              0.079066              1                     
31     0.0282579       0.0427999             0.0365694             0.0254274             0.00823478            0.506171              
32     0.000368053     1.23774e-05           9.036e-05             0.000312455           0.00105702            2.22161               
33     0.000823409     6.61615e-06           8.58178e-05           0.000514649           0.00268655            2.4386                
34     0.00041088      0.00014443            0.000573802           0.000636939           0.000288348           0.928796              
35     4.97442e-05     2.35268e-07           8.75124e-06           4.77494e-05           0.000142241           2.23128               
36     0.00253083      0.000688437           0.0032352             0.00439978            0.00179991            0.96639               
37     0.0181688       0.0507912             0.0188522             0.00272207            0.00030953            0.148304              
38     0.00171302      0.000545331           0.00240883            0.00299415            0.000903773           0.848723              
39     0.00437275      0.00173296            0.00631759            0.00600021            0.00344022            0.954496              
40     0.0181688       0.0507912             0.0188522             0.00272207            0.00030953            0.148304              
41     0.000705021     0.000202413           0.000919721           0.00123325            0.000464695           0.934057              
42     0.00639731      0.0187555             0.00623477            0.000573716           2.52736e-05           0.123227              
43     0.00250658      0.00112571            0.00425497            0.00388047            0.000765154           0.671633              
44     0.000427214     0.000169836           0.000644792           0.000657694           0.000236534           0.830745              
45     0.00239809      0.00112211            0.00416897            0.00366026            0.000640997           0.643362              
46     0.0202687       0.0473966             0.0258916             0.00725832            0.000528196           0.211285              
47     0.021153        0.0498473             0.0268655             0.00737241            0.000526678           0.208093              
48     0.00232365      0.00119234            0.00417389            0.00320634            0.000722053           0.647256              
49     0.0181688       0.0507912             0.0188522             0.00272207            0.00030953            0.148304              
50     2.3223e-05      2.92689e-07           8.52006e-06           3.28539e-05           5.12253e-05           1.88191               
51     0.0405341       0.0893524             0.0519097             0.0179344             0.00293987            0.260809              
52     0.0278207       0.0641311             0.0356188             0.0105166             0.00101634            0.222758              
53     0.0127573       0.0346176             0.0142238             0.00207632            0.000111621           0.149848              
54     0.021153        0.0498473             0.0268655             0.00737241            0.000526678           0.208093              
55     0.0405341       0.0893524             0.0519097             0.0179344             0.00293987            0.260809              
56     0.0127573       0.0346176             0.0142238             0.00207632            0.000111621           0.149848              
57     0.0405341       0.0893524             0.0519097             0.0179344             0.00293987            0.260809              
58     0.0127573       0.0346176             0.0142238             0.00207632            0.000111621           0.149848              
59     0.0278207       0.0641311             0.0356188             0.0105166             0.00101634            0.222758              
60     0.0202687       0.0473966             0.0258916             0.00725832            0.000528196           0.211285              
61     0.0278207       0.0641311             0.0356188             0.0105166             0.00101634            0.222758              
62     0.00180348      0.000867999           0.00274496            0.00255934            0.00104163            0.82366               
63     0.00021463      0.00010795            0.000346926           0.000258598           0.000145045           0.853982              
64     0.00183316      0.000663412           0.00263641            0.00292548            0.00110735            0.872832              
65     0.0405341       0.0893524             0.0519097             0.0179344             0.00293987            0.260809              
66     0.0233767       0.0568702             0.0287943             0.00718394            0.000658362           0.199683              
67     0.0269482       0.0685792             0.0319681             0.00658627            0.000659145           0.181609              
68     0.0269482       0.0685792             0.0319681             0.00658627            0.000659145           0.181609              
69     0.0405341       0.0893524             0.0519097             0.0179344             0.00293987            0.260809              
70     0.0269482       0.0685792             0.0319681             0.00658627            0.000659145           0.181609              
71     0.0202687       0.0473966             0.0258916             0.00725832            0.000528196           0.211285              
72     0.000739083     0.000358362           0.00120041            0.000949242           0.000448314           0.822599              
73     0.0405341       0.0893524             0.0519097             0.0179344             0.00293987            0.260809              
74     0.021153        0.0498473             0.0268655             0.00737241            0.000526678           0.208093              
75     0.021153        0.0498473             0.0268655             0.00737241            0.000526678           0.208093              
76     0.0405341       0.0893524             0.0519097             0.0179344             0.00293987            0.260809              
77     9.02472e-05     9.22696e-07           2.66374e-05           0.000112956           0.000220473           2.00893               
78     6.30172e-05     4.56044e-07           1.41532e-05           6.78426e-05           0.000169617           2.14152               
79     0.00478362      0.0115454             0.00615424            0.00141917            1.56637e-05           0.183574              
80     0.0278207       0.0641311             0.0356188             0.0105166             0.00101634            0.222758              
81     0.0278207       0.0641311             0.0356188             0.0105166             0.00101634            0.222758              
82     0.000144795     7.35454e-05           0.000230699           0.000177587           9.7349e-05            0.854568              
83     0.000705021     0.000202413           0.000919721           0.00123325            0.000464695           0.934057              
84     5.88954e-05     3.62061e-07           1.19681e-05           5.95491e-05           0.000163702           2.18792               
85     0.00115844      0.000346115           0.00157566            0.00205292            0.000659073           0.879529              
86     0.000351605     1.58053e-05           0.000332156           0.000705502           0.000352957           1.20353               
87     0.000391634     0.000220384           0.000696695           0.000493692           0.000155764           0.682321              
88     8.77277e-05     1.13841e-06           3.21418e-05           0.000123472           0.000194158           1.88553               
89     0.00616957      0.00147748            0.00698874            0.0103088             0.00590328            1.1142                
90     0.035152        0.0553921             0.0458903             0.0300786             0.0092471             0.478237              
91     0.0011097       9.17733e-05           0.000576687           0.0014403             0.00233004            1.79388               
92     0.0011097       9.17733e-05           0.000576687           0.0014403             0.00233004            1.79388               
93     0.0327786       0.0604429             0.0425857             0.0213633             0.00672245            0.396292              
94     0.035152        0.0553921             0.0458903             0.0300786             0.0092471             0.478237              
95     0.0014102       0.000118168           0.000742781           0.00184361            0.00293624            1.78404               
96     0.00542784      0.0014549             0.00636103            0.00834784            0.00554757            1.13481               
97     0.0282579       0.0427999             0.0365694             0.0254274             0.00823478            0.506171              
98     0.001393        0.000155144           0.000826221           0.00168368            0.00290696            1.77128               
99     0.00176565      0.000194771           0.00107182            0.00231384            0.00348219            1.71328               
100    0.00174824      7.70755e-05           0.000545213           0.00177799            0.00459268            2.08994               
101    0.00270296      0.000401818           0.00210832            0.00399186            0.00430986            1.49563               
102    0.00114336      7.33274e-05           0.000443148           0.00116974            0.00288722            2.02514               
103    0.00167543      0.0002067             0.00111219            0.00224689            0.00313592            1.65327               
104    0.0382581       0.0734056             0.0495406             0.0226567             0.00742941            0.376401              
105    0.00345724      0.000595277           0.0031161             0.00543265            0.00468493            1.35616               
106    0.000118067     1.7593e-05            9.41834e-05           0.00018095            0.000179543           1.45683               
107    2.11792e-05     1.50291e-07           4.53698e-06           2.15649e-05           5.84647e-05           2.1768                
108    2.33088e-05     4.0066e-08            2.74217e-06           2.32457e-05           6.72072e-05           2.25191               
109    0.000389525     6.50846e-05           0.000338487           0.000628209           0.000526321           1.35989               
110    1.39123e-05     1.56525e-08           8.48839e-07           8.0948e-06            4.66901e-05           2.49191               
111    0.000851565     0.000470652           0.00139861            0.00105643            0.000480567           0.785525              
112    8.89653e-05     2.05301e-05           0.000101633           0.000160355           7.33438e-05           1.04966               
113    0.000418461     0.000166677           0.000617415           0.000585513           0.000304238           0.920438              
114    8.10409e-05     3.98276e-06           3.55096e-05           0.000111702           0.000172969           1.82929               
115    0.000823514     2.22542e-05           0.000263777           0.000947551           0.00206047            2.0309                
116    0.00104647      4.24702e-05           0.000328193           0.00109144            0.00272378            2.07852               
117    0.00346651      0.000282647           0.00177797            0.00449753            0.00730788            1.79921               
118    0.000314344     6.66745e-05           0.000332054           0.000544518           0.00031413            1.15149               
119    0.00267781      0.000923267           0.00378415            0.00431063            0.0016932             0.89372               
120    3.44997e-05     3.38956e-07           1.06184e-05           4.67584e-05           8.02831e-05           1.95037               
121    0.0237179       0.0537558             0.0277275             0.00931427            0.00407411            0.31279               
122    0.00239998      0.000155549           0.00117668            0.00322547            0.00504224            1.8023                
123    0.00057004      2.02351e-05           0.000143388           0.000492625           0.00162391            2.20902               
124    0.0237179       0.0537558             0.0277275             0.00931427            0.00407411            0.31279               
125    0.00437275      0.00173296            0.00631759            0.00600021            0.00344022            0.954496              
126    0.069147        0.069147              0.069147              0.069147              0.069147              1                     
127    0.000963001     9.59113e-05           0.000660122           0.00150544            0.00159053            1.54708               
128    0.00361605      0.00119838            0.00477999            0.00540617            0.00307964            1.01702               
129    0.00346651      0.000282647           0.00177797            0.00449753            0.00730788            1.79921               
130    0.00906575      0.0202281             0.0117631             0.00367344            0.000598304           0.249741              
131    0.034155        0.034155              0.034155              0.034155              0.034155              1                     
Note : P(D|M) is the probability of site D given the model M (i.e., the site likelihood)
P(D|M,rr[x]) is the probability of site D given the model M and the relative rate
of evolution rr[x], where x is the class of rate to be considered.
We have P(D|M) = \sum_x P(x) x P(D|M,rr[x]).


Site   P(D|M)          P(D|M,rr[1]=0.0434)   P(D|M,rr[2]=0.2846)   P(D|M,rr[3]=0.8548)   P(D|M,rr[4]=2.8172)   Posterior mean        
1      0.00639708      0.0187579             0.00623287            0.000572287           2.52366e-05           0.123053              
2      4.04162e-05     6.98911e-06           3.71908e-05           6.92232e-05           4.82616e-05           1.27438               
3      0.00865593      0.00371797            0.0130376             0.0120124             0.00585571            0.884854              
4      0.057337        0.057337              0.057337              0.057337              0.057337              1                     
5      0.062157        0.062157              0.062157              0.062157              0.062157              1                     
6      0.04404         0.04404               0.04404               0.04404               0.04404               1                     
7      0.057337        0.057337              0.057337              0.057337              0.057337              1                     
8      0.055941        0.055941              0.055941              0.055941              0.055941              1                     
9      0.022355        0.022355              0.022355              0.022355              0.022355              1                     
10     0.042302        0.042302              0.042302              0.042302              0.042302              1                     
11     0.000237153     1.96717e-05           0.000123956           0.000307765           0.000497217           1.79204               
12     0.000617397     5.14888e-05           0.00031167            0.000776085           0.00133035            1.82303               
13     0.0351377       0.0553921             0.0458814             0.0300529             0.00922451            0.477692              
14     0.00206412      0.000106798           0.000855617           0.00266477            0.0046293             1.88548               
15     0.00338138      0.000775425           0.00360378            0.00528654            0.00385979            1.21636               
16     0.0351377       0.0553921             0.0458814             0.0300529             0.00922451            0.477692              
17     0.04404         0.04404               0.04404               0.04404               0.04404               1                     
18     0.055941        0.055941              0.055941              0.055941              0.055941              1                     
19     0.061197        0.061197              0.061197              0.061197              0.061197              1                     
20     0.040767        0.040767              0.040767              0.040767              0.040767              1                     
21     0.057337        0.057337              0.057337              0.057337              0.057337              1                     
22     0.061197        0.061197              0.061197              0.061197              0.061197              1                     
23     8.0634e-05      3.18844e-05           9.73704e-05           8.44597e-05           0.000108821           1.26455               
24     0.0181676       0.0507973             0.018847              0.00271697            0.000309214           0.148112              
25     0.000417994     0.000166451           0.000616844           0.000584662           0.00030402            0.92049               
26     0.00115301      5.0001e-05            0.00109388            0.00239457            0.00107359            1.16757               
27     0.000326987     5.54777e-05           0.000296499           0.000557154           0.000398816           1.28949               
28     1.64961e-05     2.01713e-08           9.32315e-07           8.82788e-06           5.6204e-05            2.51798               
29     0.000513643     6.41189e-05           0.000404928           0.000855108           0.000730417           1.41474               
30     0.079066        0.079066              0.079066              0.079066              0.079066              1                     
31     0.0282462       0.0427999             0.0365633             0.0254083             0.00821319            0.505573              
32     0.000368593     1.23776e-05           9.04493e-05           0.000312951           0.0010586             2.22197               
33     0.000824982     6.61624e-06           8.59384e-05           0.000515819           0.00269155            2.4389                
34     0.000411422     0.000144609           0.000574926           0.000637872           0.00028828            0.928063              
35     4.98227e-05     2.35192e-07           8.76579e-06           4.78566e-05           0.000142433           2.23126               
36     0.0025285       0.000687502           0.0032331             0.00439636            0.00179705            0.966052              
37     0.0181676       0.0507973             0.018847              0.00271697            0.000309214           0.148112              
38     0.0017113       0.000544612           0.00240752            0.0029917             0.000901361           0.84811               
39     0.00437187      0.00173076            0.00631642            0.00600033            0.00343998            0.954569              
40     0.0181676       0.0507973             0.018847              0.00271697            0.000309214           0.148112              
41     0.000704278     0.000202144           0.000919198           0.00123225            0.000463522           0.933419              
42     0.00639708      0.0187579             0.00623287            0.000572287           2.52366e-05           0.123053              
43     0.0025042       0.00112424            0.00425254            0.00387654            0.000763489           0.671245              
44     0.000426775     0.000169607           0.00064429            0.000657013           0.000236191           0.830501              
45     0.00239568      0.00112066            0.00416647            0.00365617            0.00063941            0.642945              
46     0.0202657       0.0474                0.0258872             0.0072487             0.00052676            0.211025              
47     0.0211499       0.049851              0.026861              0.00736252            0.000525232           0.207835              
48     0.00232214      0.00119071            0.0041727             0.00320423            0.000720928           0.646956              
49     0.0181676       0.0507973             0.018847              0.00271697            0.000309214           0.148112              
50     2.32575e-05     2.92615e-07           8.53401e-06           3.29257e-05           5.12778e-05           1.88159               
51     0.0405276       0.0893583             0.0519019             0.0179154             0.00293466            0.260525              
52     0.0278165       0.0641356             0.035613              0.0105033             0.00101405            0.222493              
53     0.0127563       0.0346212             0.0142203             0.00207213            0.000111456           0.149649              
54     0.0211499       0.049851              0.026861              0.00736252            0.000525232           0.207835              
55     0.0405276       0.0893583             0.0519019             0.0179154             0.00293466            0.260525              
56     0.0127563       0.0346212             0.0142203             0.00207213            0.000111456           0.149649              
57     0.0405276       0.0893583             0.0519019             0.0179154             0.00293466            0.260525              
58     0.0127563       0.0346212             0.0142203             0.00207213            0.000111456           0.149649              
59     0.0278165       0.0641356             0.035613              0.0105033             0.00101405            0.222493              
60     0.0202657       0.0474                0.0258872             0.0072487             0.00052676            0.211025              
61     0.0278165       0.0641356             0.035613              0.0105033             0.00101405            0.222493              
62     0.00180496      0.000869088           0.0027496             0.00256088            0.00104026            0.822728              
63     0.000214951     0.00010809            0.000347654           0.000258984           0.000145077           0.853366              
64     0.00183127      0.00066251            0.00263431            0.00292257            0.0011057             0.872578              
65     0.0405276       0.0893583             0.0519019             0.0179154             0.00293466            0.260525              
66     0.0233736       0.0568748             0.0287889             0.00717382            0.000656954           0.199437              
67     0.0269452       0.0685855             0.0319614             0.00657562            0.000658352           0.181389              
68     0.0269452       0.0685855             0.0319614             0.00657562            0.000658352           0.181389              
69     0.0405276       0.0893583             0.0519019             0.0179154             0.00293466            0.260525              
70     0.0269452       0.0685855             0.0319614             0.00657562            0.000658352           0.181389              
71     0.0202657       0.0474                0.0258872             0.0072487             0.00052676            0.211025              
72     0.000738492     0.000357847           0.00119963            0.000948348           0.000448146           0.822665              
73     0.0405276       0.0893583             0.0519019             0.0179154             0.00293466            0.260525              
74     0.0211499       0.049851              0.026861              0.00736252            0.000525232           0.207835              
75     0.0211499       0.049851              0.026861              0.00736252            0.000525232           0.207835              
76     0.0405276       0.0893583             0.0519019             0.0179154             0.00293466            0.260525              
77     9.0318e-05      9.22225e-07           2.66672e-05           0.000113121           0.000220561           2.00869               
78     6.30216e-05     4.5539e-07            1.4153e-05            6.78593e-05           0.000169619           2.14171               
79     0.00478297      0.0115463             0.00615317            0.00141688            1.5564e-05            0.18334               
80     0.0278165       0.0641356             0.035613              0.0105033             0.00101405            0.222493              
81     0.0278165       0.0641356             0.035613              0.0105033             0.00101405            0.222493              
82     0.000144662     7.34378e-05           0.000230505           0.000177404           9.72993e-05           0.854665              
83     0.000704278     0.000202144           0.000919198           0.00123225            0.000463522           0.933419              
84     5.89245e-05     3.61636e-07           1.19737e-05           5.95989e-05           0.000163764           2.18804               
85     0.00115973      0.000346524           0.00157847            0.00205549            0.00065844            0.878713              
86     0.000351619     1.5792e-05            0.000332377           0.00070579            0.000352518           1.20279               
87     0.000392104     0.000220665           0.000698029           0.000494122           0.0001556             0.681567              
88     8.78086e-05     1.13782e-06           3.21803e-05           0.000123665           0.000194251           1.88522               
89     0.00616849      0.0014775             0.00699264            0.0103088             0.00589504            1.11347               
90     0.0351377       0.0553921             0.0458814             0.0300529             0.00922451            0.477692              
91     0.00111029      9.17743e-05           0.000577168           0.00144168            0.00233055            1.7937                
92     0.00111029      9.17743e-05           0.000577168           0.00144168            0.00233055            1.7937                
93     0.0327657       0.0604428             0.0425707             0.0213368             0.00671246            0.395915              
94     0.0351377       0.0553921             0.0458814             0.0300529             0.00922451            0.477692              
95     0.00141094      0.00011817            0.000743399           0.00184534            0.00293685            1.78386               
96     0.0054275       0.00145491            0.00636411            0.00834665            0.00554433            1.13443               
97     0.0282462       0.0427999             0.0365633             0.0254083             0.00821319            0.505573              
98     0.00139401      0.000155146           0.00082679            0.0016849             0.00290921            1.77151               
99     0.00176647      0.000194773           0.00107259            0.00231566            0.00348284            1.71315               
100    0.00175001      7.70764e-05           0.000545738           0.00178055            0.00459669            2.09002               
101    0.00270344      0.000401823           0.00210974            0.0039939             0.00430828            1.49523               
102    0.00114459      7.33282e-05           0.000443512           0.00117113            0.0028904             2.02544               
103    0.00167616      0.000206702           0.00111297            0.00224838            0.00313657            1.65317               
104    0.0382435       0.0734055             0.0495209             0.0226249             0.00742281            0.376096              
105    0.0034576       0.000595283           0.00311813            0.00543423            0.00468277            1.35575               
106    0.000117978     1.75658e-05           9.41066e-05           0.000180823           0.000179417           1.45697               
107    2.12051e-05     1.50205e-07           4.54192e-06           2.16001e-05           5.85282e-05           2.17691               
108    2.33256e-05     4.00333e-08           2.74526e-06           2.32847e-05           6.72326e-05           2.25172               
109    0.000389046     6.49965e-05           0.000338279           0.000627757           0.000525153           1.35919               
110    1.39392e-05     1.56452e-08           8.50126e-07           8.11426e-06           4.67768e-05           2.49218               
111    0.000852483     0.000471242           0.00140101            0.0010572             0.000480479           0.784915              
112    8.88524e-05     2.04988e-05           0.000101554           0.000160206           7.31504e-05           1.04898               
113    0.000417994     0.000166451           0.000616844           0.000584662           0.00030402            0.92049               
114    8.09452e-05     3.97645e-06           3.54737e-05           0.000111592           0.000172739           1.8293                
115    0.000823524     2.22154e-05           0.000263586           0.000947514           0.00206078            2.03135               
116    0.00104652      4.24068e-05           0.00032799            0.0010914             0.00272427            2.079                 
117    0.00346625      0.000282245           0.00177706            0.0044974             0.0073083             1.79957               
118    0.000313982     6.65849e-05           0.00033186            0.000544125           0.000313358           1.15074               
119    0.00267963      0.000924332           0.00378992            0.00431329            0.00169099            0.892813              
120    3.44914e-05     3.38392e-07           1.06164e-05           4.6758e-05            8.02529e-05           1.95041               
121    0.0237231       0.0537657             0.0277384             0.0093147             0.00407376            0.312648              
122    0.00239978      0.000155316           0.001176              0.00322537            0.00504245            1.80265               
123    0.00057012      2.02057e-05           0.000143303           0.000492601           0.00162437            2.20955               
124    0.0237231       0.0537657             0.0277384             0.0093147             0.00407376            0.312648              
125    0.00437187      0.00173076            0.00631642            0.00600033            0.00343998            0.954569              
126    0.069147        0.069147              0.069147              0.069147              0.069147              1                     
127    0.000962844     9.57699e-05           0.000659776           0.00150541            0.00159042            1.5473                
128    0.00361524      0.00119683            0.00477883            0.00540623            0.00307907            1.01706               
129    0.00346625      0.000282245           0.00177706            0.0044974             0.0073083             1.79957               
130    0.0090675       0.020231              0.0117671             0.00367368            0.000598156           0.249599              
131    0.034155        0.034155              0.034155              0.034155              0.034155              1                     
Note : P(D|M) is the probability of site D given the model M (i.e., the site likelihood)
P(D|M,rr[x]) is the probability of site D given the model M and the relative rate
of evolution rr[x], where x is the class of rate to be considered.
We have P(D|M) = \sum_x P(x) x P(D|M,rr[x]).


Site   P(D|M)          P(D|M,rr[1]=0.0435)   P(D|M,rr[2]=0.2849)   P(D|M,rr[3]=0.8551)   P(D|M,rr[4]=2.8165)   Posterior mean        
1      0.00639685      0.0187545             0.00623401            0.000573652           2.52709e-05           0.123246              
2      4.04059e-05     6.99253e-06           3.71704e-05           6.91704e-05           4.82902e-05           1.27488               
3      0.00865879      0.003719              0.0130346             0.0120201             0.00586149            0.885292              
4      0.057337        0.057337              0.057337              0.057337              0.057337              1                     
5      0.062157        0.062157              0.062157              0.062157              0.062157              1                     
6      0.04404         0.04404               0.04404               0.04404               0.04404               1                     
7      0.057337        0.057337              0.057337              0.057337              0.057337              1                     
8      0.055941        0.055941              0.055941              0.055941              0.055941              1                     
9      0.022355        0.022355              0.022355              0.022355              0.022355              1                     
10     0.042302        0.042302              0.042302              0.042302              0.042302              1                     
11     0.000237126     1.96967e-05           0.00012398            0.000307682           0.000497146           1.79177               
12     0.000617332     5.15534e-05           0.000311729           0.000775863           0.00133018            1.82276               
13     0.0351413       0.0553897             0.0458793             0.0300603             0.00923587            0.478046              
14     0.00206394      0.000106942           0.000855818           0.00266385            0.00462914            1.88528               
15     0.00338205      0.000776349           0.00360423            0.00528647            0.00386114            1.21642               
16     0.0351413       0.0553897             0.0458793             0.0300603             0.00923587            0.478046              
17     0.04404         0.04404               0.04404               0.04404               0.04404               1                     
18     0.055941        0.055941              0.055941              0.055941              0.055941              1                     
19     0.061197        0.061197              0.061197              0.061197              0.061197              1                     
20     0.040767        0.040767              0.040767              0.040767              0.040767              1                     
21     0.057337        0.057337              0.057337              0.057337              0.057337              1                     
22     0.061197        0.061197              0.061197              0.061197              0.061197              1                     
23     8.0727e-05      3.19556e-05           9.75302e-05           8.46165e-05           0.000108806           1.26347               
24     0.0181675       0.0507886             0.01885               0.00272169            0.000309489           0.148321              
25     0.000417911     0.000166518           0.00061648            0.000584521           0.000304124           0.920802              
26     0.00115295      5.00616e-05           0.00109317            0.00239355            0.00107503            1.16833               
27     0.000326921     5.5505e-05            0.000296339           0.000556746           0.000399093           1.29004               
28     1.64757e-05     2.02125e-08           9.32217e-07           8.81632e-06           5.61339e-05           2.51748               
29     0.000513507     6.41508e-05           0.000404656           0.000854397           0.000730824           1.41529               
30     0.079066        0.079066              0.079066              0.079066              0.079066              1                     
31     0.0282495       0.0427983             0.0365619             0.0254138             0.00822405            0.505952              
32     0.000368368     1.23937e-05           9.04701e-05           0.000312808           0.0010578             2.22137               
33     0.000824278     6.62616e-06           8.59664e-05           0.000515483           0.00268904            2.4383                
34     0.000412052     0.000144934           0.000575711           0.000638854           0.000288708           0.928122              
35     4.98062e-05     2.35752e-07           8.77038e-06           4.7853e-05            0.000142366           2.23068               
36     0.00252851      0.000687822           0.00323144            0.00439529            0.00179948            0.966686              
37     0.0181675       0.0507886             0.01885               0.00272169            0.000309489           0.148321              
38     0.00171139      0.000544869           0.00240646            0.0029913             0.000902915           0.848746              
39     0.00437281      0.00173124            0.0063148             0.00600405            0.00344116            0.954782              
40     0.0181675       0.0507886             0.01885               0.00272169            0.000309489           0.148321              
41     0.000704278     0.00020224            0.000918775           0.00123192            0.000464181           0.934041              
42     0.00639685      0.0187545             0.00623401            0.000573652           2.52709e-05           0.123246              
43     0.00250449      0.00112474            0.0042508             0.00387737            0.000765031           0.671801              
44     0.000426769     0.000169677           0.000643951           0.000656963           0.000236485           0.831041              
45     0.00239592      0.00112115            0.00416473            0.003657              0.000640787           0.643493              
46     0.0202678       0.0473951             0.0258898             0.00725805            0.000528146           0.211309              
47     0.021152        0.0498457             0.0268636             0.00737212            0.000526623           0.208117              
48     0.0023223       0.00119055            0.00417054            0.00320605            0.000722049           0.647524              
49     0.0181675       0.0507886             0.01885               0.00272169            0.000309489           0.148321              
50     2.32688e-05     2.93341e-07           8.5399e-06            3.29431e-05           5.12988e-05           1.88127               
51     0.0405324       0.0893499             0.0519063             0.0179335             0.00293977            0.260832              
52     0.0278195       0.0641292             0.0356164             0.0105161             0.00101624            0.222781              
53     0.0127565       0.034616              0.0142224             0.00207617            0.000111601           0.149869              
54     0.021152        0.0498457             0.0268636             0.00737212            0.000526623           0.208117              
55     0.0405324       0.0893499             0.0519063             0.0179335             0.00293977            0.260832              
56     0.0127565       0.034616              0.0142224             0.00207617            0.000111601           0.149869              
57     0.0405324       0.0893499             0.0519063             0.0179335             0.00293977            0.260832              
58     0.0127565       0.034616              0.0142224             0.00207617            0.000111601           0.149869              
59     0.0278195       0.0641292             0.0356164             0.0105161             0.00101624            0.222781              
60     0.0202678       0.0473951             0.0258898             0.00725805            0.000528146           0.211309              
61     0.0278195       0.0641292             0.0356164             0.0105161             0.00101624            0.222781              
62     0.00180723      0.000870984           0.00275294            0.00256325            0.00104177            0.822816              
63     0.000215298     0.000108331           0.000348195           0.000259524           0.000145141           0.85302               
64     0.00183122      0.000662787           0.00263286            0.00292206            0.00110717            0.873169              
65     0.0405324       0.0893499             0.0519063             0.0179335             0.00293977            0.260832              
66     0.0233755       0.0568682             0.0287921             0.0071835             0.000658295           0.199705              
67     0.0269467       0.0685765             0.0319653             0.00658577            0.000659032           0.181629              
68     0.0269467       0.0685765             0.0319653             0.00658577            0.000659032           0.181629              
69     0.0405324       0.0893499             0.0519063             0.0179335             0.00293977            0.260832              
70     0.0269467       0.0685765             0.0319653             0.00658577            0.000659032           0.181629              
71     0.0202678       0.0473951             0.0258898             0.00725805            0.000528146           0.211309              
72     0.000738222     0.000357764           0.00119855            0.000948321           0.000448254           0.823064              
73     0.0405324       0.0893499             0.0519063             0.0179335             0.00293977            0.260832              
74     0.021152        0.0498457             0.0268636             0.00737212            0.000526623           0.208117              
75     0.021152        0.0498457             0.0268636             0.00737212            0.000526623           0.208117              
76     0.0405324       0.0893499             0.0519063             0.0179335             0.00293977            0.260832              
77     9.03239e-05     9.24426e-07           2.66779e-05           0.000113101           0.000220593           2.00849               
78     6.29696e-05     4.56142e-07           1.4146e-05            6.77729e-05           0.000169503           2.14157               
79     0.00478344      0.0115451             0.00615383            0.0014192             1.56631e-05           0.183602              
80     0.0278195       0.0641292             0.0356164             0.0105161             0.00101624            0.222781              
81     0.0278195       0.0641292             0.0356164             0.0105161             0.00101624            0.222781              
82     0.000144592     7.34168e-05           0.000230254           0.000177352           9.73469e-05           0.855195              
83     0.000704278     0.00020224            0.000918775           0.00123192            0.000464181           0.934041              
84     5.88735e-05     3.62248e-07           1.19694e-05           5.95351e-05           0.000163627           2.18772               
85     0.00116147      0.0003473             0.00158035            0.00205806            0.000660171           0.879168              
86     0.000351783     1.58227e-05           0.000332403           0.000705925           0.000352981           1.20329               
87     0.00039273      0.000221152           0.000699017           0.00049499            0.000155762           0.681586              
88     8.78286e-05     1.14035e-06           3.21907e-05           0.000123666           0.000194318           1.88511               
89     0.0061702       0.00147927            0.00699355            0.0103088             0.00589918            1.11369               
90     0.0351413       0.0553897             0.0458793             0.0300603             0.00923587            0.478046              
91     0.00111019      9.18907e-05           0.00057728            0.00144128            0.0023303             1.79344               
92     0.00111019      9.18907e-05           0.00057728            0.00144128            0.0023303             1.79344               
93     0.0327667       0.0604378             0.0425672             0.0213444             0.00671748            0.396186              
94     0.0351413       0.0553897             0.0458793             0.0300603             0.00923587            0.478046              
95     0.00141081      0.000118319           0.000743543           0.00184485            0.00293655            1.78361               
96     0.0054286       0.00145662            0.00636482            0.00834699            0.00554596            1.13447               
97     0.0282495       0.0427983             0.0365619             0.0254138             0.00822405            0.505952              
98     0.00139372      0.000155336           0.000826923           0.00168455            0.00290807            1.77106               
99     0.00176636      0.000195013           0.00107277            0.00231514            0.00348251            1.7129                
100    0.00174938      7.71761e-05           0.00054586            0.00177982            0.00459467            2.08957               
101    0.00270369      0.000402313           0.00211006            0.00399332            0.00430908            1.49517               
102    0.00114414      7.342e-05             0.000443596           0.00117073            0.0028888             2.0249                
103    0.00167608      0.000206955           0.00111315            0.00224795            0.00313625            1.65292               
104    0.0382438       0.0733986             0.0495164             0.0226341             0.00742613            0.37633               
105    0.00345806      0.000596011           0.00311861            0.00543377            0.00468385            1.35574               
106    0.000117878     1.75621e-05           9.39845e-05           0.00018056            0.000179403           1.4575                
107    2.11979e-05     1.5051e-07            4.5422e-06            2.15896e-05           5.85092e-05           2.17657               
108    2.33164e-05     4.0127e-08            2.74536e-06           2.32652e-05           6.72148e-05           2.25154               
109    0.000388923     6.50283e-05           0.0003381             0.000627279           0.000525287           1.35953               
110    1.39302e-05     1.56835e-08           8.50429e-07           8.10834e-06           4.67465e-05           2.4917                
111    0.000853668     0.000472265           0.00140279            0.00105868            0.000480943           0.784852              
112    8.87882e-05     2.04946e-05           0.000101432           0.000160014           7.32118e-05           1.04973               
113    0.000417911     0.000166518           0.00061648            0.000584521           0.000304124           0.920802              
114    8.08715e-05     3.97862e-06           3.54431e-05           0.000111429           0.000172636           1.8294                
115    0.000822789     2.22239e-05           0.000263326           0.000946298           0.00205931            2.03128               
116    0.00104548      4.24208e-05           0.000327713           0.0010899             0.00272188            2.07882               
117    0.0034644       0.000282334           0.00177581            0.00449318            0.00730627            1.79964               
118    0.000313947     6.66172e-05           0.000331695           0.000543832           0.000313641           1.1513                
119    0.00268266      0.000926353           0.00379375            0.00431699            0.00169355            0.89299               
120    3.44584e-05     3.38795e-07           1.06057e-05           4.66801e-05           8.0209e-05            1.95064               
121    0.0237303       0.0537635             0.0277533             0.00932899            0.00407547            0.312901              
122    0.00239854      0.000155367           0.00117507            0.0032223             0.00504144            1.80279               
123    0.000569352     2.02121e-05           0.000143186           0.000491838           0.00162217            2.20916               
124    0.0237303       0.0537635             0.0277533             0.00932899            0.00407547            0.312901              
125    0.00437281      0.00173124            0.0063148             0.00600405            0.00344116            0.954782              
126    0.069147        0.069147              0.069147              0.069147              0.069147              1                     
127    0.000962642     9.58009e-05           0.000659303           0.0015045             0.00159096            1.54768               
128    0.0036161       0.00119717            0.00477725            0.00540812            0.00308185            1.0175                
129    0.0034644       0.000282334           0.00177581            0.00449318            0.00730627            1.79964               
130    0.00907088      0.0202304             0.0117727             0.00368159            0.000598871           0.249939              
131    0.034155        0.034155              0.034155              0.034155              0.034155              1                     
