Note : P(D|M) is the probability of site D given the model M (i.e., the site likelihood)
P(D|M,rr[x]) is the probability of site D given the model M and the relative rate
of evolution rr[x], where x is the class of rate to be considered.
We have P(D|M) = \sum_x P(x) x P(D|M,rr[x]).


Site   P(D|M)          P(D|M,rr[1]=0.1626)   P(D|M,rr[2]=0.5133)   P(D|M,rr[3]=1.0189)   P(D|M,rr[4]=2.3052)   Posterior mean        
1      0.022951        0.022951              0.022951              0.022951              0.022951              1                     
2      0.0646          0.0646                0.0646                0.0646                0.0646                1                     
3      0.00948952      0.0184041             0.0115741             0.00617657            0.0018033             0.510679              
4      0.000161177     2.32767e-05           7.69857e-05           0.000161537           0.000382909           1.69155               
5      1.86229e-05     8.15086e-07           6.39199e-06           1.83361e-05           4.89483e-05           1.81134               
6      0.000343839     0.000143793           0.000340441           0.000456888           0.000434234           1.21033               
7      4.13473e-05     1.41972e-06           1.22743e-05           3.88364e-05           0.000112859           1.85175               
8      0.000159544     4.66892e-05           0.000114363           0.000176041           0.000301083           1.47249               
9      0.000352648     0.000220944           0.000440697           0.00047048            0.00027847            0.98075               
10     0.0446638       0.0813351             0.0542736             0.0319516             0.0110948             0.555358              
11     2.54171e-05     1.26738e-06           1.00218e-05           2.78269e-05           6.25524e-05           1.74977               
12     0.000767401     0.000261641           0.000648768           0.000956643           0.00120255            1.34296               
13     0.0446638       0.0813351             0.0542736             0.0319516             0.0110948             0.555358              
14     0.000219023     2.36703e-05           0.000145234           0.000302458           0.00040473            1.50617               
15     0.00159621      0.000502445           0.00129127            0.00202045            0.00257068            1.36714               
16     0.0282986       0.0602079             0.034073              0.0157649             0.00314885            0.447046              
17     8.72701e-05     3.38429e-06           2.8868e-05            8.76278e-05           0.0002292             1.81332               
18     0.00520508      0.010395              0.00649663            0.00331308            0.000615655           0.471665              
19     2.11978e-06     6.22362e-08           5.65115e-07           1.86371e-06           5.98807e-06           1.88729               
20     0.0304788       0.0579985             0.0374088             0.0206891             0.00581864            0.517801              
21     0.0446638       0.0813351             0.0542736             0.0319516             0.0110948             0.555358              
22     0.000188774     3.26611e-05           0.000115431           0.000228869           0.000378135           1.5487                
23     6.87788e-05     3.67609e-06           2.74504e-05           7.39008e-05           0.000170088           1.75223               
24     0.00254874      0.00190865            0.00349132            0.00329157            0.00150342            0.875133              
25     0.0446638       0.0813351             0.0542736             0.0319516             0.0110948             0.555358              
26     0.000897197     0.000502955           0.0010563             0.00121067            0.000818864           1.04358               
27     0.00520508      0.010395              0.00649663            0.00331308            0.000615655           0.471665              
28     0.00195023      0.00102828            0.00225828            0.00269637            0.00181797            1.05942               
29     0.00198751      0.00170371            0.00290177            0.00246828            0.000876295           0.792637              
30     0.00520508      0.010395              0.00649663            0.00331308            0.000615655           0.471665              
31     0.000147696     4.9257e-05            0.000127134           0.000190961           0.000223431           1.32516               
32     9.35987e-05     1.14656e-05           6.87375e-05           0.00013624            0.000157951           1.44251               
33     0.000188056     5.90044e-05           0.000155569           0.000240007           0.000297642           1.35612               
34     0.000767253     0.000584579           0.00104122            0.000966751           0.000476459           0.883958              
35     0.000640539     0.00032198            0.000703933           0.00085674            0.000679503           1.11351               
36     0.00018239      9.10688e-06           7.12788e-05           0.000200086           0.000449087           1.75058               
37     5.13076e-05     3.35367e-05           5.79777e-05           5.73623e-05           5.63538e-05           1.08934               
38     9.82375e-05     9.92995e-06           6.08587e-05           0.000128365           0.000193796           1.55332               
39     0.00520508      0.010395              0.00649663            0.00331308            0.000615655           0.471665              
40     8.20281e-05     3.16865e-06           2.86623e-05           8.83799e-05           0.000207902           1.78147               
41     0.000141217     8.79359e-05           0.000165517           0.000174179           0.000137236           1.04995               
42     0.00284043      0.00179881            0.00360642            0.00380589            0.00215059            0.966319              
43     0.000309096     4.10876e-05           0.000236739           0.000450882           0.000507675           1.42179               
44     0.000238062     3.84501e-05           0.000211106           0.00037069            0.000332001           1.3207                
45     0.00520508      0.010395              0.00649663            0.00331308            0.000615655           0.471665              
46     0.000233475     3.8073e-05            0.000208259           0.000363879           0.000323689           1.31706               
47     4.10405e-05     2.05328e-06           1.57276e-05           4.35329e-05           0.000102848           1.7656                
48     0.00025504      0.000168947           0.000319413           0.000326923           0.000204878           0.977112              
49     0.00270694      0.00156396            0.00326847            0.00368437            0.00231094            1.01713               
50     0.0173184       0.0391183             0.0204495             0.00843557            0.00127038            0.409712              
51     0.000244745     0.000211579           0.000336342           0.000281058           0.000150001           0.857221              
52     0.00520508      0.010395              0.00649663            0.00331308            0.000615655           0.471665              
53     0.0250669       0.0506179             0.0304714             0.0154171             0.00376139            0.481236              
54     0.0173184       0.0391183             0.0204495             0.00843557            0.00127038            0.409712              
55     0.0173184       0.0391183             0.0204495             0.00843557            0.00127038            0.409712              
56     6.49568e-05     7.05875e-06           4.16148e-05           8.4637e-05            0.000126516           1.54097               
57     0.0158488       0.0285598             0.0196049             0.0116712             0.00355955            0.549018              
58     0.0180588       0.0428425             0.0204613             0.00770322            0.00122811            0.389705              
59     7.54747e-05     2.20033e-06           2.00037e-05           6.71936e-05           0.000212501           1.88453               
60     0.00190225      0.000847531           0.00200409            0.0026199             0.00213746            1.15169               
61     0.00112224      0.000808361           0.00152975            0.0014788             0.000672022           0.884969              
62     0.000188774     3.26611e-05           0.000115431           0.000228869           0.000378135           1.5487                
63     0.000163737     5.86537e-05           0.000148538           0.000215851           0.000231907           1.283                 
64     0.000312053     9.25128e-05           0.000249034           0.000394792           0.000511874           1.38204               
65     0.000229887     8.24569e-05           0.000206948           0.00029874            0.000331401           1.29189               
66     2.60395e-05     6.92225e-07           6.21732e-06           2.11837e-05           7.60647e-05           1.92236               
67     5.32528e-05     1.81807e-05           4.64698e-05           6.89147e-05           7.9446e-05            1.31525               
68     0.000877855     0.000465379           0.00102428            0.00121233            0.000809431           1.05444               
69     6.18809e-05     1.68696e-06           1.77267e-05           6.11522e-05           0.000166958           1.84445               
70     0.00023251      0.000121322           0.000262466           0.000310889           0.000235362           1.09003               
71     0.00012882      3.38634e-05           9.94486e-05           0.000160494           0.000221474           1.4179                
72     0.0011534       0.000773872           0.00150306            0.00153384            0.000802816           0.93438               
73     0.000365686     0.000105328           0.000305271           0.000484725           0.00056742            1.35069               
74     0.00121242      0.00051161            0.00122168            0.00164214            0.00147425            1.19222               
75     1.90359e-05     9.64897e-06           2.16499e-05           2.64723e-05           1.83727e-05           1.077                 
76     0.00159864      0.00115846            0.00212162            0.00204368            0.00107081            0.911422              
77     0.000218973     2.81859e-05           0.000166412           0.000323077           0.000358217           1.42133               
78     0.0250669       0.0506179             0.0304714             0.0154171             0.00376139            0.481236              
79     8.89169e-05     4.02849e-05           9.60018e-05           0.000125102           9.42792e-05           1.1264                
80     0.0224014       0.0497046             0.0256733             0.0113675             0.00286025            0.440124              
81     0.000509888     0.000180709           0.00046211            0.000677415           0.000719317           1.28212               
82     0.0180588       0.0428425             0.0204613             0.00770322            0.00122811            0.389705              
83     0.0221503       0.0427532             0.0272348             0.0147531             0.00386               0.506346              
84     0.00148558      0.00111999            0.00194501            0.00182126            0.00105605            0.920616              
85     0.0221503       0.0427532             0.0272348             0.0147531             0.00386               0.506346              
86     0.031439        0.0505103             0.0385506             0.0263096             0.0103857             0.626217              
87     0.0193659       0.0438212             0.0218344             0.00936829            0.00243965            0.432509              
88     0.031439        0.0505103             0.0385506             0.0263096             0.0103857             0.626217              
89     2.83358e-05     7.5851e-06            2.05857e-05           3.3088e-05            5.20843e-05           1.46084               
90     0.0173184       0.0391183             0.0204495             0.00843557            0.00127038            0.409712              
91     0.0230465       0.0448572             0.0282896             0.0151399             0.00389928            0.501497              
92     0.0261269       0.0396509             0.0316538             0.0229368             0.0102659             0.667241              
93     0.0224014       0.0497046             0.0256733             0.0113675             0.00286025            0.440124              
94     0.0180588       0.0428425             0.0204613             0.00770322            0.00122811            0.389705              
95     0.00520508      0.010395              0.00649663            0.00331308            0.000615655           0.471665              
96     0.00520508      0.010395              0.00649663            0.00331308            0.000615655           0.471665              
97     0.0139492       0.0311674             0.0166234             0.00697691            0.00102911            0.413694              
98     0.0173184       0.0391183             0.0204495             0.00843557            0.00127038            0.409712              
99     0.0221503       0.0427532             0.0272348             0.0147531             0.00386               0.506346              
100    0.0446638       0.0813351             0.0542736             0.0319516             0.0110948             0.555358              
101    0.00520508      0.010395              0.00649663            0.00331308            0.000615655           0.471665              
102    0.0139492       0.0311674             0.0166234             0.00697691            0.00102911            0.413694              
103    0.000219023     2.36703e-05           0.000145234           0.000302458           0.00040473            1.50617               
104    0.0221503       0.0427532             0.0272348             0.0147531             0.00386               0.506346              
105    0.031439        0.0505103             0.0385506             0.0263096             0.0103857             0.626217              
106    0.0282986       0.0602079             0.034073              0.0157649             0.00314885            0.447046              
107    0.000564552     0.000318106           0.000653844           0.000739097           0.000547162           1.06355               
108    0.00277678      0.000870521           0.00226294            0.0034732             0.00450044            1.36996               
109    0.0592921       0.0877564             0.0689528             0.0510555             0.0294034             0.71454               
110    0.0245269       0.0440236             0.0297133             0.0177355             0.00663527            0.568537              
111    0.0394546       0.0668259             0.0473852             0.0303495             0.0132579             0.612577              
112    0.0385241       0.0530053             0.0448918             0.0356019             0.0205973             0.749004              
113    0.0245269       0.0440236             0.0297133             0.0177355             0.00663527            0.568537              
114    0.0592921       0.0877564             0.0689528             0.0510555             0.0294034             0.71454               
115    0.000483093     0.000299736           0.00060275            0.000642463           0.000387422           0.98626               
116    0.000279177     0.000102453           0.000245721           0.000346603           0.000421933           1.31509               
117    0.031439        0.0505103             0.0385506             0.0263096             0.0103857             0.626217              
118    0.0023049       0.00169424            0.00312848            0.00298719            0.00140968            0.886656              
119    9.66862e-05     5.82869e-06           4.43923e-05           0.000116529           0.000219995           1.67963               
120    7.76708e-05     3.61523e-06           2.98242e-05           8.56607e-05           0.000191583           1.75357               
121    0.000283324     3.37297e-05           0.000203509           0.000407089           0.000488968           1.45759               
122    0.00283135      0.00112094            0.00274827            0.00381142            0.00364476            1.22541               
123    0.000352648     0.000220944           0.000440697           0.00047048            0.00027847            0.98075               
124    0.000349819     5.9146e-05            0.000192295           0.000380891           0.000766945           1.61822               
125    0.000518164     0.000144671           0.000401489           0.000651844           0.000874651           1.40399               
126    0.0446638       0.0813351             0.0542736             0.0319516             0.0110948             0.555358              
127    0.0446638       0.0813351             0.0542736             0.0319516             0.0110948             0.555358              
128    0.000302656     0.000135777           0.000306777           0.000393979           0.000374092           1.19221               
129    0.000261896     1.03948e-05           9.58658e-05           0.000289738           0.000651586           1.76417               
130    9.47772e-05     1.3587e-05            4.56861e-05           9.57506e-05           0.000224085           1.68757               
131    0.0319377       0.0414785             0.0364869             0.0304009             0.0193844             0.791655              
132    0.099081        0.099081              0.099081              0.099081              0.099081              1                     
133    0.099081        0.099081              0.099081              0.099081              0.099081              1                     
134    0.061197        0.061197              0.061197              0.061197              0.061197              1                     
135    0.099081        0.099081              0.099081              0.099081              0.099081              1                     
136    0.022355        0.022355              0.022355              0.022355              0.022355              1                     
137    0.099081        0.099081              0.099081              0.099081              0.099081              1                     
Note : P(D|M) is the probability of site D given the model M (i.e., the site likelihood)
P(D|M,rr[x]) is the probability of site D given the model M and the relative rate
of evolution rr[x], where x is the class of rate to be considered.
We have P(D|M) = \sum_x P(x) x P(D|M,rr[x]).


Site   P(D|M)          P(D|M,rr[1]=0.1624)   P(D|M,rr[2]=0.5130)   P(D|M,rr[3]=1.0188)   P(D|M,rr[4]=2.3058)   Posterior mean        
1      0.022951        0.022951              0.022951              0.022951              0.022951              1                     
2      0.0646          0.0646                0.0646                0.0646                0.0646                1                     
3      0.00949214      0.0184095             0.0115787             0.0061778             0.00180258            0.510429              
4      0.000161173     2.32448e-05           7.69373e-05           0.000161508           0.000383002           1.69214               
5      1.86166e-05     8.13409e-07           6.38682e-06           1.8329e-05            4.89369e-05           1.81183               
6      0.000343489     0.000143591           0.000340153           0.000456513           0.000433698           1.21032               
7      4.13689e-05     1.41751e-06           1.22726e-05           3.88549e-05           0.000112931           1.85227               
8      0.000159527     4.66394e-05           0.000114312           0.000176005           0.000301151           1.47298               
9      0.000352832     0.000221013           0.000441093           0.00047084            0.000278381           0.980461              
10     0.044659        0.0813463             0.0542724             0.031937              0.0110802             0.554983              
11     2.54105e-05     1.26491e-06           1.00156e-05           2.78223e-05           6.25391e-05           1.75017               
12     0.000766793     0.000261273           0.000648232           0.000955986           0.00120168            1.34317               
13     0.044659        0.0813463             0.0542724             0.031937              0.0110802             0.554983              
14     0.000219021     2.36384e-05           0.000145232           0.000302549           0.000404667           1.5063                
15     0.0015958       0.000501915           0.00129082            0.00202033            0.00257014            1.36737               
16     0.0282969       0.0602193             0.0340718             0.0157541             0.00314256            0.446657              
17     8.73081e-05     3.37847e-06           2.88606e-05           8.76614e-05           0.000229332           1.81384               
18     0.0052045       0.0103966             0.00649642            0.00331097            0.000614046           0.471244              
19     2.12162e-06     6.21402e-08           5.65076e-07           1.86492e-06           5.99433e-06           1.8879                
20     0.0304755       0.058007              0.0374078             0.0206782             0.00580887            0.517405              
21     0.044659        0.0813463             0.0542724             0.031937              0.0110802             0.554983              
22     0.000188603     3.26068e-05           0.000115316           0.000228705           0.000377785           1.54895               
23     6.88482e-05     3.67206e-06           2.74622e-05           7.39791e-05           0.000170279           1.7527                
24     0.00254964      0.00190921            0.00349398            0.0032931             0.00150226            0.874769              
25     0.044659        0.0813463             0.0542724             0.031937              0.0110802             0.554983              
26     0.00089634      0.000502297           0.00105555            0.00120979            0.000817729           1.04344               
27     0.0052045       0.0103966             0.00649642            0.00331097            0.000614046           0.471244              
28     0.00195102      0.00102853            0.00226007            0.00269824            0.00181723            1.05913               
29     0.00198821      0.00170426            0.00290401            0.00246924            0.000875334           0.792236              
30     0.0052045       0.0103966             0.00649642            0.00331097            0.000614046           0.471244              
31     0.000147832     4.92678e-05           0.00012725            0.000191175           0.000223635           1.32533               
32     9.35993e-05     1.1452e-05            6.87449e-05           0.000136288           0.000157913           1.44255               
33     0.000187976     5.89403e-05           0.000155504           0.000239954           0.000297505           1.35628               
34     0.000766427     0.000583841           0.00104043            0.000965786           0.00047565            0.883727              
35     0.000639907     0.000321549           0.000703395           0.000856075           0.000678608           1.11342               
36     0.000182518     9.09624e-06           7.12949e-05           0.000200244           0.000449436           1.75101               
37     5.12849e-05     3.3505e-05            5.79508e-05           5.73311e-05           5.63529e-05           1.08958               
38     9.82453e-05     9.91587e-06           6.08521e-05           0.000128395           0.000193818           1.55361               
39     0.0052045       0.0103966             0.00649642            0.00331097            0.000614046           0.471244              
40     8.20377e-05     3.16335e-06           2.86548e-05           8.84042e-05           0.000207928           1.78186               
41     0.00014114      8.78507e-05           0.000165446           0.000174097           0.000137167           1.05                  
42     0.002839        0.00179715            0.00360555            0.0038049             0.00214838            0.966155              
43     0.000308921     4.1017e-05            0.000236627           0.00045076            0.000507281           1.42185               
44     0.000238055     3.84055e-05           0.000211134           0.000370812           0.00033187            1.32065               
45     0.0052045       0.0103966             0.00649642            0.00331097            0.000614046           0.471244              
46     0.00023341      3.80242e-05           0.000208252           0.000363911           0.000323455           1.31697               
47     4.10678e-05     2.05058e-06           1.57293e-05           4.35623e-05           0.000102929           1.76608               
48     0.000254879     0.000168784           0.000319282           0.000326761           0.000204688           0.977007              
49     0.00270445      0.00156194            0.00326629            0.00368189            0.00230769            1.01697               
50     0.0173179       0.0391268             0.0204486             0.0084289             0.00126733            0.409327              
51     0.000244586     0.000211387           0.000336201           0.000280881           0.000149875           0.857105              
52     0.0052045       0.0103966             0.00649642            0.00331097            0.000614046           0.471244              
53     0.0250649       0.0506265             0.0304704             0.0154079             0.00375467            0.480844              
54     0.0173179       0.0391268             0.0204486             0.0084289             0.00126733            0.409327              
55     0.0173179       0.0391268             0.0204486             0.0084289             0.00126733            0.409327              
56     6.4927e-05      7.04403e-06           4.15823e-05           8.46022e-05           0.000126479           1.54135               
57     0.0158467       0.0285633             0.0196044             0.0116657             0.00355349            0.548613              
58     0.018059        0.0428532             0.0204604             0.00769675            0.00122567            0.389337              
59     7.55766e-05     2.19776e-06           2.00109e-05           6.7271e-05            0.000212827           1.88514               
60     0.00190137      0.000846677           0.0020035             0.00261947            0.00213585            1.15164               
61     0.00112153      0.000807604           0.00152927            0.00147815            0.000671096           0.884732              
62     0.000188603     3.26068e-05           0.000115316           0.000228705           0.000377785           1.54895               
63     0.000163911     5.867e-05             0.000148694           0.000216132           0.000232147           1.28314               
64     0.000312389     9.25333e-05           0.000249273           0.000395287           0.000512461           1.38229               
65     0.000230153     8.24815e-05           0.000207176           0.000299155           0.000331801           1.29209               
66     2.60864e-05     6.91448e-07           6.22049e-06           2.12136e-05           7.62202e-05           1.92306               
67     5.33061e-05     1.8185e-05            4.6514e-05            6.89965e-05           7.9529e-05            1.31545               
68     0.000877355     0.000464916           0.00102395            0.00121197            0.000808586           1.0543                
69     6.1886e-05      1.68327e-06           1.77149e-05           6.11547e-05           0.000166991           1.84497               
70     0.000232731     0.000121367           0.000262766           0.000311281           0.000235509           1.08997               
71     0.000129017     3.38772e-05           9.95916e-05           0.000160779           0.00022182            1.41815               
72     0.00115409      0.000774146           0.00150453            0.00153514            0.000802559           0.934083              
73     0.000366132     0.000105363           0.000305662           0.000485488           0.000568016           1.35078               
74     0.00121139      0.000510925           0.00122086            0.00164121            0.00147257            1.19218               
75     1.90528e-05     9.65193e-06           2.16722e-05           2.65033e-05           1.83836e-05           1.07695               
76     0.00159942      0.00115882            0.00212337            0.00204495            0.00107053            0.911158              
77     0.000218961     2.81513e-05           0.000166425           0.000323179           0.000358088           1.42134               
78     0.0250649       0.0506265             0.0304704             0.0154079             0.00375467            0.480844              
79     8.90035e-05     4.02974e-05           9.61072e-05           0.000125265           9.43446e-05           1.12637               
80     0.0224011       0.0497159             0.0256725             0.0113599             0.00285597            0.439752              
81     0.000509645     0.000180516           0.000461934           0.000677271           0.000718859           1.28218               
82     0.018059        0.0428532             0.0204604             0.00769675            0.00122567            0.389337              
83     0.0221479       0.0427596             0.0272341             0.014745              0.00385299            0.505945              
84     0.00148635      0.00112039            0.00194668            0.00182242            0.00105593            0.920377              
85     0.0221479       0.0427596             0.0272341             0.014745              0.00385299            0.505945              
86     0.031434        0.0505148             0.0385499             0.0263002             0.0103711             0.625826              
87     0.0193659       0.0438318             0.0218336             0.00936201            0.00243631            0.432144              
88     0.031434        0.0505148             0.0385499             0.0263002             0.0103711             0.625826              
89     2.83123e-05     7.57305e-06           2.05629e-05           3.30578e-05           5.20555e-05           1.46126               
90     0.0173179       0.0391268             0.0204486             0.0084289             0.00126733            0.409327              
91     0.0230441       0.0448642             0.0282888             0.0151314             0.00389215            0.501097              
92     0.0261225       0.0396538             0.0316533             0.0229299             0.0102531             0.666867              
93     0.0224011       0.0497159             0.0256725             0.0113599             0.00285597            0.439752              
94     0.018059        0.0428532             0.0204604             0.00769675            0.00122567            0.389337              
95     0.0052045       0.0103966             0.00649642            0.00331097            0.000614046           0.471244              
96     0.0052045       0.0103966             0.00649642            0.00331097            0.000614046           0.471244              
97     0.0139486       0.0311739             0.0166227             0.00697143            0.00102653            0.413306              
98     0.0173179       0.0391268             0.0204486             0.0084289             0.00126733            0.409327              
99     0.0221479       0.0427596             0.0272341             0.014745              0.00385299            0.505945              
100    0.044659        0.0813463             0.0542724             0.031937              0.0110802             0.554983              
101    0.0052045       0.0103966             0.00649642            0.00331097            0.000614046           0.471244              
102    0.0139486       0.0311739             0.0166227             0.00697143            0.00102653            0.413306              
103    0.000219021     2.36384e-05           0.000145232           0.000302549           0.000404667           1.5063                
104    0.0221479       0.0427596             0.0272341             0.014745              0.00385299            0.505945              
105    0.031434        0.0505148             0.0385499             0.0263002             0.0103711             0.625826              
106    0.0282969       0.0602193             0.0340718             0.0157541             0.00314256            0.446657              
107    0.000563982     0.000317682           0.000653315           0.00073844            0.000546491           1.06349               
108    0.0027775       0.000870321           0.00226376            0.00347483            0.00450109            1.37006               
109    0.0592758       0.0877591             0.0689413             0.0510295             0.0293734             0.714196              
110    0.0245185       0.0440257             0.0297051             0.0177196             0.00662368            0.56809               
111    0.0394418       0.0668287             0.0473738             0.0303261             0.0132387             0.61216               
112    0.0385129       0.0530063             0.0448864             0.0355868             0.0205719             0.748621              
113    0.0245185       0.0440257             0.0297051             0.0177196             0.00662368            0.56809               
114    0.0592758       0.0877591             0.0689413             0.0510295             0.0293734             0.714196              
115    0.000483467     0.000299846           0.000603387           0.00064313            0.000387503           0.986083              
116    0.000279491     0.000102483           0.000245971           0.000347041           0.000422469           1.31535               
117    0.031434        0.0505148             0.0385499             0.0263002             0.0103711             0.625826              
118    0.00230274      0.00169214            0.00312645            0.00298487            0.00140749            0.886449              
119    9.67009e-05     5.82051e-06           4.43907e-05           0.000116576           0.000220017           1.67991               
120    7.76723e-05     3.60908e-06           2.98147e-05           8.56757e-05           0.00019159            1.75394               
121    0.000283385     3.36916e-05           0.000203549           0.000407294           0.000489005           1.45772               
122    0.00283315      0.00112124            0.00275083            0.00381513            0.00364541            1.22528               
123    0.000352832     0.000221013           0.000441093           0.00047084            0.000278381           0.980461              
124    0.000349789     5.90648e-05           0.000192179           0.000380831           0.000767082           1.61876               
125    0.000517754     0.000144455           0.000401132           0.000651401           0.000874029           1.40424               
126    0.044659        0.0813463             0.0542724             0.031937              0.0110802             0.554983              
127    0.044659        0.0813463             0.0542724             0.031937              0.0110802             0.554983              
128    0.000302342     0.000135591           0.000306522           0.00039364            0.000373615           1.19218               
129    0.000262137     1.03827e-05           9.59078e-05           0.000290048           0.000652209           1.76457               
130    9.47745e-05     1.35681e-05           4.56572e-05           9.57335e-05           0.000224139           1.68815               
131    0.031939        0.0414818             0.036491              0.0304028             0.0193806             0.791501              
132    0.099081        0.099081              0.099081              0.099081              0.099081              1                     
133    0.099081        0.099081              0.099081              0.099081              0.099081              1                     
134    0.061197        0.061197              0.061197              0.061197              0.061197              1                     
135    0.099081        0.099081              0.099081              0.099081              0.099081              1                     
136    0.022355        0.022355              0.022355              0.022355              0.022355              1                     
137    0.099081        0.099081              0.099081              0.099081              0.099081              1                     
Note : P(D|M) is the probability of site D given the model M (i.e., the site likelihood)
P(D|M,rr[x]) is the probability of site D given the model M and the relative rate
of evolution rr[x], where x is the class of rate to be considered.
We have P(D|M) = \sum_x P(x) x P(D|M,rr[x]).


Site   P(D|M)          P(D|M,rr[1]=0.1620)   P(D|M,rr[2]=0.5124)   P(D|M,rr[3]=1.0185)   P(D|M,rr[4]=2.3071)   Posterior mean        
1      0.022951        0.022951              0.022951              0.022951              0.022951              1                     
2      0.0646          0.0646                0.0646                0.0646                0.0646                1                     
3      0.00948881      0.0184141             0.0115758             0.00616871            0.00179662            0.509614              
4      0.000161421     2.32177e-05           7.69679e-05           0.000161723           0.000383774           1.69327               
5      1.86595e-05     8.11631e-07           6.39191e-06           1.83676e-05           4.90667e-05           1.81295               
6      0.000343647     0.00014353            0.000340445           0.000456966           0.000433646           1.21024               
7      4.14507e-05     1.4144e-06            1.22812e-05           3.8931e-05            0.000113176           1.85328               
8      0.000159513     4.65451e-05           0.000114219           0.000175949           0.000301342           1.474                 
9      0.000352575     0.000220781           0.000441088           0.000470675           0.000277757           0.979919              
10     0.0446441       0.0813655             0.0542633             0.0319007             0.0110467             0.55418               
11     2.54555e-05     1.26218e-06           1.00237e-05           2.78766e-05           6.26597e-05           1.75103               
12     0.000767412     0.000261155           0.000648794           0.000957131           0.00120257            1.34348               
13     0.0446441       0.0813655             0.0542633             0.0319007             0.0110467             0.55418               
14     0.000219073     2.35845e-05           0.000145274           0.000302806           0.000404628           1.50655               
15     0.00159514      0.00050092            0.00129008            0.00202039            0.00256918            1.36779               
16     0.0282896       0.0602391             0.0340636             0.0157274             0.00312813            0.445825              
17     8.74106e-05     3.36882e-06           2.8861e-05            8.77657e-05           0.000229647           1.81482               
18     0.00520267      0.0103993             0.00649509            0.00330583            0.000610445           0.470347              
19     2.12653e-06     6.20019e-08           5.65501e-07           1.86879e-06           6.00982e-06           1.88903               
20     0.0304651       0.0580217             0.037401              0.0206512             0.00578663            0.516558              
21     0.0446441       0.0813655             0.0542633             0.0319007             0.0110467             0.55418               
22     0.000188871     3.25866e-05           0.000115448           0.000229137           0.000378312           1.54948               
23     6.8946e-05      3.66446e-06           2.74795e-05           7.40956e-05           0.000170545           1.75355               
24     0.00254754      0.00190729            0.00349385            0.00329109            0.00149793            0.874091              
25     0.0446441       0.0813655             0.0542633             0.0319007             0.0110467             0.55418               
26     0.000896314     0.000502096           0.00105627            0.00121033            0.000816553           1.04293               
27     0.00520267      0.0103993             0.00649509            0.00330583            0.000610445           0.470347              
28     0.00194969      0.00102739            0.00226016            0.00269794            0.00181326            1.0586                
29     0.00198642      0.00170262            0.00290381            0.00246714            0.000872093           0.791448              
30     0.00520267      0.0103993             0.00649509            0.00330583            0.000610445           0.470347              
31     0.000147819     4.92087e-05           0.000127264           0.000191254           0.000223551           1.32548               
32     9.36316e-05     1.1432e-05            6.87972e-05           0.000136442           0.000157855           1.4425                
33     0.000187822     5.88194e-05           0.00015539            0.000239862           0.000297218           1.35655               
34     0.000766363     0.000583669           0.00104111            0.000965879           0.000474788           0.883122              
35     0.000640035     0.000321419           0.000703928           0.000856664           0.00067813            1.11314               
36     0.000182666     9.06965e-06           7.12904e-05           0.000200459           0.000449843           1.75182               
37     5.12398e-05     3.34441e-05           5.78957e-05           5.72634e-05           5.63559e-05           1.0901                
38     9.82616e-05     9.88958e-06           6.08462e-05           0.000128461           0.00019385            1.55413               
39     0.00520267      0.0103993             0.00649509            0.00330583            0.000610445           0.470347              
40     8.21561e-05     3.1563e-06            2.8676e-05            8.85704e-05           0.000208222           1.78258               
41     0.000140985     8.76883e-05           0.000165306           0.000173921           0.000137024           1.05007               
42     0.00283615      0.00179407            0.00360418            0.00380293            0.00214343            0.965731              
43     0.000308997     4.09332e-05           0.000236748           0.000451178           0.000507128           1.4219                
44     0.000238006     3.833e-05             0.000211229           0.000371028           0.000331435           1.32033               
45     0.00520267      0.0103993             0.00649509            0.00330583            0.000610445           0.470347              
46     0.000233386     3.79518e-05           0.000208361           0.000364158           0.000323073           1.31667               
47     4.11178e-05     2.0455e-06            1.57339e-05           4.36209e-05           0.000103071           1.76696               
48     0.000254546     0.000168473           0.000319025           0.000326415           0.000204273           0.976733              
49     0.00270405      0.00156129            0.00326838            0.00368311            0.0023034             1.01636               
50     0.0173143       0.0391414             0.020443              0.00841238            0.00126034            0.408507              
51     0.000244257     0.00021102            0.000335911           0.000280493           0.000149604           0.856827              
52     0.00520267      0.0103993             0.00649509            0.00330583            0.000610445           0.470347              
53     0.0250574       0.0506413             0.030464              0.0153849             0.00373931            0.480005              
54     0.0173143       0.0391414             0.020443              0.00841238            0.00126034            0.408507              
55     0.0173143       0.0391414             0.020443              0.00841238            0.00126034            0.408507              
56     6.49409e-05     7.02655e-06           4.15834e-05           8.46492e-05           0.000126504           1.54185               
57     0.0158407       0.0285695             0.0196013             0.0116521             0.0035398             0.547746              
58     0.0180566       0.0428716             0.0204541             0.00768062            0.00122003            0.388552              
59     7.57156e-05     2.19205e-06           2.00183e-05           6.73882e-05           0.000213264           1.88622               
60     0.0018997       0.000845085           0.00200255            0.00261878            0.00213238            1.15148               
61     0.00112008      0.000806182           0.00152837            0.00147675            0.000669031           0.884165              
62     0.000188871     3.25866e-05           0.000115448           0.000229137           0.000378312           1.54948               
63     0.000163874     5.85999e-05           0.000148706           0.000216197           0.000231993           1.28318               
64     0.000312405     9.242e-05             0.000249304           0.000395491           0.000512407           1.38257               
65     0.000230117     8.23832e-05           0.000207191           0.000299241           0.000331654           1.29221               
66     2.6147e-05      6.89907e-07           6.22436e-06           2.12551e-05           7.64185e-05           1.92425               
67     5.33008e-05     1.81633e-05           4.65187e-05           6.90224e-05           7.9499e-05            1.3156                
68     0.000876345     0.000464049           0.00102336            0.00121125            0.00080672            1.05392               
69     6.19558e-05     1.67785e-06           1.7712e-05            6.12284e-05           0.000167205           1.84593               
70     0.0002326       0.000121232           0.000262766           0.000311231           0.00023517            1.08967               
71     0.000129046     3.38317e-05           9.95997e-05           0.000160853           0.000221901           1.41866               
72     0.00115317      0.000773339           0.00150448            0.00153441            0.000800435           0.933447              
73     0.000366092     0.000105224           0.000305691           0.000485681           0.000567771           1.35092               
74     0.00121163      0.000510677           0.00122174            0.00164249            0.00147162            1.19195               
75     1.90393e-05     9.64107e-06           2.16729e-05           2.65008e-05           1.83425e-05           1.07641               
76     0.00159822      0.00115766            0.00212329            0.00204385            0.00106807            0.9106                
77     0.000219        2.80981e-05           0.000166525           0.000323485           0.000357891           1.42127               
78     0.0250574       0.0506413             0.030464              0.0153849             0.00373931            0.480005              
79     8.89439e-05     4.02504e-05           9.61119e-05           0.000125267           9.41468e-05           1.12587               
80     0.0223971       0.0497355             0.0256657             0.011341              0.00284609            0.438961              
81     0.000509165     0.000180153           0.000461623           0.000677011           0.000717872           1.28222               
82     0.0180566       0.0428716             0.0204541             0.00768062            0.00122003            0.388552              
83     0.0221404       0.0427707             0.0272289             0.014725              0.00383706            0.505087              
84     0.00148536      0.00111931            0.00194659            0.00182146            0.00105409            0.919949              
85     0.0221404       0.0427707             0.0272289             0.014725              0.00383706            0.505087              
86     0.0314208       0.0505225             0.0385454             0.0262773             0.0103382             0.624987              
87     0.0193631       0.0438501             0.0218276             0.0093461             0.00242856            0.431368              
88     0.0314208       0.0505225             0.0385454             0.0262773             0.0103382             0.624987              
89     2.83519e-05     7.56996e-06           2.05858e-05           3.31109e-05           5.21409e-05           1.46191               
90     0.0173143       0.0391414             0.020443              0.00841238            0.00126034            0.408507              
91     0.0230365       0.0448761             0.0282833             0.0151106             0.00387595            0.50024               
92     0.0261115       0.0396589             0.0316502             0.0229128             0.0102243             0.666065              
93     0.0223971       0.0497355             0.0256657             0.011341              0.00284609            0.438961              
94     0.0180566       0.0428716             0.0204541             0.00768062            0.00122003            0.388552              
95     0.00520267      0.0103993             0.00649509            0.00330583            0.000610445           0.470347              
96     0.00520267      0.0103993             0.00649509            0.00330583            0.000610445           0.470347              
97     0.0139455       0.0311851             0.0166183             0.00695792            0.00102064            0.412479              
98     0.0173143       0.0391414             0.020443              0.00841238            0.00126034            0.408507              
99     0.0221404       0.0427707             0.0272289             0.014725              0.00383706            0.505087              
100    0.0446441       0.0813655             0.0542633             0.0319007             0.0110467             0.55418               
101    0.00520267      0.0103993             0.00649509            0.00330583            0.000610445           0.470347              
102    0.0139455       0.0311851             0.0166183             0.00695792            0.00102064            0.412479              
103    0.000219073     2.35845e-05           0.000145274           0.000302806           0.000404628           1.50655               
104    0.0221404       0.0427707             0.0272289             0.014725              0.00383706            0.505087              
105    0.0314208       0.0505225             0.0385454             0.0262773             0.0103382             0.624987              
106    0.0282896       0.0602391             0.0340636             0.0157274             0.00312813            0.445825              
107    0.000564088     0.000317569           0.000653812           0.000738866           0.000546107           1.06319               
108    0.00277771      0.000869081           0.00226367            0.00347622            0.00450188            1.3705                
109    0.0592655       0.0877754             0.0689427             0.0510071             0.0293368             0.713655              
110    0.0245151       0.0440387             0.029706              0.0177059             0.00660963            0.567392              
111    0.0394356       0.0668461             0.0473751             0.0303061             0.0132153             0.611506              
112    0.0385037       0.0530128             0.044887              0.0355739             0.020541              0.748051              
113    0.0245151       0.0440387             0.029706              0.0177059             0.00660963            0.567392              
114    0.0592655       0.0877754             0.0689427             0.0510071             0.0293368             0.713655              
115    0.000483126     0.000299526           0.000603375           0.000642888           0.000386713           0.985596              
116    0.000279507     0.000102364           0.000245989           0.000347146           0.000422529           1.31572               
117    0.0314208       0.0505225             0.0385454             0.0262773             0.0103382             0.624987              
118    0.00230212      0.00169154            0.0031282             0.00298467            0.00140406            0.885723              
119    9.67975e-05     5.80834e-06           4.44204e-05           0.000116756           0.000220205           1.68044               
120    7.77773e-05     3.60098e-06           2.98334e-05           8.58213e-05           0.000191853           1.75469               
121    0.000283473     3.36333e-05           0.000203696           0.000407721           0.00048884            1.45771               
122    0.00283215      0.00111991            0.00275102            0.00381589            0.00364179            1.22517               
123    0.000352575     0.000220781           0.000441088           0.000470675           0.000277757           0.979919              
124    0.000350185     5.8996e-05            0.000192252           0.000381277           0.000768216           1.61967               
125    0.000518218     0.000144384           0.000401514           0.000652296           0.000874677           1.40455               
126    0.0446441       0.0813655             0.0542633             0.0319007             0.0110467             0.55418               
127    0.0446441       0.0813655             0.0542633             0.0319007             0.0110467             0.55418               
128    0.00030251      0.000135536           0.000306778           0.000394014           0.000373711           1.19223               
129    0.000262386     1.03581e-05           9.5949e-05            0.000290454           0.000652785           1.76524               
130    9.49194e-05     1.3552e-05            4.56755e-05           9.58597e-05           0.00022459            1.68928               
131    0.0319279       0.0414846             0.0364884             0.0303892             0.0193493             0.79092               
132    0.099081        0.099081              0.099081              0.099081              0.099081              1                     
133    0.099081        0.099081              0.099081              0.099081              0.099081              1                     
134    0.061197        0.061197              0.061197              0.061197              0.061197              1                     
135    0.099081        0.099081              0.099081              0.099081              0.099081              1                     
136    0.022355        0.022355              0.022355              0.022355              0.022355              1                     
137    0.099081        0.099081              0.099081              0.099081              0.099081              1                     
Note : P(D|M) is the probability of site D given the model M (i.e., the site likelihood)
P(D|M,rr[x]) is the probability of site D given the model M and the relative rate
of evolution rr[x], where x is the class of rate to be considered.
We have P(D|M) = \sum_x P(x) x P(D|M,rr[x]).


Site   P(D|M)          P(D|M,rr[1]=0.1618)   P(D|M,rr[2]=0.5122)   P(D|M,rr[3]=1.0184)   P(D|M,rr[4]=2.3075)   Posterior mean        
1      0.022951        0.022951              0.022951              0.022951              0.022951              1                     
2      0.0646          0.0646                0.0646                0.0646                0.0646                1                     
3      0.00948919      0.0184169             0.011577              0.00616756            0.00179531            0.509379              
4      0.000161463     2.32012e-05           7.69554e-05           0.00016175            0.000383945           1.69368               
5      1.8658e-05      8.10795e-07           6.39043e-06           1.83669e-05           4.90638e-05           1.81325               
6      0.000343356     0.00014339            0.000340225           0.000456644           0.000433163           1.21016               
7      4.14753e-05     1.41332e-06           1.2284e-05            3.89554e-05           0.000113248           1.85362               
8      0.000159596     4.654e-05             0.000114255           0.000176034           0.000301556           1.47431               
9      0.000352676     0.000220847           0.000441367           0.000470877           0.000277613           0.979627              
10     0.0446355       0.0813703             0.0542559             0.0318832             0.0110324             0.553863              
11     2.54533e-05     1.26094e-06           1.00224e-05           2.78786e-05           6.26512e-05           1.75124               
12     0.00076693      0.0002609             0.000648399           0.000956602           0.00120182            1.3436                
13     0.0446355       0.0813703             0.0542559             0.0318832             0.0110324             0.553863              
14     0.000219098     2.35718e-05           0.00014532            0.00030293            0.00040457            1.50654               
15     0.00159539      0.000500855           0.00129046            0.00202114            0.00256912            1.3678                
16     0.0282844       0.060244              0.0340569             0.0157147             0.00312197            0.445498              
17     8.74755e-05     3.36689e-06           2.88739e-05           8.78386e-05           0.000229823           1.81512               
18     0.00520157      0.0104                0.00649401            0.00330338            0.000608909           0.46999               
19     2.12831e-06     6.19551e-08           5.65652e-07           1.87017e-06           6.01548e-06           1.88944               
20     0.030459        0.0580254             0.0373953             0.0206383             0.00577712            0.516222              
21     0.0446355       0.0813703             0.0542559             0.0318832             0.0110324             0.553863              
22     0.000188735     3.25496e-05           0.000115368           0.000229015           0.000378007           1.5496                
23     6.90033e-05     3.66254e-06           2.74938e-05           7.4163e-05            0.000170694           1.75385               
24     0.00254794      0.00190783            0.00349568            0.00329169            0.00149657            0.873741              
25     0.0446355       0.0813703             0.0542559             0.0318832             0.0110324             0.553863              
26     0.000895593     0.000501639           0.00105569            0.00120954            0.000815502           1.04275               
27     0.00520157      0.0104                0.00649401            0.00330338            0.000608909           0.46999               
28     0.00195013      0.00102766            0.00226151            0.00269911            0.00181224            1.0583                
29     0.00198669      0.00170313            0.00290528            0.00246734            0.000871014           0.791066              
30     0.00520157      0.0104                0.00649401            0.00330338            0.000608909           0.46999               
31     0.000147913     4.92212e-05           0.000127354           0.000191408           0.000223668           1.32553               
32     9.36262e-05     1.14244e-05           6.8809e-05            0.000136473           0.000157798           1.44245               
33     0.000187867     5.88118e-05           0.000155442           0.000239963           0.000297253           1.35659               
34     0.000765644     0.000583145           0.00104044            0.000964959           0.000474034           0.882876              
35     0.000639503     0.000321119           0.000703511           0.000856074           0.000677308           1.113                 
36     0.000182813     9.06773e-06           7.13416e-05           0.000200661           0.000450182           1.75203               
37     5.12484e-05     3.34421e-05           5.79074e-05           5.72668e-05           5.63775e-05           1.09022               
38     9.82972e-05     9.88544e-06           6.08724e-05           0.000128532           0.000193899           1.55423               
39     0.00520157      0.0104                0.00649401            0.00330338            0.000608909           0.46999               
40     8.2176e-05      3.15368e-06           2.86803e-05           8.86112e-05           0.000208259           1.78278               
41     0.000140987     8.76814e-05           0.000165341           0.000173929           0.000136996           1.04998               
42     0.0028356       0.00179384            0.00360469            0.00380251            0.00214135            0.965443              
43     0.00030889      4.0899e-05            0.000236732           0.000451142           0.000506786           1.42183               
44     0.000238        3.83092e-05           0.000211287           0.000371129           0.000331275           1.32018               
45     0.00520157      0.0104                0.00649401            0.00330338            0.000608909           0.46999               
46     0.000233337     3.79276e-05           0.000208392           0.00036419            0.000322838           1.31648               
47     4.1148e-05      2.04452e-06           1.57416e-05           4.36568e-05           0.000103149           1.76725               
48     0.000254525     0.000168459           0.00031909            0.000326408           0.000204143           0.976515              
49     0.00270197      0.0015599             0.00326671            0.00368087            0.00230038            1.01616               
50     0.0173113       0.039145              0.0204385             0.00840449            0.00125737            0.408184              
51     0.000244227     0.000211008           0.000335959           0.000280434           0.000149506           0.8566                
52     0.00520157      0.0104                0.00649401            0.00330338            0.000608909           0.46999               
53     0.0250526       0.050645              0.0304587             0.0153739             0.00373275            0.479674              
54     0.0173113       0.039145              0.0204385             0.00840449            0.00125737            0.408184              
55     0.0173113       0.039145              0.0204385             0.00840449            0.00125737            0.408184              
56     6.49433e-05     7.0205e-06            4.15825e-05           8.46601e-05           0.00012651            1.54204               
57     0.0158373       0.028571              0.0195987             0.0116457             0.00353394            0.547401              
58     0.0180539       0.0428761             0.020449              0.00767291            0.00121763            0.388245              
59     7.5808e-05      2.19121e-06           2.00319e-05           6.74679e-05           0.000213541           1.8866                
60     0.00189955      0.00084497            0.00200301            0.00261915            0.00213106            1.15127               
61     0.00111985      0.000806098           0.00152861            0.0014765             0.000668207           0.883826              
62     0.000188735     3.25496e-05           0.000115368           0.000229015           0.000378007           1.5496                
63     0.000163989     5.86169e-05           0.000148824           0.000216393           0.000232124           1.2832                
64     0.00031264      9.24439e-05           0.000249492           0.000395853           0.000512773           1.38269               
65     0.000230296     8.24081e-05           0.000207361           0.000299527           0.000331888           1.29229               
66     2.6187e-05      6.89557e-07           6.22844e-06           2.12824e-05           7.65477e-05           1.92474               
67     5.33372e-05     1.81681e-05           4.65528e-05           6.90805e-05           7.95473e-05           1.31567               
68     0.000876242     0.000463993           0.00102359            0.00121132            0.000806067           1.05366               
69     6.19905e-05     1.6766e-06            1.77184e-05           6.12739e-05           0.000167293           1.84619               
70     0.000232736     0.000121273           0.000262977           0.000311475           0.000235218           1.08955               
71     0.000129184     3.38447e-05           9.97056e-05           0.000161053           0.000222134           1.4188                
72     0.00115354      0.000773587           0.00150549            0.00153511            0.000799972           0.933141              
73     0.000366397     0.00010526            0.000305987           0.000486216           0.000568123           1.35092               
74     0.00121078      0.000510208           0.00122115            0.0016417             0.00147008            1.19184               
75     1.90491e-05     9.64396e-06           2.1689e-05            2.65202e-05           1.83435e-05           1.07625               
76     0.00159861      0.001158              0.00212448            0.00204444            0.00106753            0.910326              
77     0.000218987     2.80804e-05           0.000166561           0.00032357            0.000357738           1.42118               
78     0.0250526       0.050645              0.0304587             0.0153739             0.00373275            0.479674              
79     8.89958e-05     4.02628e-05           9.61888e-05           0.000125372           9.41598e-05           1.12573               
80     0.0223936       0.0497404             0.0256601             0.011332              0.00284188            0.438652              
81     0.000509222     0.00018013            0.000461764           0.000677243           0.000717753           1.28216               
82     0.0180539       0.0428761             0.020449              0.00767291            0.00121763            0.388245              
83     0.022136        0.0427735             0.0272247             0.0147154             0.00383024            0.504746              
84     0.00148577      0.00111966            0.00194769            0.00182199            0.00105373            0.919707              
85     0.022136        0.0427735             0.0272247             0.0147154             0.00383024            0.504746              
86     0.0314141       0.0505244             0.0385417             0.0262663             0.0103241             0.624652              
87     0.0193602       0.0438546             0.0218226             0.00933848            0.00242526            0.431066              
88     0.0314141       0.0505244             0.0385417             0.0262663             0.0103241             0.624652              
89     2.83339e-05     7.56147e-06           2.05685e-05           3.30869e-05           5.21187e-05           1.46221               
90     0.0173113       0.039145              0.0204385             0.00840449            0.00125737            0.408184              
91     0.0230319       0.0448791             0.0282788             0.0151006             0.00386902            0.499901              
92     0.0261061       0.0396601             0.0316477             0.0229047             0.010212              0.665743              
93     0.0223936       0.0497404             0.0256601             0.011332              0.00284188            0.438652              
94     0.0180539       0.0428761             0.020449              0.00767291            0.00121763            0.388245              
95     0.00520157      0.0104                0.00649401            0.00330338            0.000608909           0.46999               
96     0.00520157      0.0104                0.00649401            0.00330338            0.000608909           0.46999               
97     0.013943        0.0311879             0.0166146             0.00695147            0.00101813            0.412152              
98     0.0173113       0.039145              0.0204385             0.00840449            0.00125737            0.408184              
99     0.022136        0.0427735             0.0272247             0.0147154             0.00383024            0.504746              
100    0.0446355       0.0813703             0.0542559             0.0318832             0.0110324             0.553863              
101    0.00520157      0.0104                0.00649401            0.00330338            0.000608909           0.46999               
102    0.013943        0.0311879             0.0166146             0.00695147            0.00101813            0.412152              
103    0.000219098     2.35718e-05           0.00014532            0.00030293            0.00040457            1.50654               
104    0.022136        0.0427735             0.0272247             0.0147154             0.00383024            0.504746              
105    0.0314141       0.0505244             0.0385417             0.0262663             0.0103241             0.624652              
106    0.0282844       0.060244              0.0340569             0.0157147             0.00312197            0.445498              
107    0.000563608     0.000317271           0.000653388           0.000738274           0.000545498           1.06308               
108    0.00277857      0.000869164           0.00226473            0.0034779             0.00450249            1.37051               
109    0.0592477       0.0877743             0.0689278             0.0509801             0.0293087             0.713364              
110    0.0245053       0.0440378             0.0296953             0.0176894             0.0065988             0.567015              
111    0.0394211       0.0668449             0.0473602             0.0302819             0.0131974             0.611155              
112    0.038492        0.0530124             0.04488               0.0355583             0.0205172             0.74772               
113    0.0245053       0.0440378             0.0296953             0.0176894             0.0065988             0.567015              
114    0.0592477       0.0877743             0.0689278             0.0509801             0.0293087             0.713364              
115    0.000483339     0.000299625           0.000603814           0.000643267           0.000386651           0.98538               
116    0.000279725     0.000102394           0.000246176           0.00034745            0.00042288            1.31587               
117    0.0314141       0.0505244             0.0385417             0.0262663             0.0103241             0.624652              
118    0.00230027      0.00169007            0.00312654            0.00298247            0.001402              0.885494              
119    9.68177e-05     5.80429e-06           4.44311e-05           0.000116811           0.000220224           1.68057               
120    7.77926e-05     3.59804e-06           2.98374e-05           8.58561e-05           0.000191879           1.75489               
121    0.000283506     3.36116e-05           0.000203745           0.000407872           0.000488796           1.45772               
122    0.00283336      0.00112023            0.00275299            0.0038185             0.00364173            1.22501               
123    0.000352676     0.000220847           0.000441367           0.000470877           0.000277613           0.979627              
124    0.000350244     5.89539e-05           0.000192222           0.000381334           0.000768466           1.62003               
125    0.0005179       0.000144235           0.000401259           0.000651957           0.000874149           1.40469               
126    0.0446355       0.0813703             0.0542559             0.0318832             0.0110324             0.553863              
127    0.0446355       0.0813703             0.0542559             0.0318832             0.0110324             0.553863              
128    0.000302245     0.000135406           0.00030658            0.000393716           0.000373278           1.19213               
129    0.000262613     1.03529e-05           9.60141e-05           0.000290767           0.000653317           1.76546               
130    9.49439e-05     1.35423e-05           4.5668e-05            9.58756e-05           0.00022469            1.68969               
131    0.0319264       0.0414864             0.0364895             0.0303875             0.0193424             0.790761              
132    0.099081        0.099081              0.099081              0.099081              0.099081              1                     
133    0.099081        0.099081              0.099081              0.099081              0.099081              1                     
134    0.061197        0.061197              0.061197              0.061197              0.061197              1                     
135    0.099081        0.099081              0.099081              0.099081              0.099081              1                     
136    0.022355        0.022355              0.022355              0.022355              0.022355              1                     
137    0.099081        0.099081              0.099081              0.099081              0.099081              1                     
