Note : P(D|M) is the probability of site D given the model M (i.e., the site likelihood)
P(D|M,rr[x]) is the probability of site D given the model M and the relative rate
of evolution rr[x], where x is the class of rate to be considered.
We have P(D|M) = \sum_x P(x) x P(D|M,rr[x]).


Site   P(D|M)          P(D|M,rr[1]=0.3074)   P(D|M,rr[2]=0.6674)   P(D|M,rr[3]=1.0728)   P(D|M,rr[4]=1.9525)   Posterior mean        
1      0.022951        0.022951              0.022951              0.022951              0.022951              1                     
2      0.061197        0.061197              0.061197              0.061197              0.061197              1                     
3      0.057337        0.057337              0.057337              0.057337              0.057337              1                     
4      0.00384599      0.00311231            0.00438499            0.00447279            0.00341387            0.997588              
5      0.0192838       0.0370679             0.0217073             0.0128435             0.0055166             0.65379               
6      0.034275        0.0478309             0.0388776             0.0309851             0.0194064             0.815308              
7      0.0012115       0.000367213           0.000970071           0.00150738            0.00200132            1.29692               
8      0.0200099       0.0317197             0.0230559             0.0165014             0.00876266            0.748982              
9      0.071586        0.071586              0.071586              0.071586              0.071586              1                     
10     0.012066        0.012066              0.012066              0.012066              0.012066              1                     
11     0.012937        0.012937              0.012937              0.012937              0.012937              1                     
12     0.042302        0.042302              0.042302              0.042302              0.042302              1                     
13     0.069147        0.069147              0.069147              0.069147              0.069147              1                     
14     0.041977        0.041977              0.041977              0.041977              0.041977              1                     
15     0.04404         0.04404               0.04404               0.04404               0.04404               1                     
16     0.099081        0.099081              0.099081              0.099081              0.099081              1                     
17     0.0283048       0.0378768             0.0318048             0.0261882             0.0173493             0.837636              
18     0.00753594      0.0102766             0.00852522            0.00691821            0.00442372            0.826282              
19     0.0200099       0.0317197             0.0230559             0.0165014             0.00876266            0.748982              
20     1.77298e-05     9.63339e-06           1.68432e-05           2.12729e-05           2.31697e-05           1.15992               
21     2.01666e-05     6.6087e-06            1.82544e-05           2.67082e-05           2.90952e-05           1.23562               
22     7.90223e-05     5.46142e-05           8.33125e-05           9.28803e-05           8.5282e-05            1.07102               
23     0.0128074       0.0256027             0.0147083             0.00818708            0.00273155            0.620776              
24     0.000177642     0.000167053           0.000213567           0.000197854           0.000132094           0.934519              
25     0.0443318       0.0717225             0.0507657             0.0358021             0.0190369             0.741583              
26     3.45701e-05     3.31219e-05           4.06848e-05           3.73095e-05           2.71643e-05           0.942975              
27     2.77755e-05     1.45378e-05           2.58176e-05           3.31832e-05           3.75635e-05           1.17584               
28     0.0162391       0.0340329             0.0180609             0.00958462            0.00327796            0.603436              
29     9.84273e-06     9.64648e-06           1.20262e-05           1.08434e-05           6.85489e-06           0.914572              
30     0.031689        0.0464039             0.0364098             0.0278941             0.0160483             0.787503              
31     0.000257521     0.000240381           0.000295453           0.000279232           0.000215017           0.961507              
32     0.00314212      0.00279152            0.00367023            0.00354963            0.00255707            0.963366              
33     0.00112933      0.000824945           0.00123538            0.00133972            0.00111727            1.03971               
34     0.0208873       0.0404975             0.0234088             0.0138659             0.00577701            0.649023              
35     0.0215809       0.0371404             0.0250517             0.0165821             0.00754941            0.702753              
36     0.0264674       0.0369392             0.0301222             0.0239999             0.0148083             0.813421              
37     0.0158543       0.0319414             0.0181028             0.0100061             0.00336714            0.618258              
38     0.000648605     0.000298108           0.000550927           0.000751755           0.000993629           1.23565               
39     0.00123851      0.000770519           0.00128218            0.00150808            0.00139328            1.09621               
40     0.0178555       0.0302155             0.0207605             0.013957              0.00648919            0.711061              
41     3.02119e-06     4.55018e-07           1.6669e-06            3.31625e-06           6.64659e-06           1.47187               
42     1.92359e-05     1.26217e-05           1.95908e-05           2.246e-05             2.22712e-05           1.09863               
43     0.0208873       0.0404975             0.0234088             0.0138659             0.00577701            0.649023              
44     4.78905e-06     4.87859e-07           2.0537e-06            4.68911e-06           1.19255e-05           1.55747               
45     0.0117918       0.0241979             0.0134553             0.00723098            0.00228302            0.607045              
46     4.15698e-08     6.10176e-09           2.30317e-08           4.645e-08             9.0696e-08            1.46836               
47     0.0266924       0.0504067             0.0307103             0.0183933             0.00725926            0.654635              
48     0.031689        0.0464039             0.0364098             0.0278941             0.0160483             0.787503              
49     0.031689        0.0464039             0.0364098             0.0278941             0.0160483             0.787503              
50     1.66331e-05     2.42069e-06           9.02458e-06           1.8183e-05            3.69041e-05           1.47788               
51     0.031689        0.0464039             0.0364098             0.0278941             0.0160483             0.787503              
52     0.031689        0.0464039             0.0364098             0.0278941             0.0160483             0.787503              
53     0.0158543       0.0319414             0.0181028             0.0100061             0.00336714            0.618258              
54     0.0128074       0.0256027             0.0147083             0.00818708            0.00273155            0.620776              
55     0.042302        0.042302              0.042302              0.042302              0.042302              1                     
56     0.055941        0.055941              0.055941              0.055941              0.055941              1                     
57     0.079066        0.079066              0.079066              0.079066              0.079066              1                     
58     0.061197        0.061197              0.061197              0.061197              0.061197              1                     
59     0.00210405      0.00202336            0.0025637             0.00234873            0.0014804             0.92001               
60     0.00569521      0.00322873            0.0056595             0.00696251            0.0069301             1.13119               
61     0.00306059      0.00200591            0.00316759            0.00363855            0.00343031            1.08896               
62     0.0264674       0.0369392             0.0301222             0.0239999             0.0148083             0.813421              
63     0.00116374      0.000755042           0.00119905            0.00138442            0.00131645            1.09298               
64     0.000297771     0.00021861            0.000323377           0.000349874           0.000299223           1.04322               
65     1.34505e-05     2.75621e-06           8.9467e-06            1.58482e-05           2.62509e-05           1.39537               
66     0.000966063     0.000875735           0.00116317            0.00110535            0.000719995           0.941194              
67     1.05741e-05     1.06136e-06           4.58709e-06           1.05381e-05           2.611e-05             1.55264               
68     0.00123851      0.000770519           0.00128218            0.00150808            0.00139328            1.09621               
69     8.05251e-05     4.71892e-05           7.9246e-05            9.64658e-05           9.91992e-05           1.13182               
70     1.59815e-06     1.5592e-07            6.56221e-07           1.51651e-06           4.06394e-06           1.57173               
71     0.031689        0.0464039             0.0364098             0.0278941             0.0160483             0.787503              
72     0.00158942      0.000776966           0.00145049            0.00191933            0.00221089            1.19266               
73     0.000890984     0.000339191           0.000818685           0.00115314            0.00125291            1.21606               
74     0.00154494      0.0007213             0.00134236            0.00181663            0.00229947            1.22271               
75     9.06597e-05     2.51087e-05           7.26107e-05           0.000113675           0.000151244           1.3055                
76     0.042302        0.042302              0.042302              0.042302              0.042302              1                     
77     0.0285285       0.0465223             0.0326381             0.02281               0.0121437             0.738404              
78     1.58169e-05     1.22962e-05           1.68167e-05           1.75224e-05           1.66322e-05           1.04752               
79     7.33426e-06     4.34003e-06           7.10974e-06           8.57765e-06           9.30963e-06           1.14045               
80     0.057337        0.057337              0.057337              0.057337              0.057337              1                     
81     0.061197        0.061197              0.061197              0.061197              0.061197              1                     
82     0.061197        0.061197              0.061197              0.061197              0.061197              1                     
83     0.057337        0.057337              0.057337              0.057337              0.057337              1                     
84     0.062157        0.062157              0.062157              0.062157              0.062157              1                     
85     0.000809162     0.000336131           0.000673932           0.000963576           0.00126301            1.25215               
86     1.00491e-07     3.80324e-09           2.89524e-08           8.82898e-08           2.80918e-07           1.65112               
87     0.0200099       0.0317197             0.0230559             0.0165014             0.00876266            0.748982              
88     0.0178555       0.0302155             0.0207605             0.013957              0.00648919            0.711061              
89     0.000658943     0.000471765           0.000711287           0.000777825           0.000674896           1.05163               
90     0.00393888      0.00261143            0.00411335            0.00469426            0.00433649            1.0822                
91     0.000550543     0.000175259           0.000395305           0.000627867           0.00100374            1.34005               
92     0.0443318       0.0717225             0.0507657             0.0358021             0.0190369             0.741583              
93     0.00204258      0.00169308            0.00233409            0.0023549             0.00178824            0.990891              
94     0.000285242     0.000154081           0.000284181           0.000353962           0.000348742           1.13732               
95     0.000726437     0.00032722            0.000635771           0.000877449           0.00106531            1.22039               
96     3.00176e-05     4.56851e-06           1.74311e-05           3.46762e-05           6.33944e-05           1.44926               
97     0.0215809       0.0371404             0.0250517             0.0165821             0.00754941            0.702753              
98     0.069147        0.069147              0.069147              0.069147              0.069147              1                     
99     0.042302        0.042302              0.042302              0.042302              0.042302              1                     
100    0.062157        0.062157              0.062157              0.062157              0.062157              1                     
101    0.0646          0.0646                0.0646                0.0646                0.0646                1                     
102    0.022355        0.022355              0.022355              0.022355              0.022355              1                     
103    0.099081        0.099081              0.099081              0.099081              0.099081              1                     
104    0.000187991     0.0001254             0.000193182           0.000219603           0.00021378            1.09108               
105    0.0443318       0.0717225             0.0507657             0.0358021             0.0190369             0.741583              
106    0.00379184      0.002331              0.00381323            0.0045244             0.00449875            1.11415               
107    0.0162391       0.0340329             0.0180609             0.00958462            0.00327796            0.603436              
108    0.0443318       0.0717225             0.0507657             0.0358021             0.0190369             0.741583              
109    0.0443318       0.0717225             0.0507657             0.0358021             0.0190369             0.741583              
110    0.0423886       0.0510639             0.0459333             0.0408196             0.0317374             0.897102              
111    0.00981022      0.0118243             0.0106434             0.00945547            0.00731769            0.896231              
112    0.0104375       0.0115248             0.0109224             0.0102821             0.00902069            0.945505              
113    0.027699        0.0358235             0.0308139             0.0260322             0.0181263             0.856473              
114    0.0384206       0.0421793             0.0401028             0.03789               0.0335104             0.948737              
115    3.8569e-07      5.87014e-08           2.17801e-07           4.32881e-07           8.33376e-07           1.46162               
116    0.0117918       0.0241979             0.0134553             0.00723098            0.00228302            0.607045              
117    0.0079176       0.00578339            0.0086115             0.00933832            0.00793718            1.04324               
118    0.000890984     0.000339191           0.000818685           0.00115314            0.00125291            1.21606               
119    0.000126064     5.23159e-05           0.000100804           0.000143768           0.00020737            1.27409               
120    0.0264674       0.0369392             0.0301222             0.0239999             0.0148083             0.813421              
121    0.099081        0.099081              0.099081              0.099081              0.099081              1                     
122    0.00702356      0.0100064             0.00804631            0.0063047             0.00373687            0.801066              
123    1.25631e-06     1.47944e-07           6.38084e-07           1.38793e-06           2.85127e-06           1.49789               
124    0.00494687      0.00896595            0.00585395            0.00363915            0.00132845            0.665094              
125    0.061197        0.061197              0.061197              0.061197              0.061197              1                     
126    0.069147        0.069147              0.069147              0.069147              0.069147              1                     
127    0.079066        0.079066              0.079066              0.079066              0.079066              1                     
128    0.079066        0.079066              0.079066              0.079066              0.079066              1                     
129    0.061197        0.061197              0.061197              0.061197              0.061197              1                     
130    0.012937        0.012937              0.012937              0.012937              0.012937              1                     
131    0.042302        0.042302              0.042302              0.042302              0.042302              1                     
132    0.0443318       0.0717225             0.0507657             0.0358021             0.0190369             0.741583              
133    0.000948926     0.000890156           0.00115679            0.00107497            0.000673787           0.925882              
134    0.031689        0.0464039             0.0364098             0.0278941             0.0160483             0.787503              
135    0.000947025     0.000349419           0.00073281            0.00110148            0.00160439            1.29633               
136    0.000485667     0.000380243           0.000542927           0.000566635           0.000452864           1.01473               
137    0.04404         0.04404               0.04404               0.04404               0.04404               1                     
138    0.0646          0.0646                0.0646                0.0646                0.0646                1                     
139    0.00289656      0.00283704            0.00358881            0.00324541            0.00191498            0.905182              
140    0.00197331      0.000894816           0.0017071             0.0023439             0.0029474             1.22681               
141    0.00716367      0.0141249             0.0083484             0.00470255            0.00147885            0.622779              
142    0.000299503     7.13874e-05           0.000194353           0.000341868           0.000590402           1.39493               
143    0.000947025     0.000349419           0.00073281            0.00110148            0.00160439            1.29633               
144    4.84746e-07     3.38459e-08           1.70972e-07           4.43931e-07           1.29024e-06           1.60903               
145    0.00494687      0.00896595            0.00585395            0.00363915            0.00132845            0.665094              
146    0.00379184      0.002331              0.00381323            0.0045244             0.00449875            1.11415               
147    1.16926e-05     1.84965e-06           6.74699e-06           1.32265e-05           2.49474e-05           1.45325               
148    0.000529288     0.000216844           0.000424547           0.000608349           0.000867411           1.2735                
149    0.055941        0.055941              0.055941              0.055941              0.055941              1                     
150    0.0646          0.0646                0.0646                0.0646                0.0646                1                     
151    0.071586        0.071586              0.071586              0.071586              0.071586              1                     
152    0.079066        0.079066              0.079066              0.079066              0.079066              1                     
Note : P(D|M) is the probability of site D given the model M (i.e., the site likelihood)
P(D|M,rr[x]) is the probability of site D given the model M and the relative rate
of evolution rr[x], where x is the class of rate to be considered.
We have P(D|M) = \sum_x P(x) x P(D|M,rr[x]).


Site   P(D|M)          P(D|M,rr[1]=0.3747)   P(D|M,rr[2]=0.7210)   P(D|M,rr[3]=1.0815)   P(D|M,rr[4]=1.8228)   Posterior mean        
1      0.022951        0.022951              0.022951              0.022951              0.022951              1                     
2      0.061197        0.061197              0.061197              0.061197              0.061197              1                     
3      0.057337        0.057337              0.057337              0.057337              0.057337              1                     
4      0.00389104      0.0033416             0.00431154            0.00436763            0.0035434             0.99865               
5      0.0187134       0.034195              0.0209634             0.0133317             0.0063632             0.72068               
6      0.0344913       0.0464201             0.0383681             0.0316141             0.0215631             0.859298              
7      0.0011691       0.000438566           0.000970729           0.00141031            0.00185681            1.23471               
8      0.0199492       0.0302645             0.0225871             0.0169593             0.00998584            0.804162              
9      0.071586        0.071586              0.071586              0.071586              0.071586              1                     
10     0.012066        0.012066              0.012066              0.012066              0.012066              1                     
11     0.012937        0.012937              0.012937              0.012937              0.012937              1                     
12     0.042302        0.042302              0.042302              0.042302              0.042302              1                     
13     0.069147        0.069147              0.069147              0.069147              0.069147              1                     
14     0.041977        0.041977              0.041977              0.041977              0.041977              1                     
15     0.04404         0.04404               0.04404               0.04404               0.04404               1                     
16     0.099081        0.099081              0.099081              0.099081              0.099081              1                     
17     0.0285329       0.03694               0.031455              0.0266553             0.0190814             0.87732               
18     0.00759833      0.0100057             0.00842515            0.00705214            0.00491031            0.86865               
19     0.0199492       0.0302645             0.0225871             0.0169593             0.00998584            0.804162              
20     1.49694e-05     8.9064e-06            1.41206e-05           1.73465e-05           1.95042e-05           1.13282               
21     2.18356e-05     8.6768e-06            1.98076e-05           2.75506e-05           3.13076e-05           1.19524               
22     6.70388e-05     4.93407e-05           6.90438e-05           7.61629e-05           7.36076e-05           1.06211               
23     0.0127529       0.0239582             0.0145729             0.00890807            0.00357251            0.698483              
24     0.00015886      0.000149448           0.000180867           0.000173434           0.000131691           0.966287              
25     0.0446558       0.068713              0.0503825             0.037475              0.0220527             0.799451              
26     2.94872e-05     2.90568e-05           3.34668e-05           3.12167e-05           2.42086e-05           0.957239              
27     2.99334e-05     1.72812e-05           2.77747e-05           3.46075e-05           4.00704e-05           1.14394               
28     0.015957        0.0314768             0.0178245             0.0104019             0.00412476            0.680185              
29     1.49999e-05     1.48974e-05           1.75126e-05           1.6222e-05            1.13678e-05           0.941234              
30     0.0322833       0.0450976             0.0362843             0.0290635             0.018688              0.840651              
31     0.000376717     0.000366244           0.000422045           0.000400183           0.000318396           0.965375              
32     0.00312766      0.00288425            0.00353005            0.00343673            0.00265962            0.97442               
33     0.00110349      0.000861773           0.00117906            0.00126144            0.0011117             1.03391               
34     0.0206223       0.0377516             0.0230717             0.0147315             0.00693444            0.719527              
35     0.0217617       0.0354109             0.024871              0.0175766             0.00918852            0.769227              
36     0.0269915       0.0360704             0.0300431             0.0248772             0.0169753             0.861607              
37     0.0157469       0.0298255             0.0179206             0.0108764             0.00436527            0.695641              
38     0.000606188     0.000320061           0.000530085           0.000688721           0.000885884           1.18022               
39     0.00119502      0.000813743           0.00121934            0.0013975             0.00134951            1.0785                
40     0.0180426       0.0288828             0.0206267             0.0147791             0.0078818             0.776568              
41     4.34192e-06     8.97359e-07           2.6516e-06            4.79107e-06           9.02767e-06           1.37526               
42     2.08344e-05     1.4739e-05            2.09927e-05           2.36567e-05           2.3949e-05            1.07871               
43     0.0206223       0.0377516             0.0230717             0.0147315             0.00693444            0.719527              
44     2.5561e-05      1.47002e-05           2.33636e-05           2.91253e-05           3.50549e-05           1.15166               
45     0.0117035       0.0225596             0.0133274             0.00791006            0.00301705            0.686051              
46     4.63692e-08     9.26147e-09           2.81152e-08           5.15372e-08           9.65629e-08           1.37749               
47     0.0266645       0.0474632             0.0304268             0.0197416             0.00902634            0.726874              
48     0.0322833       0.0450976             0.0362843             0.0290635             0.018688              0.840651              
49     0.0322833       0.0450976             0.0362843             0.0290635             0.018688              0.840651              
50     2.01628e-05     4.82867e-06           1.34401e-05           2.29611e-05           3.94215e-05           1.34144               
51     0.0322833       0.0450976             0.0362843             0.0290635             0.018688              0.840651              
52     0.0322833       0.0450976             0.0362843             0.0290635             0.018688              0.840651              
53     0.0157469       0.0298255             0.0179206             0.0108764             0.00436527            0.695641              
54     0.0127529       0.0239582             0.0145729             0.00890807            0.00357251            0.698483              
55     0.042302        0.042302              0.042302              0.042302              0.042302              1                     
56     0.055941        0.055941              0.055941              0.055941              0.055941              1                     
57     0.079066        0.079066              0.079066              0.079066              0.079066              1                     
58     0.061197        0.061197              0.061197              0.061197              0.061197              1                     
59     0.00211145      0.00208267            0.00246497            0.00229693            0.00160124            0.942534              
60     0.00558613      0.00346007            0.00546946            0.00656395            0.00685105            1.11109               
61     0.00301333      0.00212322            0.00306527            0.0034621             0.00340272            1.07459               
62     0.0269915       0.0360704             0.0300431             0.0248772             0.0169753             0.861607              
63     0.00113313      0.000796769           0.00115218            0.00130259            0.00128099            1.07512               
64     0.000288408     0.000227612           0.000307597           0.000327381           0.000291043           1.03294               
65     1.10387e-05     2.90463e-06           7.73241e-06           1.27463e-05           2.07714e-05           1.32059               
66     0.000975327     0.000908636           0.00112348            0.00108333            0.000785863           0.962389              
67     1.26618e-05     2.38121e-06           7.37467e-06           1.37739e-05           2.71174e-05           1.39268               
68     0.00119502      0.000813743           0.00121934            0.0013975             0.00134951            1.0785                
69     7.74659e-05     5.00432e-05           7.59349e-05           8.96472e-05           9.42383e-05           1.10445               
70     1.78578e-06     2.94979e-07           9.4378e-07            1.8458e-06            4.05856e-06           1.42587               
71     0.0322833       0.0450976             0.0362843             0.0290635             0.018688              0.840651              
72     0.00151943      0.000836107           0.00139489            0.00177348            0.00207326            1.1544                
73     0.000841294     0.000376949           0.000772964           0.00104011            0.00117516            1.17839               
74     0.00151153      0.000807049           0.00134314            0.00173433            0.0021616             1.17209               
75     9.29108e-05     3.26235e-05           7.72253e-05           0.000113069           0.000148725           1.24119               
76     0.042302        0.042302              0.042302              0.042302              0.042302              1                     
77     0.0283302       0.0441546             0.0319409             0.0234898             0.0137354             0.794347              
78     1.58153e-05     1.41926e-05           1.72818e-05           1.70517e-05           1.47351e-05           0.997113              
79     7.8698e-06      5.2821e-06            7.77834e-06           8.99385e-06           9.42494e-06           1.09577               
80     0.057337        0.057337              0.057337              0.057337              0.057337              1                     
81     0.061197        0.061197              0.061197              0.061197              0.061197              1                     
82     0.061197        0.061197              0.061197              0.061197              0.061197              1                     
83     0.057337        0.057337              0.057337              0.057337              0.057337              1                     
84     0.062157        0.062157              0.062157              0.062157              0.062157              1                     
85     0.000756397     0.000363753           0.000645842           0.000874968           0.00114103            1.19913               
86     8.24138e-10     1.2699e-11            1.34729e-10           5.31297e-10           2.61783e-09           1.65272               
87     0.0199492       0.0302645             0.0225871             0.0169593             0.00998584            0.804162              
88     0.0180426       0.0288828             0.0206267             0.0147791             0.0078818             0.776568              
89     0.000580104     0.000431609           0.000604188           0.000662618           0.000622002           1.05487               
90     0.00389899      0.00276669            0.00398865            0.004487              0.00435362            1.07085               
91     0.000502874     0.000193124           0.000381483           0.000566274           0.000870614           1.26612               
92     0.0446558       0.068713              0.0503825             0.037475              0.0220527             0.799451              
93     0.00202948      0.00175951            0.00224637            0.00226784            0.00184419            0.99695               
94     0.000272872     0.000164815           0.000269603           0.000324939           0.000332131           1.11129               
95     0.000671928     0.00035034            0.000600858           0.000785268           0.000951245           1.17114               
96     2.92238e-05     6.43421e-06           1.90804e-05           3.37137e-05           5.7667e-05            1.34945               
97     0.0217617       0.0354109             0.024871              0.0175766             0.00918852            0.769227              
98     0.069147        0.069147              0.069147              0.069147              0.069147              1                     
99     0.042302        0.042302              0.042302              0.042302              0.042302              1                     
100    0.062157        0.062157              0.062157              0.062157              0.062157              1                     
101    0.0646          0.0646                0.0646                0.0646                0.0646                1                     
102    0.022355        0.022355              0.022355              0.022355              0.022355              1                     
103    0.099081        0.099081              0.099081              0.099081              0.099081              1                     
104    0.000203694     0.000146233           0.000206779           0.000231266           0.000230496           1.07286               
105    0.0446558       0.068713              0.0503825             0.037475              0.0220527             0.799451              
106    0.00375618      0.00248745            0.00371847            0.00433264            0.00448615            1.0966                
107    0.015957        0.0314768             0.0178245             0.0104019             0.00412476            0.680185              
108    0.0446558       0.068713              0.0503825             0.037475              0.0220527             0.799451              
109    0.0446558       0.068713              0.0503825             0.037475              0.0220527             0.799451              
110    0.0420304       0.049963              0.0450523             0.0404915             0.032615              0.918657              
111    0.00973085      0.0115721             0.0104404             0.00938073            0.00753017            0.918083              
112    0.0104021       0.0113987             0.0108156             0.0102405             0.00915363            0.957246              
113    0.0273264       0.0347321             0.0299763             0.0257365             0.0188609             0.885963              
114    0.0382994       0.041745              0.039734              0.0377459             0.0339727             0.959792              
115    3.27312e-07     6.63351e-08           1.99583e-07           3.63593e-07           6.79738e-07           1.3756                
116    0.0117035       0.0225596             0.0133274             0.00791006            0.00301705            0.686051              
117    0.00791882      0.00609582            0.00837183            0.00902862            0.00817899            1.04161               
118    0.000841294     0.000376949           0.000772964           0.00104011            0.00117516            1.17839               
119    0.000117508     5.66559e-05           9.77234e-05           0.000132171           0.000183482           1.21072               
120    0.0269915       0.0360704             0.0300431             0.0248772             0.0169753             0.861607              
121    0.099081        0.099081              0.099081              0.099081              0.099081              1                     
122    0.00716843      0.0097558             0.00802449            0.0065545             0.00433895            0.852312              
123    1.73191e-06     2.94275e-07           9.90335e-07           1.91952e-06           3.72349e-06           1.39837               
124    0.00501076      0.00853157            0.00582246            0.0039238             0.00176521            0.741212              
125    0.061197        0.061197              0.061197              0.061197              0.061197              1                     
126    0.069147        0.069147              0.069147              0.069147              0.069147              1                     
127    0.079066        0.079066              0.079066              0.079066              0.079066              1                     
128    0.079066        0.079066              0.079066              0.079066              0.079066              1                     
129    0.061197        0.061197              0.061197              0.061197              0.061197              1                     
130    0.012937        0.012937              0.012937              0.012937              0.012937              1                     
131    0.042302        0.042302              0.042302              0.042302              0.042302              1                     
132    0.0446558       0.068713              0.0503825             0.037475              0.0220527             0.799451              
133    0.000958664     0.000920987           0.00111647            0.00105621            0.000740982           0.950024              
134    0.0322833       0.0450976             0.0362843             0.0290635             0.018688              0.840651              
135    0.000869216     0.000380007           0.000702186           0.000991162           0.00140351            1.23068               
136    0.000478717     0.000395893           0.000520494           0.000539903           0.000458578           1.01491               
137    0.04404         0.04404               0.04404               0.04404               0.04404               1                     
138    0.0646          0.0646                0.0646                0.0646                0.0646                1                     
139    0.00290906      0.00291553            0.00343951            0.00317025            0.00211094            0.932325              
140    0.0018634       0.000964735           0.00164225            0.00215147            0.00269514            1.17863               
141    0.00717715      0.0132763             0.0082858             0.00513326            0.00201326            0.702589              
142    0.000263349     8.00012e-05           0.000184382           0.000297783           0.000491227           1.3104                
143    0.000869216     0.000380007           0.000702186           0.000991162           0.00140351            1.23068               
144    6.76589e-07     1.26954e-07           3.84678e-07           7.21031e-07           1.47369e-06           1.40076               
145    0.00501076      0.00853157            0.00582246            0.0039238             0.00176521            0.741212              
146    0.00375618      0.00248745            0.00371847            0.00433264            0.00448615            1.0966                
147    1.03367e-05     2.25438e-06           6.58376e-06           1.16783e-05           2.08302e-05           1.35902               
148    0.000513824     0.000244878           0.000427849           0.000581146           0.000801422           1.21129               
149    0.055941        0.055941              0.055941              0.055941              0.055941              1                     
150    0.0646          0.0646                0.0646                0.0646                0.0646                1                     
151    0.071586        0.071586              0.071586              0.071586              0.071586              1                     
152    0.079066        0.079066              0.079066              0.079066              0.079066              1                     
Note : P(D|M) is the probability of site D given the model M (i.e., the site likelihood)
P(D|M,rr[x]) is the probability of site D given the model M and the relative rate
of evolution rr[x], where x is the class of rate to be considered.
We have P(D|M) = \sum_x P(x) x P(D|M,rr[x]).


Site   P(D|M)          P(D|M,rr[1]=0.2924)   P(D|M,rr[2]=0.6542)   P(D|M,rr[3]=1.0698)   P(D|M,rr[4]=1.9836)   Posterior mean        
1      0.022951        0.022951              0.022951              0.022951              0.022951              1                     
2      0.061197        0.061197              0.061197              0.061197              0.061197              1                     
3      0.057337        0.057337              0.057337              0.057337              0.057337              1                     
4      0.00375511      0.00301903            0.00433413            0.00440426            0.003263              0.992139              
5      0.0193076       0.0376741             0.0217696             0.0125887             0.00519799            0.634923              
6      0.0341461       0.048123              0.0389391             0.0307425             0.0187798             0.803055              
7      0.00118871      0.00034538            0.000950223           0.00149463            0.00196462            1.30785               
8      0.0199533       0.0320223             0.0231047             0.0163035             0.00838262            0.733556              
9      0.071586        0.071586              0.071586              0.071586              0.071586              1                     
10     0.012066        0.012066              0.012066              0.012066              0.012066              1                     
11     0.012937        0.012937              0.012937              0.012937              0.012937              1                     
12     0.042302        0.042302              0.042302              0.042302              0.042302              1                     
13     0.069147        0.069147              0.069147              0.069147              0.069147              1                     
14     0.041977        0.041977              0.041977              0.041977              0.041977              1                     
15     0.04404         0.04404               0.04404               0.04404               0.04404               1                     
16     0.099081        0.099081              0.099081              0.099081              0.099081              1                     
17     0.0281977       0.0380707             0.0318495             0.0260154             0.0168551             0.826599              
18     0.00750681      0.0103328             0.00853823            0.0068694             0.00428684            0.814568              
19     0.0199533       0.0320223             0.0231047             0.0163035             0.00838262            0.733556              
20     1.62865e-05     8.59463e-06           1.54547e-05           1.97127e-05           2.13841e-05           1.1686                
21     2.10168e-05     6.45837e-06           1.88691e-05           2.81436e-05           3.05962e-05           1.24938               
22     7.18961e-05     4.88694e-05           7.62712e-05           8.52551e-05           7.71887e-05           1.07274               
23     0.012987        0.0261775             0.0149551             0.00818557            0.00262966            0.60466               
24     0.000162194     0.000150642           0.000196872           0.00018211            0.000119153           0.931005              
25     0.0446166       0.0727502             0.0512892             0.0358059             0.0186209             0.728802              
26     3.14571e-05     2.98862e-05           3.74076e-05           3.41515e-05           2.43832e-05           0.93868               
27     2.74745e-05     1.39381e-05           2.5465e-05            3.30831e-05           3.74116e-05           1.18598               
28     0.016524        0.0349294             0.018404              0.00958978            0.00317279            0.587109              
29     9.76971e-06     9.40684e-06           1.20275e-05           1.08641e-05           6.78039e-06           0.913308              
30     0.031776        0.0468502             0.0366778             0.0278853             0.0156905             0.776127              
31     0.000264093     0.00023712            0.000301812           0.000289745           0.000227694           0.973525              
32     0.00313009      0.00273297            0.00368297            0.00357067            0.00253376            0.962783              
33     0.00112702      0.000803734           0.00123728            0.00135126            0.00111582            1.04332               
34     0.0211818       0.0414475             0.0237885             0.013876              0.0056153             0.633377              
35     0.0217495       0.0377357             0.0253487             0.01658               0.00733371            0.688534              
36     0.0265121       0.0372357             0.0303091             0.0239921             0.0145115             0.8031                
37     0.0160862       0.0326809             0.0184132             0.0100055             0.00324536            0.602111              
38     0.000650494     0.000287946           0.000547866           0.000757548           0.00100862            1.25048               
39     0.00123705      0.000747339           0.00128168            0.00152248            0.0013967             1.10267               
40     0.0179829       0.0306743             0.0209956             0.0139545             0.00630713            0.697102              
41     4.58607e-06     6.35142e-07           2.46147e-06           5.0228e-06            1.02248e-05           1.49646               
42     1.90309e-05     1.21732e-05           1.93972e-05           2.24006e-05           2.21527e-05           1.10551               
43     0.0211818       0.0414475             0.0237885             0.013876              0.0056153             0.633377              
44     4.46574e-06     4.1485e-07            1.84844e-06           4.3401e-06            1.12596e-05           1.58474               
45     0.0119732       0.0247724             0.0136946             0.00722969            0.00219585            0.590743              
46     1.68522e-06     9.47595e-07           1.65824e-06           2.05106e-06           2.08397e-06           1.14079               
47     0.027007        0.0514286             0.0311684             0.018394              0.00703692            0.639315              
48     0.031776        0.0468502             0.0366778             0.0278853             0.0156905             0.776127              
49     0.031776        0.0468502             0.0366778             0.0278853             0.0156905             0.776127              
50     1.55e-05        2.07079e-06           8.17203e-06           1.6899e-05            3.48581e-05           1.50282               
51     0.031776        0.0468502             0.0366778             0.0278853             0.0156905             0.776127              
52     0.031776        0.0468502             0.0366778             0.0278853             0.0156905             0.776127              
53     0.0160862       0.0326809             0.0184132             0.0100055             0.00324536            0.602111              
54     0.012987        0.0261775             0.0149551             0.00818557            0.00262966            0.60466               
55     0.042302        0.042302              0.042302              0.042302              0.042302              1                     
56     0.055941        0.055941              0.055941              0.055941              0.055941              1                     
57     0.079066        0.079066              0.079066              0.079066              0.079066              1                     
58     0.061197        0.061197              0.061197              0.061197              0.061197              1                     
59     0.00209636      0.00198345            0.00257671            0.00236387            0.00146143            0.91747               
60     0.00567215      0.00312127            0.00563739            0.00700476            0.0069252             1.13851               
61     0.00304996      0.00194853            0.00316171            0.00366004            0.00342956            1.09481               
62     0.0265121       0.0372357             0.0303091             0.0239921             0.0145115             0.8031                
63     0.00116164      0.000733608           0.00119788            0.00139488            0.00132019            1.09955               
64     0.000297799     0.000213175           0.000324151           0.000353384           0.000300488           1.0481                
65     1.22897e-05     2.36337e-06           8.07222e-06           1.45584e-05           2.41648e-05           1.41338               
66     0.000961434     0.00085646            0.00116711            0.00111171            0.000710446           0.939355              
67     9.84017e-06     9.00733e-07           4.12346e-06           9.74345e-06           2.4593e-05            1.57943               
68     0.00123705      0.000747339           0.00128168            0.00152248            0.0013967             1.10267               
69     8.0518e-05      4.57548e-05           7.90916e-05           9.73014e-05           9.99241e-05           1.14081               
70     1.48393e-06     1.32414e-07           5.88605e-07           1.39674e-06           3.81794e-06           1.59902               
71     0.031776        0.0468502             0.0366778             0.0278853             0.0156905             0.776127              
72     0.00158863      0.000749607           0.00144316            0.00193391            0.00222784            1.20408               
73     0.000889701     0.000321919           0.00081365            0.0011646             0.00125864            1.22765               
74     0.00152541      0.000693759           0.00132428            0.00180706            0.00227653            1.23215               
75     8.80686e-05     2.3224e-05            7.04618e-05           0.000111643           0.000146946           1.3166                
76     0.042302        0.042302              0.042302              0.042302              0.042302              1                     
77     0.0284454       0.0470104             0.0326883             0.022487              0.0115959             0.722334              
78     1.44e-05        1.21236e-05           1.62063e-05           1.59352e-05           1.33348e-05           1.00079               
79     7.20429e-06     4.33971e-06           7.19399e-06           8.55718e-06           8.72628e-06           1.12569               
80     0.057337        0.057337              0.057337              0.057337              0.057337              1                     
81     0.061197        0.061197              0.061197              0.061197              0.061197              1                     
82     0.061197        0.061197              0.061197              0.061197              0.061197              1                     
83     0.057337        0.057337              0.057337              0.057337              0.057337              1                     
84     0.062157        0.062157              0.062157              0.062157              0.062157              1                     
85     0.000812601     0.000323652           0.000670066           0.000973342           0.00128334            1.26751               
86     8.3941e-10      4.58094e-12           8.59097e-11           4.52028e-10           2.81512e-09           1.82426               
87     0.0199533       0.0320223             0.0231047             0.0163035             0.00838262            0.733556              
88     0.0179829       0.0306743             0.0209956             0.0139545             0.00630713            0.697102              
89     0.000604043     0.000423274           0.00065482            0.000719861           0.000618215           1.05479               
90     0.00392141      0.0025365             0.00410496            0.00471899            0.00432519            1.0873                
91     0.000553765     0.00016773            0.00039118            0.000632617           0.00102353            1.35979               
92     0.0446166       0.0727502             0.0512892             0.0358059             0.0186209             0.728802              
93     0.00203607      0.00165437            0.00233995            0.00237103            0.00177891            0.992075              
94     0.0002851       0.000148653           0.00028363            0.000357547           0.000350569           1.14601               
95     0.000729359     0.00031563            0.00063342            0.000887648           0.00108074            1.23397               
96     2.81297e-05     3.91088e-06           1.58627e-05           3.24746e-05           6.02706e-05           1.47367               
97     0.0217495       0.0377357             0.0253487             0.01658               0.00733371            0.688534              
98     0.069147        0.069147              0.069147              0.069147              0.069147              1                     
99     0.042302        0.042302              0.042302              0.042302              0.042302              1                     
100    0.062157        0.062157              0.062157              0.062157              0.062157              1                     
101    0.0646          0.0646                0.0646                0.0646                0.0646                1                     
102    0.022355        0.022355              0.022355              0.022355              0.022355              1                     
103    0.099081        0.099081              0.099081              0.099081              0.099081              1                     
104    0.000185952     0.000120982           0.000191325           0.00021903            0.000212469           1.09748               
105    0.0446166       0.0727502             0.0512892             0.0358059             0.0186209             0.728802              
106    0.00377488      0.00225985            0.00379875            0.00454448            0.00449642            1.12101               
107    0.016524        0.0349294             0.018404              0.00958978            0.00317279            0.587109              
108    0.0446166       0.0727502             0.0512892             0.0358059             0.0186209             0.728802              
109    0.0446166       0.0727502             0.0512892             0.0358059             0.0186209             0.728802              
110    0.042531        0.0513377             0.0461999             0.0409764             0.0316099             0.892132              
111    0.00984626      0.0118873             0.0107064             0.00949529            0.00729608            0.891467              
112    0.0104557       0.0115561             0.0109553             0.0103042             0.00900723            0.942932              
113    0.0278462       0.0360971             0.0310719             0.0261815             0.0180341             0.849878              
114    0.0384829       0.0422869             0.0402163             0.0379661             0.0334621             0.946302              
115    3.57468e-07     4.98794e-08           1.96183e-07           4.00563e-07           7.83246e-07           1.48622               
116    0.0119732       0.0247724             0.0136946             0.00722969            0.00219585            0.590743              
117    0.00787548      0.00562989            0.00860353            0.00938157            0.00788692            1.04614               
118    0.000889701     0.000321919           0.00081365            0.0011646             0.00125864            1.22765               
119    0.000126548     5.04261e-05           0.000100036           0.000144721           0.000211009           1.29115               
120    0.0265121       0.0372357             0.0303091             0.0239921             0.0145115             0.8031                
121    0.099081        0.099081              0.099081              0.099081              0.099081              1                     
122    0.00703725      0.010092              0.00809974            0.00630237            0.00365488            0.790145              
123    1.9265e-06      2.05351e-07           9.44566e-07           2.12058e-06           4.43551e-06           1.52412               
124    0.00498939      0.00911681            0.00593016            0.00363667            0.00127392            0.649511              
125    0.061197        0.061197              0.061197              0.061197              0.061197              1                     
126    0.069147        0.069147              0.069147              0.069147              0.069147              1                     
127    0.079066        0.079066              0.079066              0.079066              0.079066              1                     
128    0.079066        0.079066              0.079066              0.079066              0.079066              1                     
129    0.061197        0.061197              0.061197              0.061197              0.061197              1                     
130    0.012937        0.012937              0.012937              0.012937              0.012937              1                     
131    0.042302        0.042302              0.042302              0.042302              0.042302              1                     
132    0.0446166       0.0727502             0.0512892             0.0358059             0.0186209             0.728802              
133    0.000944654     0.000871362           0.00116157            0.00108135            0.00066434            0.923433              
134    0.031776        0.0468502             0.0366778             0.0278853             0.0156905             0.776127              
135    0.000951558     0.000335745           0.000727033           0.00111114            0.00163232            1.31373               
136    0.000483955     0.000371103           0.000543899           0.000570518           0.000450299           1.01656               
137    0.04404         0.04404               0.04404               0.04404               0.04404               1                     
138    0.0646          0.0646                0.0646                0.0646                0.0646                1                     
139    0.00288733      0.00278148            0.00361001            0.0032699             0.00188794            0.902048              
140    0.00197535      0.000862875           0.00169693            0.00236176            0.00297983            1.24027               
141    0.00725442      0.0144214             0.00848209            0.00469987            0.00141429            0.606491              
142    0.000302684     6.7709e-05            0.000192103           0.000345667           0.000605259           1.4172                
143    0.000951558     0.000335745           0.000727033           0.00111114            0.00163232            1.31373               
144    4.54723e-07     2.85586e-08           1.53504e-07           4.11909e-07           1.22492e-06           1.63792               
145    0.00498939      0.00911681            0.00593016            0.00363667            0.00127392            0.649511              
146    0.00377488      0.00225985            0.00379875            0.00454448            0.00449642            1.12101               
147    1.09305e-05     1.58574e-06           6.13182e-06           1.23483e-05           2.36562e-05           1.47774               
148    0.00052648      0.000208423           0.00041937            0.000607989           0.000870139           1.28767               
149    0.055941        0.055941              0.055941              0.055941              0.055941              1                     
150    0.0646          0.0646                0.0646                0.0646                0.0646                1                     
151    0.071586        0.071586              0.071586              0.071586              0.071586              1                     
152    0.079066        0.079066              0.079066              0.079066              0.079066              1                     
Note : P(D|M) is the probability of site D given the model M (i.e., the site likelihood)
P(D|M,rr[x]) is the probability of site D given the model M and the relative rate
of evolution rr[x], where x is the class of rate to be considered.
We have P(D|M) = \sum_x P(x) x P(D|M,rr[x]).


Site   P(D|M)          P(D|M,rr[1]=0.3826)   P(D|M,rr[2]=0.7267)   P(D|M,rr[3]=1.0821)   P(D|M,rr[4]=1.8086)   Posterior mean        
1      0.022951        0.022951              0.022951              0.022951              0.022951              1                     
2      0.061197        0.061197              0.061197              0.061197              0.061197              1                     
3      0.057337        0.057337              0.057337              0.057337              0.057337              1                     
4      0.00392254      0.00328828            0.00428405            0.00441157            0.00370628            1.01007               
5      0.0195028       0.034829              0.0219102             0.0142657             0.00700625            0.735248              
6      0.0352917       0.0467394             0.0390555             0.0325795             0.0227922             0.869481              
7      0.00113539      0.000421223           0.000928118           0.00135871            0.00183351            1.23788               
8      0.0205671       0.0305909             0.0232034             0.0177207             0.0107536             0.816733              
9      0.071586        0.071586              0.071586              0.071586              0.071586              1                     
10     0.012066        0.012066              0.012066              0.012066              0.012066              1                     
11     0.012937        0.012937              0.012937              0.012937              0.012937              1                     
12     0.042302        0.042302              0.042302              0.042302              0.042302              1                     
13     0.069147        0.069147              0.069147              0.069147              0.069147              1                     
14     0.041977        0.041977              0.041977              0.041977              0.041977              1                     
15     0.04404         0.04404               0.04404               0.04404               0.04404               1                     
16     0.099081        0.099081              0.099081              0.099081              0.099081              1                     
17     0.0291192       0.0371528             0.0319322             0.027353              0.0200388             0.886542              
18     0.0077648       0.0100672             0.00856217            0.00725097            0.00517886            0.878543              
19     0.0205671       0.0305909             0.0232034             0.0177207             0.0107536             0.816733              
20     1.92653e-05     1.15449e-05           1.81368e-05           2.22392e-05           2.51402e-05           1.13066               
21     1.43875e-05     5.79898e-06           1.30108e-05           1.80442e-05           2.06958e-05           1.19251               
22     8.78086e-05     6.44841e-05           9.01342e-05           9.97814e-05           9.68347e-05           1.06276               
23     0.0128523       0.0238775             0.0146774             0.00909926            0.00375498            0.708826              
24     0.000201184     0.000192767           0.000230545           0.000219118           0.000162305           0.959253              
25     0.0449816       0.0685768             0.0506293             0.0379856             0.0227346             0.807298              
26     3.88406e-05     3.80331e-05           4.40019e-05           4.13362e-05           3.19912e-05           0.959803              
27     3.02175e-05     1.75789e-05           2.79963e-05           3.48111e-05           4.04834e-05           1.14137               
28     0.0160832       0.0313589             0.0179791             0.0106544             0.00434042            0.690843              
29     1.12202e-05     1.11594e-05           1.30374e-05           1.21068e-05           8.5771e-06            0.943777              
30     0.0324777       0.0450302             0.0363942             0.029338              0.0191482             0.847165              
31     0.000287225     0.000276488           0.000319184           0.000305331           0.000247899           0.971786              
32     0.00316181      0.00290355            0.00354399            0.00346904            0.00273068            0.97878               
33     0.00111392      0.000868711           0.0011827             0.00126918            0.00113508            1.03646               
34     0.0207949       0.0376368             0.023259              0.0150431             0.00724082            0.729475              
35     0.0219274       0.0353281             0.0250024             0.0178486             0.00953046            0.777998              
36     0.0271369       0.0360245             0.0301174             0.0250735             0.0173323             0.867356              
37     0.0158708       0.0297236             0.0180547             0.0111157             0.00458913            0.706047              
38     0.000606214     0.000323013           0.000530139           0.000686877           0.000884826           1.17631               
39     0.00120464      0.000821159           0.00122218            0.00140283            0.00137238            1.07966               
40     0.0181755       0.0288175             0.0207281             0.0149951             0.00816135            0.785075              
41     1.78714e-05     1.60207e-05           1.95405e-05           1.93479e-05           1.65767e-05           0.996653              
42     2.11376e-05     1.49843e-05           2.1213e-05            2.39305e-05           2.44225e-05           1.07881               
43     0.0207949       0.0376368             0.023259              0.0150431             0.00724082            0.729475              
44     4.19561e-06     6.5642e-07            2.13818e-06           4.27637e-06           9.71146e-06           1.42983               
45     0.0117933       0.0224787             0.0134276             0.00808877            0.00317799            0.696578              
46     4.39433e-08     9.05559e-09           2.68762e-08           4.87869e-08           9.10547e-08           1.36804               
47     0.0268746       0.047323              0.0306287             0.0201214             0.00942525            0.73662               
48     0.0324777       0.0450302             0.0363942             0.029338              0.0191482             0.847165              
49     0.0324777       0.0450302             0.0363942             0.029338              0.0191482             0.847165              
50     1.56413e-05     3.22224e-06           9.47324e-06           1.71701e-05           3.26996e-05           1.37194               
51     0.0324777       0.0450302             0.0363942             0.029338              0.0191482             0.847165              
52     0.0324777       0.0450302             0.0363942             0.029338              0.0191482             0.847165              
53     0.0158708       0.0297236             0.0180547             0.0111157             0.00458913            0.706047              
54     0.0128523       0.0238775             0.0146774             0.00909926            0.00375498            0.708826              
55     0.042302        0.042302              0.042302              0.042302              0.042302              1                     
56     0.055941        0.055941              0.055941              0.055941              0.055941              1                     
57     0.079066        0.079066              0.079066              0.079066              0.079066              1                     
58     0.061197        0.061197              0.061197              0.061197              0.061197              1                     
59     0.00213483      0.00209553            0.00247391            0.00231979            0.00165007            0.947869              
60     0.00560324      0.00348902            0.00546612            0.00655498            0.00690282            1.11028               
61     0.00302839      0.00213936            0.00306761            0.00346715            0.00343945            1.07483               
62     0.0271369       0.0360245             0.0301174             0.0250735             0.0173323             0.867356              
63     0.00114002      0.000803205           0.00115396            0.0013059             0.001297              1.07558               
64     0.000291262     0.000229473           0.000308722           0.00032964            0.000297212           1.03548               
65     1.32128e-05     3.6072e-06            9.40263e-06           1.53151e-05           2.45263e-05           1.30825               
66     0.000984917     0.000914425           0.00112644            0.00109176            0.000807038           0.96695               
67     9.35298e-06     1.43462e-06           4.77816e-06           9.62459e-06           2.15745e-05           1.42881               
68     0.00120464      0.000821159           0.00122218            0.00140283            0.00137238            1.07966               
69     7.78722e-05     5.04803e-05           7.60421e-05           8.97772e-05           9.51892e-05           1.10398               
70     1.39211e-06     2.10374e-07           6.87296e-07           1.3898e-06            3.28097e-06           1.43984               
71     0.0324777       0.0450302             0.0363942             0.029338              0.0191482             0.847165              
72     0.00152216      0.000843923           0.00139458            0.00176955            0.00208058            1.15199               
73     0.000846469     0.000382136           0.000773481           0.00104015            0.00119011            1.17731               
74     0.00147782      0.000786718           0.00130406            0.00168848            0.00213201            1.17262               
75     9.52101e-05     3.27985e-05           7.76467e-05           0.00011498            0.000155415           1.24585               
76     0.042302        0.042302              0.042302              0.042302              0.042302              1                     
77     0.0293033       0.0447337             0.0329577             0.0246784             0.0148435             0.807225              
78     2.29281e-05     2.00646e-05           2.48012e-05           2.48985e-05           2.19479e-05           1.00682               
79     1.13e-05        7.4198e-06            1.10035e-05           1.28898e-05           1.38868e-05           1.10395               
80     0.057337        0.057337              0.057337              0.057337              0.057337              1                     
81     0.061197        0.061197              0.061197              0.061197              0.061197              1                     
82     0.061197        0.061197              0.061197              0.061197              0.061197              1                     
83     0.057337        0.057337              0.057337              0.057337              0.057337              1                     
84     0.062157        0.062157              0.062157              0.062157              0.062157              1                     
85     0.000793755     0.000385205           0.000678147           0.000915919           0.00119575            1.19492               
86     1.09543e-07     1.26932e-08           4.8054e-08            1.06353e-07           2.71071e-07           1.47227               
87     0.0205671       0.0305909             0.0232034             0.0177207             0.0107536             0.816733              
88     0.0181755       0.0288175             0.0207281             0.0149951             0.00816135            0.785075              
89     0.000731902     0.00055487            0.000765726           0.000833278           0.000773735           1.04857               
90     0.00391707      0.00278681            0.00398966            0.00449133            0.00440047            1.07122               
91     0.000499663     0.000195198           0.000380623           0.00056156            0.00086127            1.25915               
92     0.0449816       0.0685768             0.0506293             0.0379856             0.0227346             0.807298              
93     0.00204834      0.00177167            0.00225289            0.0022835             0.0018853             1.00029               
94     0.000274572     0.000166479           0.000269931           0.000325422           0.000336454           1.11127               
95     0.000674105     0.00035402            0.000601515           0.00078447            0.000956413           1.16865               
96     2.80268e-05     6.04114e-06           1.79277e-05           3.19866e-05           5.61516e-05           1.35143               
97     0.0219274       0.0353281             0.0250024             0.0178486             0.00953046            0.777998              
98     0.069147        0.069147              0.069147              0.069147              0.069147              1                     
99     0.042302        0.042302              0.042302              0.042302              0.042302              1                     
100    0.062157        0.062157              0.062157              0.062157              0.062157              1                     
101    0.0646          0.0646                0.0646                0.0646                0.0646                1                     
102    0.022355        0.022355              0.022355              0.022355              0.022355              1                     
103    0.099081        0.099081              0.099081              0.099081              0.099081              1                     
104    0.000206699     0.000148647           0.000208943           0.000233981           0.000235226           1.07321               
105    0.0449816       0.0685768             0.0506293             0.0379856             0.0227346             0.807298              
106    0.00376589      0.00250604            0.00371669            0.0043282             0.00451263            1.09567               
107    0.0160832       0.0313589             0.0179791             0.0106544             0.00434042            0.690843              
108    0.0449816       0.0685768             0.0506293             0.0379856             0.0227346             0.807298              
109    0.0449816       0.0685768             0.0506293             0.0379856             0.0227346             0.807298              
110    0.0422788       0.0499758             0.0451993             0.0407847             0.0331553             0.922838              
111    0.00978781      0.0115748             0.0104738             0.00944777            0.00765483            0.92227               
112    0.0104354       0.0114001             0.0108332             0.0102778             0.00923066            0.959482              
113    0.0275421       0.0347443             0.0301146             0.0260012             0.0193084             0.891682              
114    0.0384153       0.0417498             0.0397949             0.0378752             0.0342413             0.961898              
115    4.09022e-07     8.69342e-08           2.54304e-07           4.56133e-07           8.38716e-07           1.3621                
116    0.0117933       0.0224787             0.0134276             0.00808877            0.00317799            0.696578              
117    0.00796032      0.0061352             0.00837355            0.0090451             0.00828743            1.04294               
118    0.000846469     0.000382136           0.000773481           0.00104015            0.00119011            1.17731               
119    0.000117084     5.71708e-05           9.75956e-05           0.000131427           0.000182142           1.20518               
120    0.0271369       0.0360245             0.0301174             0.0250735             0.0173323             0.867356              
121    0.099081        0.099081              0.099081              0.099081              0.099081              1                     
122    0.0072087       0.00974247            0.00804553            0.00660965            0.00443717            0.8584                
123    6.77717e-06     2.51354e-06           5.8376e-06            8.39201e-06           1.03655e-05           1.21849               
124    0.00504826      0.00850882            0.00585243            0.00398854            0.00184324            0.750678              
125    0.061197        0.061197              0.061197              0.061197              0.061197              1                     
126    0.069147        0.069147              0.069147              0.069147              0.069147              1                     
127    0.079066        0.079066              0.079066              0.079066              0.079066              1                     
128    0.079066        0.079066              0.079066              0.079066              0.079066              1                     
129    0.061197        0.061197              0.061197              0.061197              0.061197              1                     
130    0.012937        0.012937              0.012937              0.012937              0.012937              1                     
131    0.042302        0.042302              0.042302              0.042302              0.042302              1                     
132    0.0449816       0.0685768             0.0506293             0.0379856             0.0227346             0.807298              
133    0.000968418     0.000926717           0.00111967            0.00106518            0.000762098           0.954961              
134    0.0324777       0.0450302             0.0363942             0.029338              0.0191482             0.847165              
135    0.000866581     0.000383952           0.000701439           0.000985365           0.00139557            1.22518               
136    0.000483522     0.000398867           0.00052228            0.000543869           0.000469073           1.01807               
137    0.04404         0.04404               0.04404               0.04404               0.04404               1                     
138    0.0646          0.0646                0.0646                0.0646                0.0646                1                     
139    0.00294296      0.00293433            0.00345317            0.00320383            0.00218053            0.938061              
140    0.00186293      0.000973789           0.00164117            0.00214344            0.00269332            1.17499               
141    0.00723239      0.0132331             0.00834006            0.00523804            0.00211834            0.712889              
142    0.000261556     8.10774e-05           0.000183969           0.000295044           0.000486136           1.30295               
143    0.000866581     0.000383952           0.000701439           0.000985365           0.00139557            1.22518               
144    4.03837e-07     4.64019e-08           1.75842e-07           3.90868e-07           1.00224e-06           1.47404               
145    0.00504826      0.00850882            0.00585243            0.00398854            0.00184324            0.750678              
146    0.00376589      0.00250604            0.00371669            0.0043282             0.00451263            1.09567               
147    1.08644e-05     2.43371e-06           6.96339e-06           1.2252e-05            2.18087e-05           1.35054               
148    0.000497647     0.000238237           0.000413296           0.000560938           0.000778116           1.20857               
149    0.055941        0.055941              0.055941              0.055941              0.055941              1                     
150    0.0646          0.0646                0.0646                0.0646                0.0646                1                     
151    0.071586        0.071586              0.071586              0.071586              0.071586              1                     
152    0.079066        0.079066              0.079066              0.079066              0.079066              1                     
