Note : P(D|M) is the probability of site D given the model M (i.e., the site likelihood)
P(D|M,rr[x]) is the probability of site D given the model M and the relative rate
of evolution rr[x], where x is the class of rate to be considered.
We have P(D|M) = \sum_x P(x) x P(D|M,rr[x]).


Site   P(D|M)          P(D|M,rr[1]=0.2898)   P(D|M,rr[2]=0.6519)   P(D|M,rr[3]=1.0692)   P(D|M,rr[4]=1.9892)   Posterior mean        
1      0.00867834      0.0158454             0.0101282             0.00622518            0.00251463            0.658292              
2      0.000254878     6.58183e-05           0.000159765           0.000274356           0.000519574           1.42232               
3      0.0080386       0.00450176            0.0078431             0.00969241            0.0101171             1.14774               
4      0.0015488       0.000581924           0.00119709            0.00177203            0.00264413            1.30799               
5      0.0013032       0.000323471           0.000866984           0.00149592            0.00252644            1.3973                
6      0.0258236       0.0436806             0.0295861             0.0198585             0.0101691             0.710628              
7      0.099081        0.099081              0.099081              0.099081              0.099081              1                     
8      0.099081        0.099081              0.099081              0.099081              0.099081              1                     
9      0.042302        0.042302              0.042302              0.042302              0.042302              1                     
10     0.069147        0.069147              0.069147              0.069147              0.069147              1                     
11     0.00481769      0.00339295            0.00518592            0.00567107            0.00502081            1.05935               
12     0.00439442      0.00245347            0.00430201            0.00529639            0.00552581            1.14748               
13     0.0351994       0.0486691             0.0398878             0.0319702             0.0202704             0.81399               
14     0.00032634      0.00015633            0.000294361           0.000392255           0.000462414           1.20764               
15     0.000464923     0.00027448            0.000463487           0.000557396           0.000564331           1.12932               
16     0.00161442      0.000426021           0.00106553            0.001812              0.00315414            1.39826               
17     0.00575638      0.00383803            0.00610397            0.00687973            0.00620378            1.07652               
18     0.000955839     0.000276666           0.000635948           0.00104651            0.00186423            1.39195               
19     7.21669e-06     7.70965e-07           3.49641e-06           7.7235e-06            1.68759e-05           1.53566               
20     0.000158334     5.3944e-05            0.000145647           0.00020453            0.000229215           1.23979               
21     0.000109148     4.92402e-05           8.26266e-05           0.000114887           0.00018984            1.30233               
22     7.73273e-05     1.642e-05             5.38445e-05           9.32549e-05           0.00014579            1.38879               
23     0.0016611       0.000757994           0.00177462            0.00218595            0.00192582            1.13547               
24     0.00374333      0.00316329            0.00431036            0.00426002            0.00323967            0.983447              
25     0.000191178     5.55815e-05           0.000162808           0.000247612           0.000298708           1.28305               
26     0.000161407     2.98338e-05           0.000119437           0.000209414           0.000286943           1.36485               
27     1.25256e-05     2.64096e-06           8.95946e-06           1.55888e-05           2.29132e-05           1.37421               
28     0.000476819     0.000116544           0.000359382           0.000589538           0.000841813           1.34898               
29     0.000450715     0.00014502            0.000318745           0.0005026             0.000836493           1.35957               
30     0.00139271      0.000454096           0.000995837           0.0015624             0.00255851            1.35358               
31     0.000100112     1.7654e-05            5.39759e-05           0.000105553           0.000223265           1.4915                
32     0.0323015       0.0508374             0.0363299             0.0262942             0.0157443             0.757278              
33     0.000817676     0.000436803           0.00077128            0.000974409           0.00108821            1.17278               
34     0.000659992     0.000212911           0.000462348           0.000728656           0.00123605            1.36399               
35     0.000502504     0.000175821           0.000371471           0.000566846           0.000895877           1.33393               
36     0.000540106     0.000147891           0.000344072           0.000579281           0.00108918            1.41318               
37     0.00277204      0.00673404            0.00299695            0.00119152            0.00016567            0.496776              
38     0.000467472     0.000117443           0.000294324           0.000510796           0.000947326           1.42063               
39     0.00320248      0.0014619             0.0028644             0.0038523             0.00463133            1.21954               
40     0.000410469     5.64817e-05           0.000201871           0.000426912           0.000956611           1.52708               
41     0.0011612       0.00035858            0.000836923           0.00134675            0.00210255            1.35027               
42     0.000144048     5.94234e-05           0.000130054           0.000180119           0.000206594           1.22448               
43     0.0288362       0.0580827             0.0321151             0.0180105             0.00713635            0.617427              
44     0.00936858      0.0205463             0.00963692            0.0049048             0.00238632            0.593109              
45     0.000184965     8.79561e-05           0.000159515           0.000214127           0.000278262           1.23256               
46     0.079066        0.079066              0.079066              0.079066              0.079066              1                     
47     0.069147        0.069147              0.069147              0.069147              0.069147              1                     
48     0.0646          0.0646                0.0646                0.0646                0.0646                1                     
49     0.000483554     0.00024686            0.000441579           0.000572878           0.000672897           1.1945                
50     0.000110222     3.9332e-05            9.7635e-05            0.000135126           0.000168794           1.25946               
51     0.00132443      0.00127749            0.00161581            0.00146101            0.000943415           0.91779               
52     6.20773e-06     1.89499e-07           1.71058e-06           5.58371e-06           1.73471e-05           1.6772                
53     5.13979e-05     2.36889e-05           5.81625e-05           7.26416e-05           5.10987e-05           1.08999               
54     6.40301e-07     2.28535e-08           1.78002e-07           5.44417e-07           1.81593e-06           1.68551               
55     1.15621e-05     1.48324e-06           6.14715e-06           1.29836e-05           2.56343e-05           1.49865               
56     0.00354784      0.00202257            0.00342767            0.00419627            0.00454486            1.15194               
57     2.00405e-05     9.93828e-06           2.33892e-05           2.74753e-05           1.9359e-05            1.07298               
58     1.87609e-05     7.30231e-06           1.90606e-05           2.53663e-05           2.33145e-05           1.17317               
59     2.56232e-05     1.10294e-05           2.66286e-05           3.34135e-05           3.14213e-05           1.15894               
60     0.00110072      0.00132849            0.00147464            0.00112686            0.000472869           0.793048              
61     0.00242849      0.00381991            0.003321              0.00199382            0.000579239           0.674874              
62     3.01377e-05     5.91673e-06           2.07534e-05           3.72418e-05           5.66389e-05           1.39133               
63     1.49854e-06     6.15327e-08           5.32481e-07           1.57356e-06           3.8266e-06            1.61142               
64     9.88426e-05     6.73082e-05           0.000130032           0.000127034           7.09963e-05           0.964455              
65     0.00759405      0.0215591             0.00654659            0.00198382            0.000286671           0.434736              
66     0.000208813     0.000139359           0.000233178           0.000260312           0.000202403           1.04558               
67     0.00204106      0.00248446            0.00273245            0.00205476            0.000892579           0.792914              
68     0.00136402      0.00181277            0.00188124            0.00130843            0.000453652           0.742833              
69     0.00242849      0.00381991            0.003321              0.00199382            0.000579239           0.674874              
70     0.000885824     0.00131947            0.00117135            0.000759145           0.000293337           0.717149              
71     0.0261856       0.0557934             0.0291423             0.015073              0.00473357            0.579473              
72     0.00080723      0.00121304            0.00108427            0.000686229           0.000245381           0.706153              
73     0.000408222     0.000186616           0.000378705           0.000513129           0.000554437           1.1957                
74     0.000424283     0.00053324            0.000584814           0.000428503           0.000150575           0.762116              
75     0.057337        0.057337              0.057337              0.057337              0.057337              1                     
76     0.057337        0.057337              0.057337              0.057337              0.057337              1                     
77     0.099081        0.099081              0.099081              0.099081              0.099081              1                     
78     0.00456028      0.0052599             0.00593807            0.00474195            0.00230121            0.824652              
79     0.000685172     0.000540264           0.000921794           0.000836879           0.00044175            0.923474              
80     1.53252e-06     6.05899e-08           4.92139e-07           1.47281e-06           4.10456e-06           1.64398               
81     0.000433171     0.000140214           0.00040647            0.000589757           0.000596244           1.2248                
82     0.013912        0.0355032             0.0139433             0.00525986            0.000941628           0.482915              
83     0.000158231     7.25406e-05           0.000177483           0.000215784           0.000167115           1.10575               
84     5.71218e-05     1.41217e-05           5.39623e-05           8.24057e-05           7.79977e-05           1.23652               
85     2.41275e-05     3.11528e-06           1.59559e-05           3.09878e-05           4.64509e-05           1.41783               
86     2.38912e-05     1.05089e-05           2.60023e-05           3.27644e-05           2.62891e-05           1.12302               
87     0.00106785      0.000973763           0.00126268            0.00119131            0.000843635           0.949843              
88     0.000907578     0.000794216           0.00110615            0.001066              0.000663952           0.939777              
89     0.000433171     0.000140214           0.00040647            0.000589757           0.000596244           1.2248                
90     5.35246e-05     1.67588e-05           4.95775e-05           7.27584e-05           7.50038e-05           1.23384               
91     0.000115444     0.000234016           0.00014283            6.46429e-05           2.02894e-05           0.585538              
92     8.32483e-05     1.37305e-05           5.07489e-05           9.69677e-05           0.000171546           1.44739               
93     0.000655967     0.000474366           0.000701283           0.000758784           0.000689436           1.05847               
94     0.0276117       0.0526427             0.0322722             0.0189055             0.00662629            0.630941              
95     0.0248135       0.0448978             0.0290439             0.0180981             0.00721397            0.661361              
96     0.0451072       0.0738794             0.0523021             0.0362056             0.0180417             0.721062              
97     0.0033648       0.00447077            0.00461008            0.00323847            0.0011399             0.745263              
98     0.000744009     0.000565              0.00091782            0.000931142           0.000562073           0.966272              
99     0.00181438      0.0023125             0.00243673            0.00178766            0.000720623           0.772071              
100    0.0126069       0.0292429             0.0136894             0.00613373            0.00136137            0.528742              
101    5.05727e-05     2.03171e-05           5.2831e-05            6.94444e-05           5.96984e-05           1.15342               
102    0.00786558      0.0214397             0.00733919            0.00237037            0.00031304            0.449854              
103    0.00180982      0.00234646            0.0024372             0.00175796            0.000697656           0.764721              
104    0.021021        0.0393438             0.0248405             0.0148402             0.0050596             0.636558              
105    0.000600592     0.00026166            0.000603255           0.00080308            0.000734373           1.16074               
106    0.000317887     0.000138836           0.000355215           0.000448444           0.000329053           1.10559               
107    1.98655e-05     5.60439e-06           1.64252e-05           2.5485e-05            3.19474e-05           1.29783               
108    0.018396        0.0322017             0.0218604             0.0140675             0.00545455            0.672316              
109    0.031959        0.0398129             0.0351365             0.0304732             0.0224134             0.873045              
110    0.0102806       0.0261091             0.0100196             0.00396943            0.00102426            0.495549              
111    0.00181438      0.0023125             0.00243673            0.00178766            0.000720623           0.772071              
112    0.00580765      0.0161131             0.00531116            0.00161898            0.000187352           0.440568              
113    0.099081        0.099081              0.099081              0.099081              0.099081              1                     
114    0.0171004       0.0386016             0.0187968             0.00882195            0.00218133            0.543985              
115    0.000176781     0.00020244            0.000225756           0.000180767           9.81623e-05           0.840531              
116    1.70248e-05     5.506e-06             1.55297e-05           2.25458e-05           2.45176e-05           1.24223               
117    0.021021        0.0393438             0.0248405             0.0148402             0.0050596             0.636558              
118    6.32358e-05     4.52937e-05           8.36205e-05           7.90088e-05           4.50202e-05           0.955408              
119    0.0126069       0.0292429             0.0136894             0.00613373            0.00136137            0.528742              
120    0.0138641       0.031936              0.0142324             0.00687561            0.00241236            0.55325               
121    0.0213086       0.0432215             0.0241635             0.0132612             0.00458834            0.605165              
122    0.00323209      0.00896634            0.00292438            0.000903028           0.000134599           0.443798              
123    0.00551871      0.00918154            0.00654043            0.00443839            0.00191449            0.701146              
124    0.00137809      0.00186393            0.00181429            0.00126927            0.000564857           0.762556              
125    0.0118069       0.0274977             0.0118862             0.00573172            0.00211193            0.551481              
126    0.000857157     0.000830208           0.00107449            0.000958538           0.000565392           0.901388              
127    3.17298e-05     1.65821e-05           3.77109e-05           4.30633e-05           2.95628e-05           1.05766               
128    0.018396        0.0322017             0.0218604             0.0140675             0.00545455            0.672316              
129    0.018396        0.0322017             0.0218604             0.0140675             0.00545455            0.672316              
130    0.000527276     0.000404104           0.000611247           0.000639131           0.000454621           0.997215              
131    0.071586        0.071586              0.071586              0.071586              0.071586              1                     
132    0.099081        0.099081              0.099081              0.099081              0.099081              1                     
133    0.057337        0.057337              0.057337              0.057337              0.057337              1                     
134    0.041977        0.041977              0.041977              0.041977              0.041977              1                     
135    0.053287        0.053287              0.053287              0.053287              0.053287              1                     
136    0.061197        0.061197              0.061197              0.061197              0.061197              1                     
137    0.062157        0.062157              0.062157              0.062157              0.062157              1                     
138    0.061197        0.061197              0.061197              0.061197              0.061197              1                     
139    0.053287        0.053287              0.053287              0.053287              0.053287              1                     
140    0.099081        0.099081              0.099081              0.099081              0.099081              1                     
141    0.079066        0.079066              0.079066              0.079066              0.079066              1                     
142    0.079066        0.079066              0.079066              0.079066              0.079066              1                     
143    0.055941        0.055941              0.055941              0.055941              0.055941              1                     
144    1.27911e-05     7.57833e-06           1.55857e-05           1.66385e-05           1.13619e-05           1.03092               
145    0.0171004       0.0386016             0.0187968             0.00882195            0.00218133            0.543985              
146    0.0126069       0.0292429             0.0136894             0.00613373            0.00136137            0.528742              
147    0.0261856       0.0557934             0.0291423             0.015073              0.00473357            0.579473              
148    0.0014787       0.00232911            0.00188327            0.00120624            0.000496196           0.706574              
Note : P(D|M) is the probability of site D given the model M (i.e., the site likelihood)
P(D|M,rr[x]) is the probability of site D given the model M and the relative rate
of evolution rr[x], where x is the class of rate to be considered.
We have P(D|M) = \sum_x P(x) x P(D|M,rr[x]).


Site   P(D|M)          P(D|M,rr[1]=0.2896)   P(D|M,rr[2]=0.6517)   P(D|M,rr[3]=1.0692)   P(D|M,rr[4]=1.9895)   Posterior mean        
1      0.00867806      0.0158472             0.0101281             0.00622381            0.00251305            0.658102              
2      0.000254934     6.57955e-05           0.000159765           0.00027441            0.000519764           1.42256               
3      0.00803827      0.00450061            0.00784311            0.00969292            0.0101164             1.14779               
4      0.00154895      0.000581751           0.00119709            0.00177227            0.00264467            1.30816               
5      0.0013034       0.000323343           0.000866985           0.0014962             0.00252706            1.39749               
6      0.0258227       0.0436851             0.0295861             0.0198551             0.0101647             0.710463              
7      0.099081        0.099081              0.099081              0.099081              0.099081              1                     
8      0.099081        0.099081              0.099081              0.099081              0.099081              1                     
9      0.042302        0.042302              0.042302              0.042302              0.042302              1                     
10     0.069147        0.069147              0.069147              0.069147              0.069147              1                     
11     0.00481746      0.0033928             0.00518636            0.00567111            0.00501956            1.0593                
12     0.00439458      0.00245334            0.00430261            0.00529703            0.00552533            1.14748               
13     0.0351937       0.0486697             0.0398842             0.0319624             0.0202584             0.813825              
14     0.000326344     0.000156304           0.000294382           0.0003923             0.000462389           1.20769               
15     0.000465156     0.000274587           0.000463764           0.000557729           0.000564545           1.12932               
16     0.00161469      0.000425866           0.00106553            0.00181233            0.00315502            1.39847               
17     0.00575594      0.00383715            0.00610397            0.00687983            0.00620282            1.07652               
18     0.000956015     0.000276575           0.000635949           0.0010467             0.00186483            1.39217               
19     7.21901e-06     7.70524e-07           3.49659e-06           7.72587e-06           1.68831e-05           1.53591               
20     0.000158329     5.39195e-05           0.000145647           0.000204542           0.000229207           1.23988               
21     0.000109168     4.92312e-05           8.26292e-05           0.000114906           0.000189904           1.30253               
22     7.73373e-05     1.64122e-05           5.38463e-05           9.3273e-05            0.000145818           1.38896               
23     0.00166091      0.000757681           0.00177462            0.00218596            0.00192538            1.13548               
24     0.00374281      0.00316263            0.00431022            0.00425969            0.00323871            0.983403              
25     0.000191182     5.55566e-05           0.000162814           0.000247647           0.000298711           1.28315               
26     0.000161411     2.98155e-05           0.000119435           0.000209441           0.000286952           1.36498               
27     1.25269e-05     2.63966e-06           8.95979e-06           1.55919e-05           2.29161e-05           1.37436               
28     0.000476854     0.000116488           0.000359387           0.000589629           0.000841913           1.34913               
29     0.000450782     0.000144974           0.000318745           0.000502681           0.000836729           1.35977               
30     0.00139291      0.000453952           0.000995838           0.00156265            0.00255919            1.35377               
31     0.000100139     1.76464e-05           5.3976e-05            0.000105578           0.000223356           1.49176               
32     0.0323004       0.0508421             0.0363299             0.0262906             0.0157391             0.757135              
33     0.000817663     0.000436691           0.00077128            0.000974472           0.00108821            1.17286               
34     0.000660099     0.000212844           0.000462349           0.000728776           0.00123643            1.3642                
35     0.000502566     0.000175767           0.000371471           0.00056693            0.000896096           1.33412               
36     0.000540221     0.000147842           0.000344072           0.000579393           0.00108958            1.41342               
37     0.00277175      0.0067348             0.0029963             0.00119059            0.000165304           0.496525              
38     0.000467582     0.000117405           0.000294335           0.000510916           0.00094767            1.42086               
39     0.00320256      0.00146151            0.00286447            0.0038527             0.00463157            1.21963               
40     0.00041061      5.64565e-05           0.000201882           0.000427046           0.000957054           1.52734               
41     0.00116136      0.000358472           0.000836952           0.00134701            0.002103              1.35044               
42     0.000144028     5.94035e-05           0.000130046           0.000180112           0.000206549           1.22452               
43     0.0288325       0.0580876             0.03211               0.0180021             0.00713014            0.617202              
44     0.00936888      0.0205502             0.00963651            0.0049033             0.00238557            0.592925              
45     0.000184975     8.79357e-05           0.000159519           0.000214151           0.000278296           1.23268               
46     0.079066        0.079066              0.079066              0.079066              0.079066              1                     
47     0.069147        0.069147              0.069147              0.069147              0.069147              1                     
48     0.0646          0.0646                0.0646                0.0646                0.0646                1                     
49     0.000483528     0.000246783           0.000441552           0.000572893           0.000672883           1.19459               
50     0.000110258     3.93356e-05           9.76772e-05           0.000135182           0.000168838           1.25951               
51     0.00132406      0.00127719            0.00161559            0.00146062            0.000942859           0.917683              
52     6.21236e-06     1.89433e-07           1.71139e-06           5.5881e-06            1.73605e-05           1.67744               
53     5.1378e-05      2.3679e-05            5.81573e-05           7.26271e-05           5.10487e-05           1.08983               
54     6.41065e-07     2.28509e-08           1.78126e-07           5.44995e-07           1.81829e-06           1.68581               
55     1.15714e-05     1.48342e-06           6.15136e-06           1.29952e-05           2.56558e-05           1.49884               
56     0.00354782      0.00202217            0.00342777            0.00419656            0.00454479            1.152                 
57     2.00478e-05     9.94041e-06           2.34028e-05           2.7489e-05            1.93588e-05           1.07289               
58     1.8769e-05      7.30382e-06           1.90722e-05           2.53812e-05           2.33187e-05           1.17314               
59     2.56349e-05     1.10313e-05           2.6644e-05            3.34324e-05           3.14317e-05           1.15895               
60     0.00110035      0.00132827            0.00147443            0.00112639            0.000472312           0.792833              
61     0.00242769      0.00381942            0.00332034            0.00199263            0.000578377           0.674634              
62     3.01338e-05     5.91269e-06           2.07505e-05           3.72421e-05           5.66301e-05           1.39146               
63     1.49969e-06     6.15161e-08           5.32801e-07           1.57496e-06           3.82946e-06           1.61161               
64     9.87887e-05     6.72748e-05           0.000129996           0.000126968           7.09165e-05           0.964292              
65     0.00759382      0.0215628             0.00654448            0.00198186            0.000286126           0.434495              
66     0.000208749     0.000139322           0.000233154           0.000260258           0.000202261           1.04547               
67     0.00204031      0.00248397            0.00273192            0.00205378            0.000891588           0.792709              
68     0.00136353      0.00181245            0.0018809             0.00130775            0.000453021           0.742599              
69     0.00242769      0.00381942            0.00332034            0.00199263            0.000578377           0.674634              
70     0.000885527     0.00131928            0.0011711             0.000758728           0.000293002           0.71693               
71     0.0261821       0.0557986             0.0291372             0.0150648             0.00472792            0.579228              
72     0.000806908     0.00121279            0.00108398            0.000685797           0.000245059           0.705926              
73     0.000408164     0.000186564           0.000378697           0.000513131           0.000554265           1.1957                
74     0.000424134     0.000533149           0.000584727           0.000428303           0.000150355           0.761876              
75     0.057337        0.057337              0.057337              0.057337              0.057337              1                     
76     0.057337        0.057337              0.057337              0.057337              0.057337              1                     
77     0.099081        0.099081              0.099081              0.099081              0.099081              1                     
78     0.00455892      0.00525903            0.00593734            0.00474029            0.00229901            0.824464              
79     0.000685102     0.000540242           0.000921937           0.000836806           0.000441422           0.923298              
80     1.53395e-06     6.05797e-08           4.92467e-07           1.47425e-06           4.10848e-06           1.64421               
81     0.000433044     0.000140131           0.000406413           0.000589685           0.000595945           1.2248                
82     0.0139108       0.0355079             0.0139398             0.00525558            0.000939978           0.482666              
83     0.000158242     7.25476e-05           0.000177548           0.000215827           0.000167045           1.10561               
84     5.71312e-05     1.41202e-05           5.39837e-05           8.2435e-05            7.79858e-05           1.23646               
85     2.41274e-05     3.11325e-06           1.59559e-05           3.09913e-05           4.64492e-05           1.41795               
86     2.38765e-05     1.05025e-05           2.59939e-05           3.2749e-05            2.62606e-05           1.12289               
87     0.00106828      0.00097421            0.00126341            0.00119184            0.00084365            0.949721              
88     0.000907276     0.000794005           0.001106              0.00106571            0.000663396           0.939629              
89     0.000433044     0.000140131           0.000406413           0.000589685           0.000595945           1.2248                
90     5.35025e-05     1.6749e-05            4.95672e-05           7.27404e-05           7.49535e-05           1.23381               
91     0.000115422     0.000234015           0.000142801           6.46008e-05           2.0272e-05            0.585325              
92     8.32541e-05     1.3724e-05            5.07495e-05           9.69819e-05           0.000171561           1.44755               
93     0.000655906     0.000474301           0.000701288           0.000758754           0.000689281           1.05845               
94     0.0276056       0.0526444             0.0322655             0.0188948             0.00661768            0.630685              
95     0.0248081       0.0448991             0.0290385             0.0180891             0.00720577            0.661116              
96     0.0450984       0.0738811             0.0522945             0.0361916             0.0180263             0.720848              
97     0.0033637       0.00447008            0.00460939            0.00323696            0.00113838            0.745035              
98     0.000743758     0.000564848           0.000917724           0.000930899           0.00056156            0.966111              
99     0.00181367      0.00231197            0.00243621            0.00178677            0.000719731           0.771857              
100    0.0126054       0.0292461             0.0136866             0.0061296             0.0013592             0.52849               
101    5.05475e-05     2.03058e-05           5.28186e-05           6.94209e-05           5.96446e-05           1.15332               
102    0.00786514      0.021443              0.00733708            0.00236813            0.000312392           0.449611              
103    0.00180925      0.0023461             0.00243685            0.0017572             0.00069684            0.764506              
104    0.0210178       0.0393464             0.0248374             0.0148337             0.00505354            0.636316              
105    0.000600461     0.000261569           0.000603237           0.000803041           0.000733996           1.16068               
106    0.000317762     0.000138751           0.000355164           0.000448354           0.000328779           1.10549               
107    1.98754e-05     5.60496e-06           1.64343e-05           2.55011e-05           3.19612e-05           1.29791               
108    0.0183931       0.0322035             0.0218581             0.0140622             0.00544873            0.672083              
109    0.0319574       0.0398142             0.0351365             0.0304712             0.0224078             0.87295               
110    0.0102813       0.0261152             0.0100191             0.00396764            0.00102341            0.495333              
111    0.00181367      0.00231197            0.00243621            0.00178677            0.000719731           0.771857              
112    0.00580738      0.0161156             0.00530958            0.00161737            0.000186938           0.440327              
113    0.099081        0.099081              0.099081              0.099081              0.099081              1                     
114    0.0170983       0.0386055             0.0187932             0.00881637            0.00217812            0.543734              
115    0.000176858     0.00020254            0.000225888           0.000180841           9.81635e-05           0.840392              
116    1.70336e-05     5.50676e-06           1.5539e-05            2.25606e-05           2.4528e-05            1.24228               
117    0.0210178       0.0393464             0.0248374             0.0148337             0.00505354            0.636316              
118    6.32558e-05     4.53058e-05           8.36666e-05           7.90376e-05           4.50132e-05           0.955279              
119    0.0126054       0.0292461             0.0136866             0.0061296             0.0013592             0.52849               
120    0.0138646       0.0319426             0.0142318             0.00687324            0.00241071            0.553037              
121    0.021308        0.0432276             0.0241627             0.0132571             0.00458471            0.604955              
122    0.00323246      0.00896872            0.00292419            0.000902483           0.000134437           0.443583              
123    0.00551826      0.00918225            0.00654029            0.00443743            0.00191306            0.70095               
124    0.00137792      0.00186382            0.00181432            0.00126903            0.000564533           0.762407              
125    0.0118074       0.0275037             0.0118857             0.00572979            0.00211058            0.55127               
126    0.000857062     0.0008301             0.00107453            0.000958472           0.000565147           0.901288              
127    3.17405e-05     1.65857e-05           3.77323e-05           4.30833e-05           2.95607e-05           1.05756               
128    0.0183931       0.0322035             0.0218581             0.0140622             0.00544873            0.672083              
129    0.0183931       0.0322035             0.0218581             0.0140622             0.00544873            0.672083              
130    0.000527466     0.000404263           0.000611582           0.00063942            0.000454598           0.997097              
131    0.071586        0.071586              0.071586              0.071586              0.071586              1                     
132    0.099081        0.099081              0.099081              0.099081              0.099081              1                     
133    0.057337        0.057337              0.057337              0.057337              0.057337              1                     
134    0.041977        0.041977              0.041977              0.041977              0.041977              1                     
135    0.053287        0.053287              0.053287              0.053287              0.053287              1                     
136    0.061197        0.061197              0.061197              0.061197              0.061197              1                     
137    0.062157        0.062157              0.062157              0.062157              0.062157              1                     
138    0.061197        0.061197              0.061197              0.061197              0.061197              1                     
139    0.053287        0.053287              0.053287              0.053287              0.053287              1                     
140    0.099081        0.099081              0.099081              0.099081              0.099081              1                     
141    0.079066        0.079066              0.079066              0.079066              0.079066              1                     
142    0.079066        0.079066              0.079066              0.079066              0.079066              1                     
143    0.055941        0.055941              0.055941              0.055941              0.055941              1                     
144    1.27958e-05     7.58037e-06           1.5595e-05            1.66463e-05           1.13614e-05           1.03082               
145    0.0170983       0.0386055             0.0187932             0.00881637            0.00217812            0.543734              
146    0.0126054       0.0292461             0.0136866             0.0061296             0.0013592             0.52849               
147    0.0261821       0.0557986             0.0291372             0.0150648             0.00472792            0.579228              
148    0.00147903      0.00233024            0.00188391            0.00120618            0.000495812           0.706316              
Note : P(D|M) is the probability of site D given the model M (i.e., the site likelihood)
P(D|M,rr[x]) is the probability of site D given the model M and the relative rate
of evolution rr[x], where x is the class of rate to be considered.
We have P(D|M) = \sum_x P(x) x P(D|M,rr[x]).


Site   P(D|M)          P(D|M,rr[1]=0.2898)   P(D|M,rr[2]=0.6519)   P(D|M,rr[3]=1.0692)   P(D|M,rr[4]=1.9892)   Posterior mean        
1      0.00867834      0.0158454             0.0101282             0.00622518            0.00251463            0.658292              
2      0.000254878     6.58183e-05           0.000159765           0.000274356           0.000519574           1.42232               
3      0.0080386       0.00450176            0.0078431             0.00969241            0.0101171             1.14774               
4      0.0015488       0.000581924           0.00119709            0.00177203            0.00264413            1.30799               
5      0.0013032       0.000323471           0.000866984           0.00149592            0.00252644            1.3973                
6      0.0258236       0.0436806             0.0295861             0.0198585             0.0101691             0.710628              
7      0.099081        0.099081              0.099081              0.099081              0.099081              1                     
8      0.099081        0.099081              0.099081              0.099081              0.099081              1                     
9      0.042302        0.042302              0.042302              0.042302              0.042302              1                     
10     0.069147        0.069147              0.069147              0.069147              0.069147              1                     
11     0.00481769      0.00339295            0.00518592            0.00567107            0.00502081            1.05935               
12     0.00439442      0.00245347            0.00430201            0.00529639            0.00552581            1.14748               
13     0.0351994       0.0486691             0.0398878             0.0319702             0.0202704             0.81399               
14     0.00032634      0.00015633            0.000294361           0.000392255           0.000462414           1.20764               
15     0.000464923     0.00027448            0.000463487           0.000557396           0.000564331           1.12932               
16     0.00161442      0.000426021           0.00106553            0.001812              0.00315414            1.39826               
17     0.00575638      0.00383803            0.00610397            0.00687973            0.00620378            1.07652               
18     0.000955839     0.000276666           0.000635948           0.00104651            0.00186423            1.39195               
19     7.21669e-06     7.70965e-07           3.49641e-06           7.7235e-06            1.68759e-05           1.53566               
20     0.000158334     5.3944e-05            0.000145647           0.00020453            0.000229215           1.23979               
21     0.000109148     4.92402e-05           8.26266e-05           0.000114887           0.00018984            1.30233               
22     7.73273e-05     1.642e-05             5.38445e-05           9.32549e-05           0.00014579            1.38879               
23     0.0016611       0.000757994           0.00177462            0.00218595            0.00192582            1.13547               
24     0.00374333      0.00316329            0.00431036            0.00426002            0.00323967            0.983447              
25     0.000191178     5.55815e-05           0.000162808           0.000247612           0.000298708           1.28305               
26     0.000161407     2.98338e-05           0.000119437           0.000209414           0.000286943           1.36485               
27     1.25256e-05     2.64096e-06           8.95946e-06           1.55888e-05           2.29132e-05           1.37421               
28     0.000476819     0.000116544           0.000359382           0.000589538           0.000841813           1.34898               
29     0.000450715     0.00014502            0.000318745           0.0005026             0.000836493           1.35957               
30     0.00139271      0.000454096           0.000995837           0.0015624             0.00255851            1.35358               
31     0.000100112     1.7654e-05            5.39759e-05           0.000105553           0.000223265           1.4915                
32     0.0323015       0.0508374             0.0363299             0.0262942             0.0157443             0.757278              
33     0.000817676     0.000436803           0.00077128            0.000974409           0.00108821            1.17278               
34     0.000659992     0.000212911           0.000462348           0.000728656           0.00123605            1.36399               
35     0.000502504     0.000175821           0.000371471           0.000566846           0.000895877           1.33393               
36     0.000540106     0.000147891           0.000344072           0.000579281           0.00108918            1.41318               
37     0.00277204      0.00673404            0.00299695            0.00119152            0.00016567            0.496776              
38     0.000467472     0.000117443           0.000294324           0.000510796           0.000947326           1.42063               
39     0.00320248      0.0014619             0.0028644             0.0038523             0.00463133            1.21954               
40     0.000410469     5.64817e-05           0.000201871           0.000426912           0.000956611           1.52708               
41     0.0011612       0.00035858            0.000836923           0.00134675            0.00210255            1.35027               
42     0.000144048     5.94234e-05           0.000130054           0.000180119           0.000206594           1.22448               
43     0.0288362       0.0580827             0.0321151             0.0180105             0.00713635            0.617427              
44     0.00936858      0.0205463             0.00963692            0.0049048             0.00238632            0.593109              
45     0.000184965     8.79561e-05           0.000159515           0.000214127           0.000278262           1.23256               
46     0.079066        0.079066              0.079066              0.079066              0.079066              1                     
47     0.069147        0.069147              0.069147              0.069147              0.069147              1                     
48     0.0646          0.0646                0.0646                0.0646                0.0646                1                     
49     0.000483554     0.00024686            0.000441579           0.000572878           0.000672897           1.1945                
50     0.000110222     3.9332e-05            9.7635e-05            0.000135126           0.000168794           1.25946               
51     0.00132443      0.00127749            0.00161581            0.00146101            0.000943415           0.91779               
52     6.20773e-06     1.89499e-07           1.71058e-06           5.58371e-06           1.73471e-05           1.6772                
53     5.13979e-05     2.36889e-05           5.81625e-05           7.26416e-05           5.10987e-05           1.08999               
54     6.40301e-07     2.28535e-08           1.78002e-07           5.44417e-07           1.81593e-06           1.68551               
55     1.15621e-05     1.48324e-06           6.14715e-06           1.29836e-05           2.56343e-05           1.49865               
56     0.00354784      0.00202257            0.00342767            0.00419627            0.00454486            1.15194               
57     2.00405e-05     9.93828e-06           2.33892e-05           2.74753e-05           1.9359e-05            1.07298               
58     1.87609e-05     7.30231e-06           1.90606e-05           2.53663e-05           2.33145e-05           1.17317               
59     2.56232e-05     1.10294e-05           2.66286e-05           3.34135e-05           3.14213e-05           1.15894               
60     0.00110072      0.00132849            0.00147464            0.00112686            0.000472869           0.793048              
61     0.00242849      0.00381991            0.003321              0.00199382            0.000579239           0.674874              
62     3.01377e-05     5.91673e-06           2.07534e-05           3.72418e-05           5.66389e-05           1.39133               
63     1.49854e-06     6.15327e-08           5.32481e-07           1.57356e-06           3.8266e-06            1.61142               
64     9.88426e-05     6.73082e-05           0.000130032           0.000127034           7.09963e-05           0.964455              
65     0.00759405      0.0215591             0.00654659            0.00198382            0.000286671           0.434736              
66     0.000208813     0.000139359           0.000233178           0.000260312           0.000202403           1.04558               
67     0.00204106      0.00248446            0.00273245            0.00205476            0.000892579           0.792914              
68     0.00136402      0.00181277            0.00188124            0.00130843            0.000453652           0.742833              
69     0.00242849      0.00381991            0.003321              0.00199382            0.000579239           0.674874              
70     0.000885824     0.00131947            0.00117135            0.000759145           0.000293337           0.717149              
71     0.0261856       0.0557934             0.0291423             0.015073              0.00473357            0.579473              
72     0.00080723      0.00121304            0.00108427            0.000686229           0.000245381           0.706153              
73     0.000408222     0.000186616           0.000378705           0.000513129           0.000554437           1.1957                
74     0.000424283     0.00053324            0.000584814           0.000428503           0.000150575           0.762116              
75     0.057337        0.057337              0.057337              0.057337              0.057337              1                     
76     0.057337        0.057337              0.057337              0.057337              0.057337              1                     
77     0.099081        0.099081              0.099081              0.099081              0.099081              1                     
78     0.00456028      0.0052599             0.00593807            0.00474195            0.00230121            0.824652              
79     0.000685172     0.000540264           0.000921794           0.000836879           0.00044175            0.923474              
80     1.53252e-06     6.05899e-08           4.92139e-07           1.47281e-06           4.10456e-06           1.64398               
81     0.000433171     0.000140214           0.00040647            0.000589757           0.000596244           1.2248                
82     0.013912        0.0355032             0.0139433             0.00525986            0.000941628           0.482915              
83     0.000158231     7.25406e-05           0.000177483           0.000215784           0.000167115           1.10575               
84     5.71218e-05     1.41217e-05           5.39623e-05           8.24057e-05           7.79977e-05           1.23652               
85     2.41275e-05     3.11528e-06           1.59559e-05           3.09878e-05           4.64509e-05           1.41783               
86     2.38912e-05     1.05089e-05           2.60023e-05           3.27644e-05           2.62891e-05           1.12302               
87     0.00106785      0.000973763           0.00126268            0.00119131            0.000843635           0.949843              
88     0.000907578     0.000794216           0.00110615            0.001066              0.000663952           0.939777              
89     0.000433171     0.000140214           0.00040647            0.000589757           0.000596244           1.2248                
90     5.35246e-05     1.67588e-05           4.95775e-05           7.27584e-05           7.50038e-05           1.23384               
91     0.000115444     0.000234016           0.00014283            6.46429e-05           2.02894e-05           0.585538              
92     8.32483e-05     1.37305e-05           5.07489e-05           9.69677e-05           0.000171546           1.44739               
93     0.000655967     0.000474366           0.000701283           0.000758784           0.000689436           1.05847               
94     0.0276117       0.0526427             0.0322722             0.0189055             0.00662629            0.630941              
95     0.0248135       0.0448978             0.0290439             0.0180981             0.00721397            0.661361              
96     0.0451072       0.0738794             0.0523021             0.0362056             0.0180417             0.721062              
97     0.0033648       0.00447077            0.00461008            0.00323847            0.0011399             0.745263              
98     0.000744009     0.000565              0.00091782            0.000931142           0.000562073           0.966272              
99     0.00181438      0.0023125             0.00243673            0.00178766            0.000720623           0.772071              
100    0.0126069       0.0292429             0.0136894             0.00613373            0.00136137            0.528742              
101    5.05727e-05     2.03171e-05           5.2831e-05            6.94444e-05           5.96984e-05           1.15342               
102    0.00786558      0.0214397             0.00733919            0.00237037            0.00031304            0.449854              
103    0.00180982      0.00234646            0.0024372             0.00175796            0.000697656           0.764721              
104    0.021021        0.0393438             0.0248405             0.0148402             0.0050596             0.636558              
105    0.000600592     0.00026166            0.000603255           0.00080308            0.000734373           1.16074               
106    0.000317887     0.000138836           0.000355215           0.000448444           0.000329053           1.10559               
107    1.98655e-05     5.60439e-06           1.64252e-05           2.5485e-05            3.19474e-05           1.29783               
108    0.018396        0.0322017             0.0218604             0.0140675             0.00545455            0.672316              
109    0.031959        0.0398129             0.0351365             0.0304732             0.0224134             0.873045              
110    0.0102806       0.0261091             0.0100196             0.00396943            0.00102426            0.495549              
111    0.00181438      0.0023125             0.00243673            0.00178766            0.000720623           0.772071              
112    0.00580765      0.0161131             0.00531116            0.00161898            0.000187352           0.440568              
113    0.099081        0.099081              0.099081              0.099081              0.099081              1                     
114    0.0171004       0.0386016             0.0187968             0.00882195            0.00218133            0.543985              
115    0.000176781     0.00020244            0.000225756           0.000180767           9.81623e-05           0.840531              
116    1.70248e-05     5.506e-06             1.55297e-05           2.25458e-05           2.45176e-05           1.24223               
117    0.021021        0.0393438             0.0248405             0.0148402             0.0050596             0.636558              
118    6.32358e-05     4.52937e-05           8.36205e-05           7.90088e-05           4.50202e-05           0.955408              
119    0.0126069       0.0292429             0.0136894             0.00613373            0.00136137            0.528742              
120    0.0138641       0.031936              0.0142324             0.00687561            0.00241236            0.55325               
121    0.0213086       0.0432215             0.0241635             0.0132612             0.00458834            0.605165              
122    0.00323209      0.00896634            0.00292438            0.000903028           0.000134599           0.443798              
123    0.00551871      0.00918154            0.00654043            0.00443839            0.00191449            0.701146              
124    0.00137809      0.00186393            0.00181429            0.00126927            0.000564857           0.762556              
125    0.0118069       0.0274977             0.0118862             0.00573172            0.00211193            0.551481              
126    0.000857157     0.000830208           0.00107449            0.000958538           0.000565392           0.901388              
127    3.17298e-05     1.65821e-05           3.77109e-05           4.30633e-05           2.95628e-05           1.05766               
128    0.018396        0.0322017             0.0218604             0.0140675             0.00545455            0.672316              
129    0.018396        0.0322017             0.0218604             0.0140675             0.00545455            0.672316              
130    0.000527276     0.000404104           0.000611247           0.000639131           0.000454621           0.997215              
131    0.071586        0.071586              0.071586              0.071586              0.071586              1                     
132    0.099081        0.099081              0.099081              0.099081              0.099081              1                     
133    0.057337        0.057337              0.057337              0.057337              0.057337              1                     
134    0.041977        0.041977              0.041977              0.041977              0.041977              1                     
135    0.053287        0.053287              0.053287              0.053287              0.053287              1                     
136    0.061197        0.061197              0.061197              0.061197              0.061197              1                     
137    0.062157        0.062157              0.062157              0.062157              0.062157              1                     
138    0.061197        0.061197              0.061197              0.061197              0.061197              1                     
139    0.053287        0.053287              0.053287              0.053287              0.053287              1                     
140    0.099081        0.099081              0.099081              0.099081              0.099081              1                     
141    0.079066        0.079066              0.079066              0.079066              0.079066              1                     
142    0.079066        0.079066              0.079066              0.079066              0.079066              1                     
143    0.055941        0.055941              0.055941              0.055941              0.055941              1                     
144    1.27911e-05     7.57833e-06           1.55857e-05           1.66385e-05           1.13619e-05           1.03092               
145    0.0171004       0.0386016             0.0187968             0.00882195            0.00218133            0.543985              
146    0.0126069       0.0292429             0.0136894             0.00613373            0.00136137            0.528742              
147    0.0261856       0.0557934             0.0291423             0.015073              0.00473357            0.579473              
148    0.0014787       0.00232911            0.00188327            0.00120624            0.000496196           0.706574              
Note : P(D|M) is the probability of site D given the model M (i.e., the site likelihood)
P(D|M,rr[x]) is the probability of site D given the model M and the relative rate
of evolution rr[x], where x is the class of rate to be considered.
We have P(D|M) = \sum_x P(x) x P(D|M,rr[x]).


Site   P(D|M)          P(D|M,rr[1]=0.2898)   P(D|M,rr[2]=0.6519)   P(D|M,rr[3]=1.0692)   P(D|M,rr[4]=1.9892)   Posterior mean        
1      0.00867834      0.0158454             0.0101282             0.00622518            0.00251463            0.658292              
2      0.000254878     6.58183e-05           0.000159765           0.000274356           0.000519574           1.42232               
3      0.0080386       0.00450176            0.0078431             0.00969241            0.0101171             1.14774               
4      0.0015488       0.000581924           0.00119709            0.00177203            0.00264413            1.30799               
5      0.0013032       0.000323471           0.000866984           0.00149592            0.00252644            1.3973                
6      0.0258236       0.0436806             0.0295861             0.0198585             0.0101691             0.710628              
7      0.099081        0.099081              0.099081              0.099081              0.099081              1                     
8      0.099081        0.099081              0.099081              0.099081              0.099081              1                     
9      0.042302        0.042302              0.042302              0.042302              0.042302              1                     
10     0.069147        0.069147              0.069147              0.069147              0.069147              1                     
11     0.00481769      0.00339295            0.00518592            0.00567107            0.00502081            1.05935               
12     0.00439442      0.00245347            0.00430201            0.00529639            0.00552581            1.14748               
13     0.0351994       0.0486691             0.0398878             0.0319702             0.0202704             0.81399               
14     0.00032634      0.00015633            0.000294361           0.000392255           0.000462414           1.20764               
15     0.000464923     0.00027448            0.000463487           0.000557396           0.000564331           1.12932               
16     0.00161442      0.000426021           0.00106553            0.001812              0.00315414            1.39826               
17     0.00575638      0.00383803            0.00610397            0.00687973            0.00620378            1.07652               
18     0.000955839     0.000276666           0.000635948           0.00104651            0.00186423            1.39195               
19     7.21669e-06     7.70965e-07           3.49641e-06           7.7235e-06            1.68759e-05           1.53566               
20     0.000158334     5.3944e-05            0.000145647           0.00020453            0.000229215           1.23979               
21     0.000109148     4.92402e-05           8.26266e-05           0.000114887           0.00018984            1.30233               
22     7.73273e-05     1.642e-05             5.38445e-05           9.32549e-05           0.00014579            1.38879               
23     0.0016611       0.000757994           0.00177462            0.00218595            0.00192582            1.13547               
24     0.00374333      0.00316329            0.00431036            0.00426002            0.00323967            0.983447              
25     0.000191178     5.55815e-05           0.000162808           0.000247612           0.000298708           1.28305               
26     0.000161407     2.98338e-05           0.000119437           0.000209414           0.000286943           1.36485               
27     1.25256e-05     2.64096e-06           8.95946e-06           1.55888e-05           2.29132e-05           1.37421               
28     0.000476819     0.000116544           0.000359382           0.000589538           0.000841813           1.34898               
29     0.000450715     0.00014502            0.000318745           0.0005026             0.000836493           1.35957               
30     0.00139271      0.000454096           0.000995837           0.0015624             0.00255851            1.35358               
31     0.000100112     1.7654e-05            5.39759e-05           0.000105553           0.000223265           1.4915                
32     0.0323015       0.0508374             0.0363299             0.0262942             0.0157443             0.757278              
33     0.000817676     0.000436803           0.00077128            0.000974409           0.00108821            1.17278               
34     0.000659992     0.000212911           0.000462348           0.000728656           0.00123605            1.36399               
35     0.000502504     0.000175821           0.000371471           0.000566846           0.000895877           1.33393               
36     0.000540106     0.000147891           0.000344072           0.000579281           0.00108918            1.41318               
37     0.00277204      0.00673404            0.00299695            0.00119152            0.00016567            0.496776              
38     0.000467472     0.000117443           0.000294324           0.000510796           0.000947326           1.42063               
39     0.00320248      0.0014619             0.0028644             0.0038523             0.00463133            1.21954               
40     0.000410469     5.64817e-05           0.000201871           0.000426912           0.000956611           1.52708               
41     0.0011612       0.00035858            0.000836923           0.00134675            0.00210255            1.35027               
42     0.000144048     5.94234e-05           0.000130054           0.000180119           0.000206594           1.22448               
43     0.0288362       0.0580827             0.0321151             0.0180105             0.00713635            0.617427              
44     0.00936858      0.0205463             0.00963692            0.0049048             0.00238632            0.593109              
45     0.000184965     8.79561e-05           0.000159515           0.000214127           0.000278262           1.23256               
46     0.079066        0.079066              0.079066              0.079066              0.079066              1                     
47     0.069147        0.069147              0.069147              0.069147              0.069147              1                     
48     0.0646          0.0646                0.0646                0.0646                0.0646                1                     
49     0.000483554     0.00024686            0.000441579           0.000572878           0.000672897           1.1945                
50     0.000110222     3.9332e-05            9.7635e-05            0.000135126           0.000168794           1.25946               
51     0.00132443      0.00127749            0.00161581            0.00146101            0.000943415           0.91779               
52     6.20773e-06     1.89499e-07           1.71058e-06           5.58371e-06           1.73471e-05           1.6772                
53     5.13979e-05     2.36889e-05           5.81625e-05           7.26416e-05           5.10987e-05           1.08999               
54     6.40301e-07     2.28535e-08           1.78002e-07           5.44417e-07           1.81593e-06           1.68551               
55     1.15621e-05     1.48324e-06           6.14715e-06           1.29836e-05           2.56343e-05           1.49865               
56     0.00354784      0.00202257            0.00342767            0.00419627            0.00454486            1.15194               
57     2.00405e-05     9.93828e-06           2.33892e-05           2.74753e-05           1.9359e-05            1.07298               
58     1.87609e-05     7.30231e-06           1.90606e-05           2.53663e-05           2.33145e-05           1.17317               
59     2.56232e-05     1.10294e-05           2.66286e-05           3.34135e-05           3.14213e-05           1.15894               
60     0.00110072      0.00132849            0.00147464            0.00112686            0.000472869           0.793048              
61     0.00242849      0.00381991            0.003321              0.00199382            0.000579239           0.674874              
62     3.01377e-05     5.91673e-06           2.07534e-05           3.72418e-05           5.66389e-05           1.39133               
63     1.49854e-06     6.15327e-08           5.32481e-07           1.57356e-06           3.8266e-06            1.61142               
64     9.88426e-05     6.73082e-05           0.000130032           0.000127034           7.09963e-05           0.964455              
65     0.00759405      0.0215591             0.00654659            0.00198382            0.000286671           0.434736              
66     0.000208813     0.000139359           0.000233178           0.000260312           0.000202403           1.04558               
67     0.00204106      0.00248446            0.00273245            0.00205476            0.000892579           0.792914              
68     0.00136402      0.00181277            0.00188124            0.00130843            0.000453652           0.742833              
69     0.00242849      0.00381991            0.003321              0.00199382            0.000579239           0.674874              
70     0.000885824     0.00131947            0.00117135            0.000759145           0.000293337           0.717149              
71     0.0261856       0.0557934             0.0291423             0.015073              0.00473357            0.579473              
72     0.00080723      0.00121304            0.00108427            0.000686229           0.000245381           0.706153              
73     0.000408222     0.000186616           0.000378705           0.000513129           0.000554437           1.1957                
74     0.000424283     0.00053324            0.000584814           0.000428503           0.000150575           0.762116              
75     0.057337        0.057337              0.057337              0.057337              0.057337              1                     
76     0.057337        0.057337              0.057337              0.057337              0.057337              1                     
77     0.099081        0.099081              0.099081              0.099081              0.099081              1                     
78     0.00456028      0.0052599             0.00593807            0.00474195            0.00230121            0.824652              
79     0.000685172     0.000540264           0.000921794           0.000836879           0.00044175            0.923474              
80     1.53252e-06     6.05899e-08           4.92139e-07           1.47281e-06           4.10456e-06           1.64398               
81     0.000433171     0.000140214           0.00040647            0.000589757           0.000596244           1.2248                
82     0.013912        0.0355032             0.0139433             0.00525986            0.000941628           0.482915              
83     0.000158231     7.25406e-05           0.000177483           0.000215784           0.000167115           1.10575               
84     5.71218e-05     1.41217e-05           5.39623e-05           8.24057e-05           7.79977e-05           1.23652               
85     2.41275e-05     3.11528e-06           1.59559e-05           3.09878e-05           4.64509e-05           1.41783               
86     2.38912e-05     1.05089e-05           2.60023e-05           3.27644e-05           2.62891e-05           1.12302               
87     0.00106785      0.000973763           0.00126268            0.00119131            0.000843635           0.949843              
88     0.000907578     0.000794216           0.00110615            0.001066              0.000663952           0.939777              
89     0.000433171     0.000140214           0.00040647            0.000589757           0.000596244           1.2248                
90     5.35246e-05     1.67588e-05           4.95775e-05           7.27584e-05           7.50038e-05           1.23384               
91     0.000115444     0.000234016           0.00014283            6.46429e-05           2.02894e-05           0.585538              
92     8.32483e-05     1.37305e-05           5.07489e-05           9.69677e-05           0.000171546           1.44739               
93     0.000655967     0.000474366           0.000701283           0.000758784           0.000689436           1.05847               
94     0.0276117       0.0526427             0.0322722             0.0189055             0.00662629            0.630941              
95     0.0248135       0.0448978             0.0290439             0.0180981             0.00721397            0.661361              
96     0.0451072       0.0738794             0.0523021             0.0362056             0.0180417             0.721062              
97     0.0033648       0.00447077            0.00461008            0.00323847            0.0011399             0.745263              
98     0.000744009     0.000565              0.00091782            0.000931142           0.000562073           0.966272              
99     0.00181438      0.0023125             0.00243673            0.00178766            0.000720623           0.772071              
100    0.0126069       0.0292429             0.0136894             0.00613373            0.00136137            0.528742              
101    5.05727e-05     2.03171e-05           5.2831e-05            6.94444e-05           5.96984e-05           1.15342               
102    0.00786558      0.0214397             0.00733919            0.00237037            0.00031304            0.449854              
103    0.00180982      0.00234646            0.0024372             0.00175796            0.000697656           0.764721              
104    0.021021        0.0393438             0.0248405             0.0148402             0.0050596             0.636558              
105    0.000600592     0.00026166            0.000603255           0.00080308            0.000734373           1.16074               
106    0.000317887     0.000138836           0.000355215           0.000448444           0.000329053           1.10559               
107    1.98655e-05     5.60439e-06           1.64252e-05           2.5485e-05            3.19474e-05           1.29783               
108    0.018396        0.0322017             0.0218604             0.0140675             0.00545455            0.672316              
109    0.031959        0.0398129             0.0351365             0.0304732             0.0224134             0.873045              
110    0.0102806       0.0261091             0.0100196             0.00396943            0.00102426            0.495549              
111    0.00181438      0.0023125             0.00243673            0.00178766            0.000720623           0.772071              
112    0.00580765      0.0161131             0.00531116            0.00161898            0.000187352           0.440568              
113    0.099081        0.099081              0.099081              0.099081              0.099081              1                     
114    0.0171004       0.0386016             0.0187968             0.00882195            0.00218133            0.543985              
115    0.000176781     0.00020244            0.000225756           0.000180767           9.81623e-05           0.840531              
116    1.70248e-05     5.506e-06             1.55297e-05           2.25458e-05           2.45176e-05           1.24223               
117    0.021021        0.0393438             0.0248405             0.0148402             0.0050596             0.636558              
118    6.32358e-05     4.52937e-05           8.36205e-05           7.90088e-05           4.50202e-05           0.955408              
119    0.0126069       0.0292429             0.0136894             0.00613373            0.00136137            0.528742              
120    0.0138641       0.031936              0.0142324             0.00687561            0.00241236            0.55325               
121    0.0213086       0.0432215             0.0241635             0.0132612             0.00458834            0.605165              
122    0.00323209      0.00896634            0.00292438            0.000903028           0.000134599           0.443798              
123    0.00551871      0.00918154            0.00654043            0.00443839            0.00191449            0.701146              
124    0.00137809      0.00186393            0.00181429            0.00126927            0.000564857           0.762556              
125    0.0118069       0.0274977             0.0118862             0.00573172            0.00211193            0.551481              
126    0.000857157     0.000830208           0.00107449            0.000958538           0.000565392           0.901388              
127    3.17298e-05     1.65821e-05           3.77109e-05           4.30633e-05           2.95628e-05           1.05766               
128    0.018396        0.0322017             0.0218604             0.0140675             0.00545455            0.672316              
129    0.018396        0.0322017             0.0218604             0.0140675             0.00545455            0.672316              
130    0.000527276     0.000404104           0.000611247           0.000639131           0.000454621           0.997215              
131    0.071586        0.071586              0.071586              0.071586              0.071586              1                     
132    0.099081        0.099081              0.099081              0.099081              0.099081              1                     
133    0.057337        0.057337              0.057337              0.057337              0.057337              1                     
134    0.041977        0.041977              0.041977              0.041977              0.041977              1                     
135    0.053287        0.053287              0.053287              0.053287              0.053287              1                     
136    0.061197        0.061197              0.061197              0.061197              0.061197              1                     
137    0.062157        0.062157              0.062157              0.062157              0.062157              1                     
138    0.061197        0.061197              0.061197              0.061197              0.061197              1                     
139    0.053287        0.053287              0.053287              0.053287              0.053287              1                     
140    0.099081        0.099081              0.099081              0.099081              0.099081              1                     
141    0.079066        0.079066              0.079066              0.079066              0.079066              1                     
142    0.079066        0.079066              0.079066              0.079066              0.079066              1                     
143    0.055941        0.055941              0.055941              0.055941              0.055941              1                     
144    1.27911e-05     7.57833e-06           1.55857e-05           1.66385e-05           1.13619e-05           1.03092               
145    0.0171004       0.0386016             0.0187968             0.00882195            0.00218133            0.543985              
146    0.0126069       0.0292429             0.0136894             0.00613373            0.00136137            0.528742              
147    0.0261856       0.0557934             0.0291423             0.015073              0.00473357            0.579473              
148    0.0014787       0.00232911            0.00188327            0.00120624            0.000496196           0.706574              
