>ENSEBUT00000004278
0 35 0 35
35 954 4213 5132

>ENSEBUT00000005172
0 16 0 16
16 747 615 1346

>ENSEBUT00000016693
0 13 0 13
13 903 438 1328
903 1152 4511 4760

>ENSEBUT00000006145
0 924 0 924
924 984 1459 1519

>ENSEBUT00000018517
0 966 0 966
966 1032 5274 5340

>ENSEBUT00000001910
0 15 0 15
15 438 546 969
438 807 1014 1383
807 891 3403 3487

>ENSEBUT00000001759
0 36 0 36
36 961 372 1297
961 987 1453 1479

>ENSEBUT00000018420
0 894 0 894
894 972 2164 2242

>ENSEBUT00000010939
0 39 0 39
39 918 1450 2329

>ENSEBUT00000020714
0 3 0 3
3 689 800 1486
689 948 58604 58863

>ENSEBUT00000016062
0 514 0 514
514 856 557 899
856 948 2302 2394

>ENSEBUT00000003746
0 215 0 215
215 894 27590 28269
894 918 28863 28887

>ENSEBUT00000015746
0 394 0 394
394 902 488 996
902 993 1234 1325

>ENSEBUT00000023593
0 19 0 19
19 418 4391 4790
418 966 37507 38055

>ENSEBUT00000021942
0 30 0 30
30 907 4342 5219
907 1035 5989 6117

>ENSEBUT00000015659
0 31 0 31
31 525 4301 4795
525 966 43320 43761

>ENSEBUT00000009558
0 878 0 878
878 1095 1432 1649

>ENSEBUT00000015916
0 877 0 877
877 918 2428 2469

>ENSEBUT00000018169
0 103 0 103
103 197 1860 1954
197 868 39811 40482
868 915 42526 42573

>ENSEBUT00000002777
0 801 35 836

>ENSEBUT00000023706
0 863 0 863
863 1005 1831 1973

>ENSEBUT00000006395
0 940 0 940
940 996 4419 4475

>ENSEBUT00000010575
0 28 0 28
28 1038 1833 2843

>ENSEBUT00000028197
0 23 0 23
23 887 157 1021
887 1020 1737 1870

>ENSEBUT00000010679
0 62 0 62
62 479 3981 4398
479 905 96583 97009
905 933 101886 101914

>ENSEBUT00000025686
0 66 0 66
66 83 96 113
83 467 1746 2130
467 1017 91775 92325

>ENSEBUT00000009520
0 83 0 83
83 990 2903 3810

>ENSEBUT00000015783
0 36 0 36
36 869 587 1420
869 930 3624 3685

>ENSEBUT00000016322
0 26 0 26
26 618 541 1133
618 831 1187 1400
831 849 1531 1549

>ENSEBUT00000019132
0 77 0 77
77 915 3122 3960
915 978 7581 7644

>ENSEBUT00000007790
0 920 0 920
920 951 1021 1052

