>ENSECRT00000025936
0 41 40321 40362
41 126 40966 41051
126 271 42656 42801
271 390 43928 44047

>ENSIPUT00000028775
0 88 181 269
88 215 612 739
215 429 2018 2232
429 585 2513 2669
585 756 4343 4514
756 933 5214 5391
933 1078 6672 6817
1078 1200 9038 9160

>ENSAMXT00000049594
0 69 110 179
69 206 12909 13046
206 282 20495 20571
282 385 22884 22987
385 531 24467 24613
531 655 26793 26917
655 736 28199 28280
736 912 29400 29576
912 1327 32971 33386
1327 1691 34506 34870
1691 1795 36242 36346
1795 1922 37368 37495
1922 2136 37841 38055
2136 2292 39135 39291
2292 2463 40124 40295
2463 2640 41069 41246
2640 2785 42095 42240
2785 2907 43577 43699

