>ENSCMIT00000031745
0 187 11 198
187 301 2972 3086
301 457 4731 4887
457 606 5752 5901
606 750 11250 11394
750 904 12991 13145
904 1122 16195 16413
1122 1638 17108 17624

>ENSCMIT00000031748
0 184 14 198
184 298 2972 3086
298 454 4731 4887
454 603 5752 5901
603 747 11250 11394
747 901 12991 13145
901 1119 16195 16413
1119 1631 17108 17620
1631 1686 18109 18164

>ENSCMIT00000031752
0 184 14 198
184 298 2972 3086
298 454 4731 4887
454 603 5752 5901
603 747 11250 11394
747 901 12991 13145
901 1119 16195 16413
1119 1631 17108 17620
1631 1734 17762 17865

