>FBtr0071132
0 1509 1080 2589
1509 2835 2826 4152

>FBtr0344137
0 1509 1080 2589
1509 2835 2826 4152

>FBtr0309319
0 2 541 543
2 1112 3453 4563
1112 1374 4668 4930

>FBtr0078651
0 11 3363 3374
11 1121 3453 4563
1121 1360 4668 4907
1360 1539 6843 7022
1539 1734 7219 7414

>FBtr0078654
0 11 3363 3374
11 1121 3453 4563
1121 1360 4668 4907
1360 1539 6843 7022
1539 1734 7219 7414

>FBtr0309322
0 2 541 543
2 1112 3453 4563
1112 1351 4668 4907
1351 1434 5858 5941

>FBtr0309321
0 2 541 543
2 1112 3453 4563
1112 1351 4668 4907
1351 1419 5481 5549

>FBtr0078649
0 11 3363 3374
11 1121 3453 4563
1121 1360 4668 4907
1360 1539 6843 7022
1539 1734 7219 7414

>FBtr0078650
0 2 541 543
2 1112 3453 4563
1112 1351 4668 4907
1351 1530 6843 7022
1530 1725 7219 7414

>FBtr0309320
0 2 541 543
2 1112 3453 4563
1112 1351 4668 4907
1351 1455 5826 5930

>FBtr0078653
0 11 2619 2630
11 1121 3453 4563
1121 1360 4668 4907
1360 1539 6843 7022
1539 1734 7219 7414

>FBtr0302597
0 11 2619 2630
11 1121 3453 4563
1121 1360 4668 4907
1360 1539 6843 7022
1539 1734 7219 7414

>FBtr0078652
0 434 109 543
434 1544 3453 4563
1544 1783 4668 4907
1783 1962 6843 7022
1962 2157 7219 7414

>FBtr0301947
0 2 541 543
2 1112 3453 4563
1112 1351 4668 4907
1351 1530 6843 7022
1530 1725 7219 7414

>FBtr0308654
0 2208 0 2208

