>ENSUMAT00000026749
0 1474 199 1673
1474 1560 11097 11183
1560 1766 12612 12818
1766 1899 13989 14122
1899 2033 16906 17040
2033 2178 17715 17860

>ENSUMAT00000026751
0 1474 199 1673
1474 1560 11097 11183
1560 1766 12612 12818
1766 1899 13989 14122
1899 2033 16906 17040
2033 2178 17715 17860

>ENSUAMT00000039897
0 1474 2864 4338
1474 1560 14059 14145
1560 1766 15586 15792
1766 1905 17026 17165

>ENSAMET00000008519
0 1474 0 1474
1474 1560 10263 10349
1560 1766 11796 12002
1766 1899 13095 13228
1899 2033 16031 16165
2033 2178 16841 16986

