>B0285.1a.1
0 194 400 594
194 392 1130 1328
392 519 3231 3358
519 633 3792 3906
633 854 3963 4184
854 1000 4537 4683
1000 1290 4735 5025
1290 1364 5083 5157
1364 1520 5418 5574
1520 1715 5824 6019
1715 1866 6067 6218
1866 1978 6512 6624
1978 2193 7022 7237

>B0285.1b.1
0 194 400 594
194 392 1130 1328
392 519 3231 3358
519 633 3792 3906
633 854 3963 4184
854 1000 4537 4683
1000 1290 4735 5025
1290 1364 5083 5157
1364 1520 5418 5574
1520 1715 5824 6019
1715 1866 6067 6218
1866 1978 6512 6624
1978 2205 7010 7237

>B0285.1c.1
0 194 400 594
194 392 1130 1328
392 519 3231 3358
519 633 3792 3906
633 854 3963 4184
854 1000 4537 4683
1000 1290 4735 5025
1290 1364 5083 5157
1364 1520 5418 5574
1520 1715 5824 6019
1715 1866 6067 6218
1866 1978 6512 6624
1978 2196 7019 7237

