>ENSPPAT00000033587
0 147 479 626
147 207 1601 1661
207 411 3483 3687
411 525 4464 4578
525 660 7417 7552
660 778 7824 7942
778 1047 12572 12841
1047 1246 14945 15144
1246 1356 15385 15495
1356 1491 15695 15830
1491 1681 20292 20482
1681 1854 20626 20799
1854 1991 22619 22756
1991 2142 23149 23300
2142 2311 23617 23786
2311 2466 25130 25285
2466 2590 25517 25641
2590 2736 26556 26702
2736 2867 30665 30796
2867 2969 30912 31014
2969 3061 35136 35228
3061 3090 35531 35560

>ENSPTRT00000002822
0 147 276 423
147 207 1401 1461
207 411 3285 3489
411 525 4266 4380
525 660 7222 7357
660 778 7629 7747
778 1047 12379 12648
1047 1246 14750 14949
1246 1356 15190 15300
1356 1491 15500 15635
1491 1681 19475 19665
1681 1854 19809 19982
1854 1991 21802 21939
1991 2142 22332 22483
2142 2311 22800 22969
2311 2466 24313 24468
2466 2590 24700 24824
2590 2736 25740 25886
2736 2867 29907 30038
2867 2969 30154 30256
2969 3061 34490 34582
3061 3090 34885 34914

>ENST00000368081
0 147 471 618
147 207 1595 1655
207 411 3475 3679
411 525 4475 4589
525 660 7432 7567
660 778 7839 7957
778 1047 12586 12855
1047 1246 14958 15157
1246 1356 15398 15508
1356 1491 15708 15843
1491 1681 19681 19871
1681 1854 20015 20188
1854 1991 22011 22148
1991 2142 22541 22692
2142 2311 23009 23178
2311 2466 24522 24677
2466 2590 24909 25033
2590 2736 25949 26095
2736 2867 30114 30245
2867 2969 30360 30462
2969 3061 34706 34798
3061 3090 35101 35130

