>ENSMEUT00000008208
0 52 0 52
52 156 2328 2432
156 233 2532 2609
233 312 2709 2788
312 389 2888 2965
389 484 6269 6364
484 579 8431 8526
579 633 12670 12724
633 705 12824 12896
705 875 16262 16432
875 960 17359 17444
960 1091 20241 20372
1091 1266 24750 24925
1266 1356 27309 27399
1356 1552 29325 29521
1552 1655 32465 32568
1655 1842 35618 35805
1842 1923 38301 38382
1923 2002 38482 38561
2002 2108 38661 38767
2108 2208 38867 38967
2208 2274 41904 41970

>ENSCCNT00000011110
0 52 0 52
52 156 1018 1122
156 222 4538 4604
222 300 8211 8289
300 377 9595 9672
377 567 10822 11012
567 574 12260 12267
574 621 12268 12315
621 693 15775 15847
693 863 18000 18170
863 948 20607 20692
948 1079 22412 22543
1079 1254 24015 24190
1254 1344 25551 25641
1344 1540 26591 26787
1540 1643 27161 27264
1643 1830 28244 28431
1830 1911 32958 33039
1911 1990 33624 33703
1990 2096 34208 34314
2096 2196 34632 34732
2196 2259 36035 36098
2259 2316 37113 37170
2316 2358 38153 38195
2358 2361 38198 38201

>ENSMSIT00000036526
0 52 100 152
52 156 1125 1229
156 233 3925 4002
233 312 6057 6136
312 389 7428 7505
389 579 8430 8620
579 633 9708 9762
633 705 11627 11699
705 875 13063 13233
875 960 15108 15193
960 1088 16949 17077
1088 1263 17946 18121
1263 1353 20115 20205
1353 1549 21378 21574
1549 1652 21972 22075
1652 1839 22963 23150
1839 1920 30167 30248
1920 1999 31830 31909
1999 2105 33009 33115
2105 2205 33467 33567
2205 2268 36730 36793
2268 2325 38377 38434
2325 2370 39772 39817

>MGP_SPRETEiJ_T0038968
0 52 14 66
52 156 1038 1142
156 233 4094 4171
233 312 6360 6439
312 389 7687 7764
389 579 8689 8879
579 633 9968 10022
633 705 13391 13463
705 875 14836 15006
875 960 16880 16965
960 1088 18719 18847
1088 1263 20454 20629
1263 1353 22634 22724
1353 1549 23897 24093
1549 1652 24495 24598
1652 1839 25493 25680
1839 1920 27407 27488
1920 1999 28556 28635
1999 2105 29620 29726
2105 2205 30082 30182
2205 2268 34411 34474
2268 2325 36158 36215
2325 2367 37427 37469

