>Y82E9BL.6.1
0 312 0 312
312 762 367 817

>Y82E9BL.5.1
0 303 0 303
303 753 364 814

>Y82E9BL.3.1
0 312 0 312
312 759 638 1085

>Y82E9BL.2.1
0 25 0 25
25 237 324 536
237 684 1709 2156

>F57G9.3.1
0 318 18 336
318 744 390 816

>Y57A10C.1.1
0 306 71 377
306 720 428 842

>Y57A10C.11.1
0 336 0 336
336 789 386 839

>Y38E10A.28.1
0 315 47 362
315 744 416 845
744 1194 1859 2309

>C08F1.6.1
0 333 82 415
333 762 476 905

>F45C12.17.1
0 402 0 402
402 675 464 737

>C08F1.10.1
0 408 44 452
408 867 521 980

>C08F1.11.1
0 393 39 432
393 840 495 942

>F36H5.4.1
0 450 45 495
450 906 543 999

>F36H5.10.1
0 429 513 942

>F36H5.10.2
0 429 513 942

>F36H5.10.3
0 429 513 942

>C08F1.8.1
0 366 23 389
366 834 443 911

>C40A11.8.1
0 384 355 739

>C08F1.12a.1
0 315 433 748

