>ENSEBUT00000015495
0 225 31580 31805
225 305 31884 31964
305 432 33240 33367
432 519 34271 34358
519 669 41353 41503
669 822 41673 41826
822 984 52514 52676
984 1176 52984 53176

>ENSEBUT00000015506
0 49 291 340
49 162 13673 13786
162 330 31387 31555
330 399 31736 31805
399 479 31884 31964
479 606 33240 33367
606 693 34271 34358
693 843 41353 41503
843 996 41673 41826
996 1158 52514 52676
1158 1350 52984 53176

>ENSEBUT00000015523
0 42 31086 31128
42 210 31387 31555
210 279 31736 31805
279 359 31884 31964
359 486 33240 33367
486 573 34271 34358
573 723 41353 41503
723 876 41673 41826
876 1038 52514 52676
1038 1230 52984 53176

>ENSPMAT00000005692
0 49 0 49
49 162 1294 1407
162 330 1921 2089
330 399 2327 2396
399 430 2829 2860
430 591 4054 4215
591 678 4317 4404
678 828 4768 4918
828 981 5561 5714
981 1143 5822 5984
1143 1338 6333 6528

>ENSCHAT00000038286
0 49 425 474
49 162 1285 1398
162 330 2410 2578
330 403 2907 2980
403 503 6029 6129
503 630 6278 6405
630 717 6561 6648
717 867 6865 7015
867 1020 7236 7389
1020 1182 7565 7727
1182 1380 7977 8175

>ENSDCDT00000050958
0 49 647 696
49 162 988 1101
162 351 3236 3425
351 420 3550 3619
420 500 4928 5008
500 627 5104 5231
627 714 5731 5818
714 864 6009 6159
864 1017 6236 6389
1017 1179 9773 9935
1179 1377 10846 11044

>ENSDCDT00000050960
0 49 647 696
49 162 988 1101
162 330 3236 3404
330 391 3550 3611
391 411 3647 3667
411 491 4928 5008
491 618 5104 5231
618 705 5731 5818
705 855 6009 6159
855 1008 6236 6389
1008 1170 9773 9935
1170 1368 10846 11044

