>C08F11.3.1
0 133 6 139
133 395 555 817
395 559 861 1025
559 794 1460 1695
794 1053 1747 2006

>M04D5.3.1
0 154 4 158
154 395 483 724
395 553 769 927
553 797 1082 1326
797 996 1482 1681

>C08F11.13a.1
0 109 65 174
109 392 219 502
392 553 587 748
553 815 1593 1855
815 1028 1901 2114
1028 1215 2159 2346

>C08F11.13a.2
0 109 65 174
109 392 219 502
392 553 587 748
553 815 1593 1855
815 1028 1901 2114
1028 1215 2159 2346

>C08F11.13b.1
0 109 65 174
109 396 219 506

>C08F11.13c.1
0 109 65 174
109 392 219 502
392 553 587 748
553 819 1593 1859

>C08F11.13c.2
0 109 65 174
109 392 219 502
392 553 587 748
553 819 1593 1859

