>FBtr0331930
0 416 12574 12990
416 614 15526 15724
614 786 15872 16044
786 923 17120 17257
923 1106 17330 17513
1106 1260 17806 17960
1260 1524 19408 19672

>FBtr0084260
0 416 12574 12990
416 614 15526 15724
614 786 15872 16044
786 923 17120 17257
923 1106 17330 17513
1106 1260 17806 17960
1260 1524 19408 19672

>FBtr0301484
0 416 12574 12990
416 614 15526 15724
614 786 15872 16044
786 923 17120 17257
923 1106 17330 17513
1106 1284 17806 17984

>FBtr0100322
0 416 12574 12990
416 614 15526 15724
614 786 15872 16044
786 923 17120 17257
923 1106 17330 17513
1106 1260 17806 17960
1260 1263 18087 18090

>FBtr0301944
0 512 25920 26432
512 713 27573 27774
713 989 28788 29064
989 1050 29157 29218
1050 1127 35010 35087
1127 1335 35206 35414

>FBtr0290335
0 512 25920 26432
512 713 27573 27774
713 989 28788 29064
989 1167 29157 29335
1167 3037 29910 31780
3037 3146 34978 35087
3146 3354 35206 35414

>FBtr0308597
0 512 25920 26432
512 713 27573 27774
713 989 28788 29064
989 1167 29157 29335
1167 1276 34978 35087
1276 1368 35206 35298

>FBtr0290334
0 512 25920 26432
512 713 27573 27774
713 989 28788 29064
989 1167 29157 29335
1167 3037 29910 31780
3037 3451 32672 33086
3451 3560 34978 35087
3560 3768 35206 35414

