>FBtr0339635
0 115 818 933
115 609 1001 1495
609 758 1554 1703
758 1145 1803 2190
1145 1247 2279 2381
1247 1369 2440 2562
1369 1549 2628 2808
1549 1665 2873 2989

>FBtr0087942
0 115 818 933
115 609 1001 1495
609 758 1554 1703
758 1145 1803 2190
1145 1247 2279 2381
1247 1369 2440 2562
1369 1549 2628 2808
1549 1665 2873 2989

>FBtr0087943
0 115 818 933
115 609 1001 1495
609 758 1554 1703
758 860 2279 2381
860 982 2440 2562
982 1162 2628 2808
1162 1278 2873 2989

>FBtr0087945
0 115 176 291
115 516 349 750
516 665 896 1045
665 1052 1145 1532
1052 1154 1621 1723
1154 1276 1782 1904
1276 1456 1970 2150
1456 1572 2228 2344

>FBtr0087944
0 115 176 291
115 603 349 837
603 752 896 1045
752 854 1621 1723
854 976 1782 1904
976 1156 1970 2150
1156 1272 2228 2344

>F22A3.5.1
0 68 63 131
68 139 743 814
139 207 1013 1081
207 351 1595 1739
351 426 1877 1952
426 542 2494 2610
542 678 3091 3227
678 931 5522 5775
931 1002 7162 7233
1002 1083 7285 7366

