>W03B1.7a.1
0 134 0 134
134 399 644 909
399 664 952 1217
664 845 1786 1967
845 1012 2024 2191
1012 1353 2665 3006
1353 1480 3153 3280
1480 1592 3326 3438
1592 1803 3911 4122
1803 2067 4167 4431

>W03B1.7b.1
0 134 0 134
134 399 644 909
399 538 952 1091
538 625 1130 1217
625 806 1786 1967
806 973 2024 2191
973 1314 2665 3006
1314 1441 3153 3280
1441 1553 3326 3438
1553 1764 3911 4122
1764 2028 4167 4431

>W03B1.7c.1
0 179 1788 1967
179 346 2024 2191
346 687 2665 3006
687 814 3153 3280
814 926 3326 3438
926 1137 3911 4122
1137 1401 4167 4431

>T06C12.8a.1
0 131 49 180
131 396 261 526
396 535 567 706
535 622 749 836
622 846 946 1170
846 1012 1217 1383
1012 1305 1525 1818
1305 1432 1865 1992
1432 1547 2036 2151
1547 1593 2208 2254

>T06C12.8b.1
0 131 49 180
131 396 261 526
396 535 567 706
535 622 749 836
622 846 946 1170
846 1012 1217 1383
1012 1305 1525 1818
1305 1434 2288 2417
1434 1677 2603 2846

