>ENSEEUT00000003053
0 40 0 40
40 190 21683 21833
190 192 26741 26743
192 297 26843 26948
297 464 39067 39234
464 760 40872 41168
760 775 41169 41184
775 937 41185 41347
937 1119 43643 43825

>ENSSART00000006667
0 9 0 9
9 37 11 39
37 187 11535 11685
187 189 11946 11948
189 294 12221 12326
294 461 13824 13991
461 1119 14510 15168

>ENSCCNT00000035509
0 40 1592 1632
40 166 7913 8039
166 315 10703 10852
315 420 11717 11822
420 587 13159 13326
587 1242 14058 14713

>ENSDORT00000002402
0 134 31098 31232
134 789 32072 32727

>ENSSTOT00000015304
0 40 4031 4071
40 166 12690 12816
166 312 15428 15574
312 417 16764 16869
417 584 19276 19443
584 1239 20200 20855

>ENSSTOT00000033743
0 40 4031 4071
40 186 15428 15574
186 291 16764 16869
291 458 19276 19443
458 1113 20200 20855

>ENSSDAT00000030466
0 40 0 40
40 166 8555 8681
166 312 11521 11667
312 417 12837 12942
417 584 15382 15549
584 1239 16296 16951

>ENSUPAT00010020714
0 40 3845 3885
40 166 12506 12632
166 312 15138 15284
312 417 16444 16549
417 584 18980 19147
584 1239 19900 20555

>ENSUPAT00010020728
0 40 3845 3885
40 166 12506 12632
166 312 15138 15284
312 417 16444 16549
417 584 18980 19147
584 1239 19900 20555

>ENSUPAT00010020731
0 40 3845 3885
40 186 15138 15284
186 291 16444 16549
291 458 18980 19147
458 1113 19900 20555

