>ENSLOCT00000015556
0 41 155 196
41 127 1338 1424
127 516 1642 2031
516 645 2186 2315

>ENSECRT00000030751
0 50 1600 1650
50 142 2770 2862
142 522 3035 3415
522 651 4228 4357

>ENSHHUT00000068317
0 13 502 515
13 210 1005 1202
210 236 3196 3222
236 263 3450 3477
263 316 5377 5430
316 705 9422 9811
705 834 9949 10078
834 969 10330 10465

>ENSHHUT00000042428
0 5 3283 3288
5 58 4010 4063
58 447 6759 7148
447 564 7386 7503
564 705 7747 7888

>ENSHHUT00000042436
0 179 3109 3288
179 232 4010 4063
232 621 6759 7148
621 738 7386 7503
738 879 7747 7888

