>FBtr0302923
0 184 13646 13830
184 601 15482 15899
601 729 16567 16695
729 973 16792 17036
973 1088 17100 17215
1088 1230 17285 17427
1230 1304 17495 17569
1304 1500 17744 17940

>FBtr0345481
0 211 517 728
211 339 16567 16695
339 583 16792 17036
583 698 17100 17215
698 840 17285 17427
840 914 17495 17569
914 1110 17744 17940

>FBtr0332923
0 193 13637 13830
193 321 16567 16695
321 565 16792 17036
565 680 17100 17215
680 822 17285 17427
822 896 17495 17569
896 1092 17744 17940

>FBtr0332924
0 184 13646 13830
184 346 15482 15644
346 474 16567 16695
474 718 16792 17036
718 833 17100 17215
833 975 17285 17427
975 1049 17495 17569
1049 1245 17744 17940

>FBtr0332922
0 184 6329 6513
184 312 16567 16695
312 556 16792 17036
556 671 17100 17215
671 813 17285 17427
813 887 17495 17569
887 1083 17744 17940

>FBtr0345482
0 211 517 728
211 628 15482 15899
628 756 16567 16695
756 1000 16792 17036
1000 1115 17100 17215
1115 1257 17285 17427
1257 1331 17495 17569
1331 1527 17744 17940

>FBtr0345483
0 211 517 728
211 339 16567 16695
339 583 16792 17036
583 698 17100 17215
698 840 17285 17427
840 914 17495 17569
914 1110 17744 17940

>FBtr0302922
0 211 517 728
211 339 16567 16695
339 583 16792 17036
583 698 17100 17215
698 840 17285 17427
840 914 17495 17569
914 1110 17744 17940

>H10D18.5a.1
0 51 0 51
51 152 11465 11566
152 262 12805 12915
262 376 13030 13144
376 611 14059 14294
611 759 14879 15027
759 1029 17362 17632

>H10D18.5b.1
0 204 3805 4009
204 305 11465 11566
305 415 12805 12915
415 529 13030 13144
529 764 14059 14294
764 912 14879 15027
912 1182 17362 17632

>H10D18.5c.1
0 78 11169 11247
78 179 11465 11566
179 289 12805 12915
289 403 13030 13144
403 638 14059 14294
638 786 14879 15027
786 1056 17362 17632

>H10D18.5d.1
0 65 11501 11566
65 175 12805 12915
175 289 13030 13144
289 524 14059 14294
524 672 14879 15027
672 942 17362 17632

