>ENSSFOT00015031985
0 52 0 52
52 98 334 380
98 213 830 945
213 312 1065 1164
312 378 1631 1697
378 467 1814 1903
467 503 2030 2066
503 1419 3746 4662
1419 1514 6379 6474
1514 1595 6947 7028
1595 1664 10245 10314
1664 1800 18507 18643

>ENSPKIT00000035584
0 118 0 118
118 164 456 502
164 279 1403 1518
279 378 1683 1782
378 444 1881 1947
444 533 2025 2114
533 569 2208 2244
569 1899 3554 4884
1899 1994 6259 6354
1994 2075 6712 6793
2075 2232 14194 14351

>ENSPKIT00000035602
0 118 0 118
118 164 456 502
164 279 1403 1518
279 378 1683 1782
378 611 1881 2114
611 647 2208 2244
647 1977 3554 4884
1977 2082 6259 6364

>ENSPKIT00000035619
0 118 0 118
118 164 456 502
164 279 1403 1518
279 378 1683 1782
378 444 1881 1947
444 533 2025 2114
533 569 2208 2244
569 1899 3554 4884
1899 2004 6259 6364

>ENSPKIT00000035642
0 118 0 118
118 164 456 502
164 279 1403 1518
279 378 1683 1782
378 444 1881 1947
444 533 2025 2114
533 569 2208 2244
569 1899 3554 4884
1899 1994 6259 6354
1994 2079 6712 6797

>ENSAMXT00000036957
0 62 0 62
62 174 766 878
174 297 2039 2162
297 386 6677 6766
386 422 7001 7037
422 752 9188 9518
752 801 9599 9648
801 1242 10554 10995
1242 1334 12720 12812
1334 1415 14987 15068
1415 1484 18608 18677
1484 1650 29570 29736

