>ENSPCIT00000015054
0 128 0 128
128 268 6613 6753
268 421 10366 10519
421 568 11348 11495
568 621 12495 12548
621 688 14410 14477
688 773 14970 15055
773 879 15440 15546
879 972 16313 16406
972 1105 19620 19753
1105 1226 22892 23013
1226 1285 25500 25559
1285 1422 26339 26476

>ENSPCIT00000015055
0 365 3935 4300
365 505 6613 6753
505 658 10366 10519
658 805 11348 11495
805 858 12495 12548
858 925 14410 14477
925 1010 14970 15055
1010 1116 15440 15546
1116 1209 16313 16406
1209 1342 19620 19753
1342 1463 22892 23013
1463 1522 25500 25559
1522 1659 26339 26476

>ENSPCIT00000015057
0 365 3935 4300
365 505 6613 6753
505 658 10366 10519
658 805 11348 11495
805 858 12495 12548
858 925 14410 14477
925 1010 14970 15055
1010 1116 15440 15546
1116 1209 16313 16406
1209 1342 19620 19753
1342 1467 20023 20148

>ENSMODT00000015962
0 128 106846 106974
128 277 109468 109617
277 430 110952 111105
430 580 112687 112837
580 639 113056 113115
639 706 114804 114871
706 791 115525 115610
791 897 115722 115828
897 990 115979 116072
990 1123 122597 122730
1123 1244 126069 126190
1244 1303 129322 129381
1303 1449 130319 130465

>ENSMODT00000054681
0 35 108444 108479
35 184 109468 109617
184 337 110952 111105
337 765 112687 113115
765 832 114804 114871
832 917 115525 115610
917 1023 115722 115828
1023 1116 115979 116072
1116 1249 122597 122730
1249 1370 126069 126190
1370 1429 129322 129381
1429 1575 130319 130465

>ENSMODT00000058516
0 139 0 139
139 567 112687 113115
567 634 114804 114871
634 719 115525 115610
719 825 115722 115828
825 918 115979 116072
918 1051 122597 122730
1051 1172 126069 126190
1172 1218 130319 130365

>ENSSHAT00000004773
0 102 358 460
102 195 1053 1146
195 328 3533 3666
328 449 4074 4195
449 508 4896 4955
508 645 5140 5277

