>ENSSMRT00000022969
0 4 16851 16855
4 114 31950 32060
114 158 46622 46666
158 258 47703 47803
258 372 51553 51667
372 484 54443 54555
484 618 59376 59510
618 692 61297 61371
692 760 64236 64304
760 853 66321 66414
853 1051 67429 67627
1051 1200 70013 70162
1200 1332 73454 73586
1332 1462 76596 76726
1462 1640 77144 77322
1640 1869 78209 78438

>ENSSMRT00000022972
0 4 16851 16855
4 114 31950 32060
114 158 46622 46666
158 258 47703 47803
258 372 51553 51667
372 484 54443 54555
484 618 59376 59510
618 692 61297 61371
692 760 64236 64304
760 853 66321 66414
853 1051 67429 67627
1051 1200 70013 70162
1200 1332 73454 73586
1332 1462 76596 76726
1462 1640 77144 77322
1640 1869 78209 78438

