>ENSUAMT00000002399
0 70 72 142
70 176 1761 1867
176 313 8794 8931
313 375 9547 9609
375 456 11996 12077
456 558 12788 12890
558 678 13966 14086
678 777 14189 14288
777 924 17051 17198
924 1013 17473 17562
1013 1178 17738 17903
1178 1357 18309 18488
1357 1562 19878 20083
1562 1677 23159 23274
1677 1838 24658 24819
1838 1974 30603 30739
1974 2055 31862 31943
2055 2226 33171 33342
2226 2364 44427 44565
2364 2510 45520 45666
2510 2636 50170 50296
2636 2742 53462 53568
2742 2895 55459 55612
2895 2993 58869 58967
2993 3108 59792 59907

>ENSNVIT00000020324
0 219 0 219
219 317 4074 4172
317 454 8247 8384
454 516 9009 9071
516 597 12962 13043
597 699 14759 14861
699 819 18907 19027
819 918 19125 19224
918 1065 22022 22169
1065 1154 22446 22535
1154 1319 22712 22877
1319 1498 23505 23684
1498 1703 24818 25023
1703 1818 28131 28246
1818 1979 29438 29599
1979 2100 33687 33808
2100 2181 34907 34988
2181 2352 36070 36241
2352 2490 46615 46753
2490 2636 47895 48041
2636 2762 52303 52429
2762 2868 55519 55625
2868 3021 58629 58782
3021 3119 62287 62385
3119 3234 63147 63262

