>AC8.10.1
0 23 0 23
23 276 115 368
276 486 411 621
486 613 665 792
613 893 834 1114
893 1086 1155 1348
1086 1197 1403 1514
1197 1320 1559 1682

>AC8.3.1
0 23 0 23
23 276 115 368
276 486 411 621
486 613 665 792
613 893 834 1114
893 1086 1155 1348
1086 1197 1403 1514
1197 1320 1559 1682

>F25G6.1.1
0 56 102 158
56 300 233 477
300 397 525 622
397 501 670 774
501 628 818 945
628 908 993 1273
908 1101 1317 1510
1101 1212 1561 1672
1212 1319 1717 1824
1319 1504 1968 2153
1504 1676 2198 2370
1676 1683 2418 2425

>Y119C1B.10a.1
0 196 3 199
196 306 290 400
306 409 447 550
409 510 651 752
510 649 799 938
649 927 1071 1349

>Y119C1B.10b.1
0 196 3 199
196 306 290 400
306 409 447 550
409 522 651 764

>Y54F10BM.9.1
0 188 5 193
188 328 236 376
328 435 828 935
435 794 985 1344
794 934 1852 1992
934 1041 2584 2691
1041 1436 2747 3142
1436 1576 3199 3339
1576 1683 4547 4654
1683 2150 4706 5173
2150 2290 6251 6391
2290 2397 6438 6545
2397 2900 6600 7103
2900 3052 7899 8051
3052 3159 8094 8201
3159 3429 9182 9452

