>ENSPCIT00000056627
0 292 3621 3913
292 453 6296 6457
453 555 28400 28502

>ENSPCIT00000057255
0 292 3621 3913
292 453 6296 6457
453 555 28400 28502

>ENSPCIT00000060012
0 292 3621 3913
292 453 6296 6457
453 551 28400 28498
551 687 28732 28868

>ENSPCIT00000063348
0 343 3570 3913
343 504 6296 6457
504 582 22579 22657

>ENSVURT00010012330
0 292 3159 3451
292 453 5887 6048
453 555 27925 28027

>ENSMEUT00000002783
0 292 0 292
292 453 9934 10095
453 555 23556 23658

>ENSMODT00000066969
0 292 3728 4020
292 453 6334 6495
453 555 26940 27042

>ENSSHAT00000013669
0 292 0 292
292 453 2643 2804
453 555 23932 24034

