>ENSPTET00000016836
0 730 179 909
730 1038 1065 1373

>FBtr0085068
0 273 86 359
273 692 419 838
692 820 894 1022
820 948 1081 1209
948 1407 1262 1721

>ENSVURT00010003326
0 110 161 271
110 168 9442 9500
168 244 13123 13199
244 315 13289 13360
315 382 15531 15598
382 467 16304 16389
467 578 16610 16721
578 681 19698 19801
681 798 20613 20730
798 847 21727 21776
847 975 23805 23933
975 1093 25094 25212
1093 1338 28592 28837

>ENSPCIT00000046073
0 110 0 110
110 168 9479 9537
168 244 14730 14806
244 315 14901 14972
315 382 17028 17095
382 467 17801 17886
467 578 18118 18229
578 681 20844 20947
681 798 21736 21853
798 847 22847 22896
847 975 24878 25006
975 1093 26001 26119
1093 1428 29483 29818

>ENSSHAT00000000365
0 57 712 769
57 133 3440 3516
133 204 3617 3688
204 271 5321 5388
271 356 6047 6132
356 467 6360 6471
467 570 8517 8620
570 687 9475 9592
687 736 10694 10743
736 873 12719 12856
873 991 13900 14018
991 1052 43270 43331
1052 1056 45470 45474

>ENSMODT00000061494
0 485 404 889
485 543 6858 6916
543 619 7827 7903
619 690 8013 8084
690 757 9049 9116
757 842 9829 9914
842 953 10085 10196
953 1056 12954 13057
1056 1173 13718 13835
1173 1222 14775 14824
1222 1575 21321 21674

>ENSMODT00000016623
0 485 404 889
485 543 6858 6916
543 619 7827 7903
619 690 8013 8084
690 757 9049 9116
757 842 9829 9914
842 953 10085 10196
953 1056 12954 13057
1056 1173 13718 13835
1173 1222 14775 14824
1222 1350 16431 16559
1350 1479 17633 17762

>ENSMODT00000065683
0 26 5409 5435
26 84 6858 6916
84 160 7827 7903
160 231 8013 8084
231 298 9049 9116
298 383 9829 9914
383 494 10085 10196
494 597 12954 13057
597 714 13718 13835
714 763 14775 14824
763 891 16431 16559
891 1020 17633 17762

>ENSMEUT00000008244
0 427 0 427
427 699 428 700
699 819 721 841
819 834 843 858
834 960 859 985
960 1053 987 1080
1053 1059 1082 1088

>ENSSHAT00000007296
0 1086 0 1086

>ENSMODT00000037563
0 1072 0 1072
1072 1080 1602 1610

