>ENSPNAT00000009781
0 52 415 467
52 185 2776 2909
185 358 3516 3689
358 522 4584 4748
522 670 6732 6880
670 783 8934 9047
783 1515 10786 11518

>ENSIPUT00000006753
0 46 413 459
46 179 664 797
179 352 1073 1246
352 498 3691 3837
498 643 4567 4712
643 756 4961 5074
756 1509 6713 7466

>ENSIPUT00000006767
0 46 413 459
46 179 664 797
179 352 1073 1246
352 498 3691 3837
498 643 4567 4712
643 756 4961 5074
756 1509 6713 7466

>ENSEEET00000003086
0 129 0 129
129 295 776 942
295 450 3082 3237
450 583 3377 3510
583 696 3659 3772
696 1461 4858 5623

