>Y39E4B.12a.1
0 108 744 852
108 372 907 1171
372 491 2736 2855
491 826 3900 4235
826 1158 7137 7469
1158 1344 8601 8787
1344 1473 10218 10347
1473 1584 13379 13490
1584 1713 16474 16603
1713 1881 16894 17062

>Y39E4B.12a.2
0 108 744 852
108 372 907 1171
372 491 2736 2855
491 826 3900 4235
826 1158 7137 7469
1158 1344 8601 8787
1344 1473 10218 10347
1473 1584 13379 13490
1584 1713 16474 16603
1713 1881 16894 17062

>Y39E4B.12a.3
0 108 744 852
108 372 907 1171
372 491 2736 2855
491 826 3900 4235
826 1158 7137 7469
1158 1344 8601 8787
1344 1473 10218 10347
1473 1584 13379 13490
1584 1713 16474 16603
1713 1881 16894 17062

>Y39E4B.12b.1
0 108 744 852
108 372 907 1171
372 491 2736 2855
491 826 3900 4235
826 1158 7137 7469
1158 1344 8601 8787
1344 1473 10218 10347
1473 1575 15095 15197
1575 1704 16474 16603
1704 1872 16894 17062

>Y39E4B.12b.2
0 108 744 852
108 372 907 1171
372 491 2736 2855
491 826 3900 4235
826 1158 7137 7469
1158 1344 8601 8787
1344 1473 10218 10347
1473 1575 15095 15197
1575 1704 16474 16603
1704 1872 16894 17062

>Y39E4B.12b.3
0 108 744 852
108 372 907 1171
372 491 2736 2855
491 826 3900 4235
826 1158 7137 7469
1158 1344 8601 8787
1344 1473 10218 10347
1473 1575 15095 15197
1575 1704 16474 16603
1704 1872 16894 17062

>Y39E4B.12c.1
0 108 744 852
108 372 907 1171
372 491 2736 2855
491 826 3900 4235
826 1158 7137 7469
1158 1344 8601 8787
1344 1473 10218 10347
1473 1578 13524 13629
1578 1707 16474 16603
1707 1875 16894 17062

>Y39E4B.12c.2
0 108 744 852
108 372 907 1171
372 491 2736 2855
491 826 3900 4235
826 1158 7137 7469
1158 1344 8601 8787
1344 1473 10218 10347
1473 1578 13524 13629
1578 1707 16474 16603
1707 1875 16894 17062

>Y39E4B.12c.3
0 108 744 852
108 372 907 1171
372 491 2736 2855
491 826 3900 4235
826 1158 7137 7469
1158 1344 8601 8787
1344 1473 10218 10347
1473 1578 13524 13629
1578 1707 16474 16603
1707 1875 16894 17062

>FBtr0113379
0 391 27017 27408
391 760 33342 33711
760 925 33778 33943
925 1119 34737 34931
1119 1338 51699 51918
1338 1481 53637 53780
1481 1572 53845 53936
1572 1674 54404 54506
1674 1782 57668 57776
1782 1941 58053 58212

>FBtr0087113
0 391 27017 27408
391 760 33342 33711
760 925 33778 33943
925 1119 34737 34931
1119 1338 51699 51918
1338 1481 53637 53780
1481 1572 53845 53936
1572 1674 54404 54506
1674 1782 57668 57776
1782 1941 58053 58212

>FBtr0087112
0 391 27017 27408
391 760 33342 33711
760 925 33778 33943
925 1119 34737 34931
1119 1338 51699 51918
1338 1481 53637 53780
1481 1572 53845 53936
1572 1683 54060 54171
1683 1791 57668 57776
1791 1950 58053 58212

>FBtr0113380
0 391 27017 27408
391 760 33342 33711
760 925 33778 33943
925 1119 34737 34931
1119 1338 51699 51918
1338 1481 53637 53780
1481 1572 53845 53936
1572 1683 54060 54171
1683 1791 57668 57776
1791 1950 58053 58212

>FBtr0113381
0 189 51729 51918
189 332 53637 53780
332 423 53845 53936
423 525 54404 54506
525 633 57668 57776
633 792 58053 58212

