>ENSPVAT00000010516
0 95 0 95
95 99 96 100
99 104 107 112
104 215 128 239
215 327 296 408
327 333 415 421
333 447 426 540

>ENSPVAT00000014809
0 73 0 73
73 84 74 85
84 197 87 200
197 309 257 369
309 315 376 382
315 429 387 501

>ENSUAMT00000002784
0 92 0 92
92 230 122 260
230 397 4120 4287
397 435 7885 7923

>ENSVPAT00000004412
0 81 0 81
81 294 105 318
294 299 320 325
299 480 326 507

>ENSCHIT00000028383
0 62 0 62
62 104 118 160
104 364 175 435
364 477 461 574

>ENSCHIT00000028395
0 62 0 62
62 104 118 160
104 242 175 313
242 309 337 404
309 465 418 574

>ENSCHIT00000028400
0 62 0 62
62 104 118 160
104 257 175 328
257 291 364 398
291 313 418 440
313 426 461 574

