>FBtr0333842
0 275 12031 12306
275 455 14828 15008
455 570 15329 15444
570 829 16898 17157
829 1083 17234 17488
1083 1198 17545 17660
1198 1341 17724 17867
1341 1507 17924 18090
1507 1650 18162 18305
1650 1760 18365 18475
1760 1896 18675 18811
1896 2707 18873 19684
2707 2805 21112 21210
2805 3035 21278 21508
3035 3271 22160 22396
3271 3513 22487 22729

>FBtr0333838
0 275 12031 12306
275 455 14828 15008
455 570 15329 15444
570 829 16898 17157
829 1083 17234 17488
1083 1198 17545 17660
1198 1341 17724 17867
1341 1507 17924 18090
1507 1650 18162 18305
1650 1760 18365 18475
1760 1896 18675 18811
1896 2707 18873 19684
2707 2767 19841 19901
2767 2865 21112 21210
2865 3095 21278 21508
3095 3331 22160 22396
3331 3573 22487 22729

>FBtr0075987
0 275 12031 12306
275 455 14828 15008
455 570 15329 15444
570 829 16898 17157
829 1083 17234 17488
1083 1198 17545 17660
1198 1341 17724 17867
1341 1507 17924 18090
1507 1650 18162 18305
1650 1760 18365 18475
1760 1896 18675 18811
1896 2707 18873 19684
2707 2805 21112 21210
2805 3035 21278 21508
3035 3271 22160 22396
3271 3513 22487 22729

>FBtr0333840
0 275 12031 12306
275 455 14828 15008
455 570 15329 15444
570 829 16898 17157
829 1083 17234 17488
1083 1198 17545 17660
1198 1341 17724 17867
1341 1507 17924 18090
1507 1650 18162 18305
1650 1760 18365 18475
1760 1896 18675 18811
1896 2707 18873 19684
2707 2767 19841 19901
2767 2815 20438 20486
2815 2913 21112 21210
2913 3143 21278 21508
3143 3379 22160 22396
3379 3621 22487 22729

>FBtr0333839
0 275 12031 12306
275 455 14828 15008
455 570 15329 15444
570 829 16898 17157
829 1083 17234 17488
1083 1198 17545 17660
1198 1341 17724 17867
1341 1507 17924 18090
1507 1650 18162 18305
1650 1760 18365 18475
1760 1896 18675 18811
1896 2707 18873 19684
2707 2767 19841 19901
2767 2865 21112 21210
2865 3095 21278 21508
3095 3331 22160 22396
3331 3573 22487 22729

>FBtr0333841
0 275 12031 12306
275 455 14828 15008
455 570 15329 15444
570 829 16898 17157
829 1083 17234 17488
1083 1198 17545 17660
1198 1341 17724 17867
1341 1507 17924 18090
1507 1650 18162 18305
1650 1760 18365 18475
1760 1896 18675 18811
1896 2707 18873 19684
2707 2767 19841 19901
2767 2865 21112 21210
2865 3095 21278 21508
3095 3331 22160 22396
3331 3573 22487 22729

>Y37A1C.1a.1
0 114 0 114
114 258 484 628
258 630 692 1064
630 942 1443 1755
942 1126 2387 2571
1126 1623 2623 3120
1623 1855 3264 3496
1855 2325 3772 4242
2325 2591 4853 5119
2591 2827 5164 5400
2827 2919 5488 5580

>Y37A1C.1b.1
0 114 0 114
114 258 484 628
258 630 692 1064
630 789 1135 1294

>Y37A1C.1c.1
0 114 0 114
114 258 484 628
258 630 692 1064
630 942 1443 1755
942 1126 2387 2571
1126 1623 2623 3120
1623 1855 3264 3496
1855 2325 3772 4242
2325 2591 4853 5119
2591 2827 5164 5400
2827 3011 6625 6809
3011 3084 6857 6930
3084 3497 7280 7693
3497 3633 7750 7886

>Y37A1C.1d.1
0 106 2465 2571
106 603 2623 3120
603 835 3264 3496
835 1305 3772 4242
1305 1571 4853 5119
1571 1807 5164 5400
1807 1991 6625 6809
1991 2064 6857 6930
2064 2477 7280 7693
2477 2613 7750 7886

>Y37A1C.1e.1
0 339 3903 4242
339 605 4853 5119
605 841 5164 5400
841 1025 6625 6809
1025 1098 6857 6930
1098 1511 7280 7693
1511 1647 7750 7886

>Y37A1C.1f.1
0 42 392 434
42 186 484 628
186 558 692 1064
558 870 1443 1755
870 1054 2387 2571
1054 1551 2623 3120
1551 1783 3264 3496
1783 2253 3772 4242
2253 2519 4853 5119
2519 2755 5164 5400
2755 2939 6625 6809
2939 3012 6857 6930
3012 3425 7280 7693
3425 3561 7750 7886

>Y37A1C.1g.1
0 114 0 114
114 258 484 628
258 630 692 1064
630 942 1443 1755
942 1126 2387 2571
1126 1623 2623 3120
1623 1855 3264 3496
1855 2325 3772 4242
2325 2591 4853 5119
2591 2827 5164 5400
2827 2902 5485 5560
2902 3086 6625 6809
3086 3159 6857 6930
3159 3572 7280 7693
3572 3708 7750 7886

>Y37A1C.1h.1
0 42 392 434
42 192 478 628
192 564 692 1064
564 876 1443 1755
876 1060 2387 2571
1060 1557 2623 3120
1557 1789 3264 3496
1789 2259 3772 4242
2259 2525 4853 5119
2525 2761 5164 5400
2761 2945 6625 6809
2945 3018 6857 6930
3018 3431 7280 7693
3431 3567 7750 7886

