>ENSFDAT00000016169
0 70 0 70
70 138 6900 6968

>ENSFDAT00000028729
0 70 0 70
70 191 5344 5465
191 485 6900 7194
485 589 7209 7313
589 1047 7401 7859

>ENSOPRT00000006936
0 70 0 70
70 191 7435 7556
191 337 9797 9943
337 798 9964 10425

>ENSSSCT00000023148
0 89 0 89
89 472 818 1201
472 495 1245 1268
495 1008 1489 2002

>ENSCHOT00000010431
0 70 0 70
70 191 1687 1808
191 555 2554 2918
555 573 2920 2938
573 1209 2939 3575

>ENSPCIT00000044340
0 70 224 294
70 200 15201 15331
200 1233 18821 19854

>ENSVURT00010025547
0 70 686 756
70 200 12991 13121
200 1245 19691 20736

>ENSSHAT00000017841
0 70 416 486
70 197 12769 12896
197 1254 16496 17553

