>ENSPSMT00000030678
0 156 0 156
156 240 1469 1553
240 419 1810 1989
419 470 2115 2166
470 768 2254 2552
768 1020 2820 3072
1020 1124 3151 3255
1124 1209 3363 3448
1209 1278 3528 3597
1278 1353 3793 3868
1353 1386 4455 4488
1386 1508 4604 4726
1508 1604 4819 4915
1604 1716 4996 5108
1716 2010 5216 5510
2010 2125 5935 6050
2125 2337 6165 6377

>ENSMICT00000055021
0 156 761 917
156 240 2197 2281
240 419 2537 2716
419 470 2841 2892
470 768 2978 3276
768 1020 3544 3796
1020 1124 3874 3978
1124 1209 4086 4171
1209 1278 4248 4317
1278 1353 4510 4585
1353 1386 5165 5198
1386 1508 5317 5439
1508 1604 5525 5621
1604 1716 5700 5812
1716 2010 5917 6211
2010 2125 6640 6755
2125 2337 6869 7081

>ENSPCOT00000041526
0 156 593 749
156 240 2030 2114
240 419 2370 2549
419 470 2672 2723
470 768 2811 3109
768 1020 3377 3629
1020 1124 3708 3812
1124 1209 3919 4004
1209 1278 4083 4152
1278 1353 4346 4421
1353 1386 5007 5040
1386 1508 5159 5281
1508 1604 5375 5471
1604 1716 5552 5664
1716 2010 5772 6066
2010 2125 6492 6607
2125 2337 6721 6933

>ENSOGAT00000004000
0 159 0 159
159 243 1464 1548
243 422 1801 1980
422 473 2107 2158
473 771 2246 2544
771 1023 2811 3063
1023 1127 3142 3246
1127 1212 3355 3440
1212 1281 3819 3888
1281 1356 4091 4166
1356 1389 4745 4778
1389 1511 4894 5016
1511 1607 5105 5201
1607 1719 5304 5416
1719 2013 5522 5816
2013 2128 6215 6330
2128 2337 6437 6646

>ENSPTRT00000033351
0 156 778 934
156 240 2289 2373
240 419 2628 2807
419 470 2940 2991
470 768 3079 3377
768 1020 3645 3897
1020 1124 3982 4086
1124 1209 4193 4278
1209 1278 4359 4428
1278 1353 4642 4717
1353 1386 5343 5376
1386 1508 5493 5615
1508 1604 5710 5806
1604 1716 5885 5997
1716 2007 6103 6394
2007 2122 6865 6980
2122 2334 7096 7308

>ENSPTRT00000096394
0 156 778 934
156 240 2289 2373
240 419 2628 2807
419 470 2940 2991
470 768 3079 3377
768 1020 3645 3897
1020 1124 3982 4086
1124 1209 4193 4278
1209 1278 4359 4428
1278 1353 4642 4717
1353 1386 5343 5376
1386 1500 5493 5607
1500 1525 5631 5656
1525 1574 5710 5759
1574 1686 5885 5997
1686 1977 6103 6394
1977 2092 6865 6980
2092 2304 7096 7308

>ENSPPAT00000037854
0 156 778 934
156 240 2269 2353
240 419 2608 2787
419 470 2920 2971
470 768 3059 3357
768 1020 3625 3877
1020 1124 3962 4066
1124 1209 4173 4258
1209 1278 4339 4408
1278 1353 4622 4697
1353 1386 5319 5352
1386 1508 5469 5591
1508 1604 5686 5782
1604 1716 5861 5973
1716 2007 6079 6370
2007 2122 6835 6950
2122 2334 7066 7278

>ENSPPAT00000037862
0 156 778 934
156 240 2269 2353
240 419 2608 2787
419 470 2920 2971
470 768 3059 3357
768 1020 3625 3877
1020 1124 3962 4066
1124 1209 4173 4258
1209 1278 4339 4408
1278 1353 4622 4697
1353 1386 5319 5352
1386 1500 5469 5583
1500 1525 5607 5632
1525 1574 5686 5735
1574 1686 5861 5973
1686 1977 6079 6370
1977 2092 6835 6950
2092 2304 7066 7278

