>ENSEBUT00000015588
0 1372 607 1979
1372 1516 62443 62587
1516 1654 83684 83822
1654 1824 84212 84382
1824 1927 90619 90722
1927 1990 132771 132834
1990 2005 133291 133306
2005 2169 152613 152777
2169 2335 160842 161008
2335 2410 169789 169864
2410 2454 189933 189977

>ENSEBUT00000015618
0 1372 607 1979
1372 1516 62443 62587
1516 1654 83684 83822
1654 1824 84212 84382
1824 1927 90619 90722
1927 1990 132771 132834
1990 2154 152613 152777
2154 2320 160842 161008
2320 2395 169789 169864
2395 2439 189933 189977

>ENSEBUT00000014572
0 177 11740 11917
177 516 12843 13182
516 641 13276 13401
641 858 23330 23547
858 1075 26960 27177
1075 1219 27469 27613
1219 1375 38213 38369
1375 1551 41287 41463
1551 1684 41857 41990
1684 1809 56747 56872
1809 1890 57024 57105

>ENSAOWT00000013642
0 1261 7 1268
1261 1405 7246 7390
1405 1543 7468 7606
1543 1713 8287 8457
1713 1813 8693 8793
1813 1876 9541 9604
1876 2058 10919 11101
2058 2265 11179 11386

>ENSAOWT00000013645
0 1261 7 1268
1261 1405 7246 7390
1405 1543 7468 7606
1543 1713 8287 8457
1713 1813 8693 8793
1813 1995 10919 11101
1995 2202 11179 11386

>ENSARWT00000030062
0 106 967 1073
106 250 4015 4159
250 388 4237 4375
388 558 5056 5226
558 658 5462 5562
658 840 7685 7867
840 1047 7945 8152

>ENSAHAT00000007258
0 1261 27 1288
1261 1405 7400 7544
1405 1543 7622 7760
1543 1713 8441 8611
1713 1813 8847 8947
1813 1876 9695 9758
1876 2058 11073 11255
2058 2265 11333 11540

>ENSAHAT00000007278
0 1261 27 1288
1261 1405 7400 7544
1405 1543 7622 7760
1543 1713 8441 8611
1713 1813 8847 8947
1813 1995 11073 11255
1995 2202 11333 11540

>ENSAHAT00000007298
0 106 4345 4451
106 250 7400 7544
250 388 7622 7760
388 558 8441 8611
558 658 8847 8947
658 721 9695 9758
721 1188 11073 11540

>ENSDNVT00000014530
0 105 2519 2624
105 1327 4831 6053
1327 1487 11262 11422
1487 1609 11599 11721
1609 1779 12330 12500
1779 1872 12631 12724
1872 2052 14679 14859
2052 2259 14936 15143

>ENSDNVT00000014543
0 283 10583 10866
283 431 11262 11410
431 553 11599 11721
553 723 12330 12500
723 816 12631 12724
816 871 13008 13063
871 1053 14677 14859
1053 1260 14936 15143

>ENSDNVT00000014585
0 354 2255 2609
354 531 4918 5095
531 1378 5206 6053
1378 1554 11262 11438
1554 1648 11627 11721
1648 1818 12330 12500
1818 1911 12631 12724
1911 2088 14739 14916

