>ENSVURT00010004340
0 144 0 144
144 274 1045 1175
274 374 2061 2161
374 481 3640 3747
481 652 8196 8367
652 734 11333 11415
734 741 11429 11436
741 742 11437 11438
742 856 12320 12434
856 1086 13940 14170
1086 1186 14874 14974
1186 1326 17197 17337
1326 1422 20205 20301
1422 1503 28868 28949
1503 1692 30732 30921

>ENSSHAT00000014474
0 144 5219 5363
144 274 6289 6419
274 374 7289 7389
374 481 8608 8715
481 652 11061 11232
652 757 14085 14190
757 871 15023 15137
871 1101 16507 16737
1101 1198 17463 17560
1198 1338 22657 22797
1338 1440 25940 26042
1440 1521 35484 35565
1521 1710 37246 37435

>ENSSHAT00000014475
0 144 5219 5363
144 274 6289 6419
274 374 7289 7389
374 481 8608 8715
481 652 11061 11232
652 757 14085 14190
757 871 15023 15137
871 1101 16507 16737
1101 1198 17463 17560
1198 1201 21530 21533
1201 1341 22657 22797
1341 1443 25940 26042
1443 1524 35484 35565
1524 1713 37246 37435

>ENSMODT00000031805
0 144 472 616
144 274 1529 1659
274 374 2492 2592
374 481 3733 3840
481 652 7137 7308
652 766 18248 18362
766 895 19231 19360
895 1125 20778 21008
1125 1225 21597 21697
1225 1362 26188 26325
1362 1461 28531 28630
1461 1542 34677 34758
1542 1731 36625 36814

>ENSMODT00000087703
0 144 472 616
144 274 1529 1659
274 374 2492 2592
374 481 3733 3840
481 652 7137 7308
652 766 18248 18362
766 895 19231 19360
895 1125 20778 21008
1125 1225 21597 21697
1225 1362 26188 26325
1362 1461 28531 28630
1461 1650 36625 36814

>ENSPTRT00000096431
0 144 2421 2565
144 274 3851 3981
274 368 5501 5595
368 475 8060 8167
475 646 12015 12186
646 742 13284 13380
742 856 14290 14404
856 1083 16587 16814
1083 1183 17065 17165
1183 1308 18012 18137
1308 1404 20176 20272
1404 1482 22576 22654
1482 1671 28253 28442

>ENSPTRT00000059351
0 144 2421 2565
144 274 3851 3981
274 368 5501 5595
368 475 8060 8167
475 646 12015 12186
646 742 13284 13380
742 856 14290 14404
856 1083 16587 16814
1083 1183 17065 17165
1183 1308 18012 18137
1308 1386 22576 22654
1386 1493 38580 38687
1493 1566 68544 68617

>ENSPTRT00000024419
0 182 68459 68641
182 290 69364 69472
290 440 72782 72932
440 1617 76161 77338

>ENSPTRT00000085441
0 44 68597 68641
44 251 69265 69472
251 401 72782 72932
401 1578 76161 77338

>ENSPPAT00000010569
0 144 26 170
144 274 1455 1585
274 368 3105 3199
368 475 5665 5772
475 646 9626 9797
646 742 10894 10990
742 856 11900 12014
856 1083 14197 14424
1083 1183 14674 14774
1183 1308 15621 15746
1308 1404 17785 17881
1404 1482 20192 20270
1482 1671 26185 26374

>ENSPPAT00000010665
0 144 26 170
144 274 1455 1585
274 368 3105 3199
368 475 5665 5772
475 646 9626 9797
646 742 10894 10990
742 856 11900 12014
856 1083 14197 14424
1083 1183 14674 14774
1183 1308 15621 15746
1308 1386 20192 20270
1386 1493 36437 36544
1493 1566 65934 66007

>ENSPPAT00000010815
0 44 65987 66031
44 251 66655 66862
251 401 70167 70317
401 1578 73544 74721

>ENST00000402452
0 144 2398 2542
144 274 3824 3954
274 368 5470 5564
368 475 8029 8136
475 646 11988 12159
646 742 13256 13352
742 856 14265 14379
856 1083 16563 16790
1083 1183 17041 17141
1183 1308 17990 18115
1308 1386 22570 22648
1386 1493 40598 40705
1493 1566 70269 70342

>ENST00000409241
0 144 2398 2542
144 274 3824 3954
274 368 5470 5564
368 475 8029 8136
475 646 11988 12159
646 742 13256 13352
742 856 14265 14379
856 1083 16563 16790
1083 1183 17041 17141
1183 1308 17990 18115
1308 1404 20154 20250
1404 1482 22570 22648
1482 1671 28213 28402

>ENST00000246108
0 144 2398 2542
144 195 3824 3876

