>ENSCMIT00000044595
0 150 164 314
150 238 2627 2715
238 300 2799 2861
300 543 5640 5883
543 624 8071 8152
624 652 8492 8520
652 1157 10103 10608
1157 1207 11116 11166
1207 1317 11735 11845
1317 1467 14036 14186
1467 1595 14864 14992
1595 1732 16477 16614
1732 1824 17241 17333
1824 1970 18977 19123
1970 2127 21435 21592
2127 2249 23232 23354
2249 2411 23475 23637
2411 2684 24282 24555
2684 2718 25704 25738
2718 2873 26585 26740
2873 2992 27196 27315
2992 3062 28416 28486
3062 3231 29548 29717

>ENSCMIT00000044601
0 150 164 314
150 238 2627 2715
238 300 2799 2861
300 381 8071 8152
381 409 8492 8520
409 914 10103 10608
914 964 11116 11166
964 1074 11735 11845
1074 1224 14036 14186
1224 1352 14864 14992
1352 1489 16477 16614
1489 1581 17241 17333
1581 1727 18977 19123
1727 1884 21435 21592
1884 2006 23232 23354
2006 2168 23475 23637
2168 2441 24282 24555
2441 2475 25704 25738
2475 2630 26585 26740
2630 2749 27196 27315
2749 2819 28416 28486
2819 2988 29548 29717

>ENSCMIT00000044581
0 138 7385 7523
138 288 8946 9096
288 407 9373 9492
407 544 9729 9866
544 681 11082 11219
681 768 12362 12449

>ENSCMIT00000044583
0 392 6320 6712
392 439 7218 7265
439 555 7407 7523
555 705 8946 9096
705 824 9373 9492
824 1137 9729 10042

>ENSSPUT00000013609
0 237 3369 3606
237 300 4840 4903
300 328 6300 6328
328 824 7271 7767
824 871 8194 8241
871 972 9709 9810
972 1122 11217 11367
1122 1220 11465 11563
1220 1366 19962 20108
1366 1458 21360 21452
1458 1595 23069 23206
1595 1889 24297 24591
1889 2027 30291 30429
2027 2067 32979 33019
2067 2189 34100 34222
2189 2302 35648 35761
2302 2369 35888 35955
2369 2412 36161 36204

>ENSPVIT00000038527
0 195 0 195
195 283 1645 1733
283 348 2640 2705
348 615 2811 3078
615 678 6417 6480
678 706 7297 7325
706 1247 8269 8810
1247 1294 9300 9347
1294 1395 10337 10438
1395 1545 10947 11097
1545 1649 11991 12095
1649 1801 12817 12969
1801 1893 14641 14733
1893 2030 15658 15795
2030 2309 18123 18402
2309 2447 21644 21782
2447 2487 22047 22087
2487 2600 23046 23159
2600 2710 23346 23456
2710 2777 24052 24119
2777 2886 24256 24365

