>C07G3.3a.1
0 198 0 198
198 365 560 727
365 500 776 911
500 642 960 1102
642 955 1151 1464
955 1056 1512 1613

>C07G3.3b.1
0 50 677 727
50 185 776 911
185 327 960 1102
327 640 1151 1464
640 741 1512 1613

>C07G3.4.1
0 198 0 198
198 365 491 658
365 500 704 839
500 642 885 1027
642 955 1223 1536
955 1029 1589 1663

>C07G3.5.1
0 198 0 198
198 365 286 453
365 500 563 698
500 642 748 890
642 955 1321 1634
955 1029 1689 1763

>C07G3.6.1
0 198 0 198
198 365 250 417
365 500 563 698
500 642 745 887
642 955 980 1293
955 1044 1341 1430

>Y46H3D.3.1
0 201 0 201
201 368 702 869
368 503 914 1049
503 645 1096 1238
645 955 1283 1593
955 1104 2974 3123

>Y46H3D.2.1
0 201 0 201
201 368 248 415
368 503 760 895
503 642 939 1078
642 952 1129 1439
952 1104 1828 1980

>C55A1.1.1
0 81 0 81
81 169 124 212
169 383 263 477
383 516 523 656
516 654 705 843
654 810 1104 1260

