>ENSCSAVT00000005037
0 89 132 221
89 336 1415 1662
336 504 2059 2227
504 606 2664 2766
606 761 3603 3758
761 882 4631 4752

>ENSCINT00000013797
0 83 126 209
83 333 641 891
333 501 1901 2069
501 603 2536 2638
603 758 2800 2955
758 879 3976 4097
879 983 4511 4615
983 1107 4848 4972
1107 1217 5385 5495
1217 1328 6118 6229
1328 1474 6670 6816
1474 1596 6894 7016
1596 2259 7403 8066

>R06A4.9a.1
0 21 41 62
21 282 109 370
282 453 420 591
453 549 655 751
549 704 1065 1220
704 1081 1268 1645
1081 2280 1692 2891
2280 2463 2938 3121

>R06A4.9b.1
0 56 1164 1220
56 433 1268 1645
433 1632 1692 2891
1632 1815 2938 3121

