>ENSCINT00000018503
0 161 104 265
161 303 510 652
303 408 893 998
408 515 1302 1409
515 621 1622 1728
621 729 1996 2104
729 740 2576 2587
740 934 2678 2872
934 984 3438 3488
984 1122 3795 3933
1122 1188 4209 4275
1188 1368 4653 4833
1368 1455 5293 5380
1455 1574 5809 5928
1574 1708 6309 6443
1708 1923 6968 7183
1923 2055 7477 7609
2055 2162 7902 8009
2162 2346 8521 8705
2346 2476 8996 9126
2476 2584 9268 9376
2584 2683 9941 10040
2683 2685 10252 10254
2685 2780 10488 10583
2780 2872 10986 11078
2872 3042 11313 11483
3042 3231 11924 12113
3231 3410 12522 12701
3410 3579 13124 13293
3579 3711 13619 13751

>ENSCINT00000018502
0 161 104 265
161 303 510 652
303 408 893 998
408 515 1302 1409
515 621 1622 1728
621 729 1996 2104
729 732 2439 2442
732 925 2679 2872
925 975 3438 3488
975 1113 3795 3933
1113 1179 4209 4275
1179 1359 4653 4833
1359 1446 5293 5380
1446 1565 5809 5928
1565 1699 6309 6443
1699 1914 6968 7183
1914 2046 7477 7609
2046 2153 7902 8009
2153 2337 8521 8705
2337 2467 8996 9126
2467 2575 9268 9376
2575 2674 9941 10040
2674 2676 10252 10254
2676 2771 10488 10583
2771 2863 10986 11078
2863 3033 11313 11483
3033 3222 11924 12113
3222 3401 12522 12701
3401 3570 13124 13293
3570 3702 13619 13751

>ENSCINT00000022019
0 161 104 265
161 303 510 652
303 408 893 998
408 515 1302 1409
515 621 1622 1728
621 729 1996 2104
729 740 2576 2587
740 934 2678 2872
934 984 3438 3488
984 1057 3795 3868
1057 1212 4678 4833
1212 1299 5293 5380
1299 1418 5809 5928
1418 1552 6309 6443
1552 1767 6968 7183
1767 1899 7477 7609
1899 2006 7902 8009
2006 2190 8521 8705
2190 2320 8996 9126
2320 2428 9268 9376
2428 2527 9941 10040
2527 2529 10252 10254
2529 2624 10488 10583
2624 2716 10986 11078
2716 2886 11313 11483
2886 3075 11924 12113
3075 3174 12522 12621

>FBtr0087887
0 457 7206 7663
457 1740 7734 9017
1740 3281 9088 10629
3281 3582 10978 11279
3582 3958 11340 11716
3958 4473 12287 12802
4473 4803 12864 13194
4803 5010 13296 13503
5010 5238 13561 13789
5238 5664 15924 16350
5664 6186 16418 16940

>FBtr0087888
0 457 7206 7663
457 1740 7734 9017
1740 3281 9088 10629
3281 3582 10978 11279
3582 3958 11340 11716
3958 4473 12287 12802
4473 4803 12864 13194
4803 5010 13296 13503
5010 5238 13561 13789
5238 5328 15264 15354

>FBtr0303565
0 457 7206 7663
457 1740 7734 9017
1740 3281 9088 10629
3281 3582 10978 11279
3582 3958 11340 11716
3958 4473 12287 12802
4473 4803 12864 13194
4803 5010 13296 13503
5010 5238 13561 13789
5238 5664 15924 16350
5664 6186 16418 16940

>FBtr0339651
0 457 7206 7663
457 1740 7734 9017
1740 3281 9088 10629
3281 3582 10978 11279
3582 3958 11340 11716
3958 4473 12287 12802
4473 4803 12864 13194
4803 5010 13296 13503
5010 5238 13561 13789
5238 5241 15208 15211

>FBtr0303566
0 457 7206 7663
457 1740 7734 9017
1740 3281 9088 10629
3281 3582 10978 11279
3582 3958 11340 11716
3958 4473 12287 12802
4473 4803 12864 13194
4803 5010 13296 13503
5010 5238 13561 13789
5238 5328 15264 15354

>FBtr0304683
0 457 7206 7663
457 1740 7734 9017
1740 3281 9088 10629
3281 3594 10966 11279
3594 3970 11340 11716
3970 4485 12287 12802
4485 4815 12864 13194
4815 5022 13296 13503
5022 5250 13561 13789
5250 5676 15924 16350
5676 6198 16418 16940

>FBtr0087889
0 457 7206 7663
457 1740 7734 9017
1740 3281 9088 10629
3281 3582 10978 11279
3582 3958 11340 11716
3958 4473 12287 12802
4473 4803 12864 13194
4803 5010 13296 13503
5010 5238 13561 13789
5238 5253 14366 14381

>FBtr0347014
0 457 7206 7663
457 1740 7734 9017
1740 3281 9088 10629
3281 3582 10978 11279
3582 3958 11340 11716
3958 4473 12287 12802
4473 4803 12864 13194
4803 5010 13296 13503
5010 5238 13561 13789
5238 5358 14632 14752

>FBtr0087890
0 457 7206 7663
457 1740 7734 9017
1740 3281 9088 10629
3281 3582 10978 11279
3582 3958 11340 11716
3958 4473 12287 12802
4473 4803 12864 13194
4803 5010 13296 13503
5010 5238 13561 13789
5238 5664 15924 16350
5664 6186 16418 16940

>FBtr0339650
0 457 7206 7663
457 1740 7734 9017
1740 3281 9088 10629
3281 3594 10966 11279
3594 3970 11340 11716
3970 4467 12305 12802
4467 4797 12864 13194
4797 5004 13296 13503
5004 5232 13561 13789
5232 5658 15924 16350
5658 6180 16418 16940

>F02E9.4a.1
0 675 1 676
675 962 1064 1351
962 1119 1620 1777
1119 1422 1889 2192
1422 1857 2591 3026
1857 1992 3517 3652
1992 2091 3698 3797
2091 2484 4123 4516
2484 2604 4566 4686
2604 2705 4754 4855
2705 2894 5048 5237
2894 3038 5285 5429
3038 3188 5827 5977
3188 3275 6029 6116
3275 3537 6165 6427
3537 3651 6709 6823
3651 4050 6871 7270
4050 4179 7328 7457
4179 4401 7654 7876
4401 4518 7918 8035

>F02E9.4b.1
0 675 1 676
675 962 1064 1351
962 1119 1620 1777
1119 1422 1889 2192
1422 1857 2591 3026
1857 1992 3517 3652
1992 2091 3698 3797
2091 2484 4123 4516
2484 2604 4566 4686
2604 2705 4754 4855
2705 2894 5048 5237
2894 3038 5285 5429
3038 3188 5827 5977
3188 3281 6023 6116
3281 3543 6165 6427
3543 3657 6709 6823
3657 4056 6871 7270
4056 4185 7328 7457
4185 4407 7654 7876
4407 4524 7918 8035

>YOL004W_mRNA
0 4611 0 4611

