>ENSACAT00000000705
0 51 0 51
51 104 12237 12290
104 198 20011 20105
198 270 20205 20277
270 395 20360 20485
395 440 20794 20839
440 517 20889 20966
517 593 21893 21969
593 624 22165 22196
624 736 33426 33538
736 830 33553 33647
830 921 33894 33985
921 994 34017 34090
994 1019 34368 34393
1019 1261 36277 36519
1261 1462 36908 37109
1462 1663 39202 39403
1663 1758 43089 43184

>ENSNSUT00000009390
0 84 3815 3899
84 298 4000 4214
298 502 4317 4521
502 703 4601 4802
703 799 4918 5014
799 909 5342 5452
909 1020 6255 6366

