>ENSDCDT00000071946
0 42 0 42
42 101 760 819
101 202 1892 1993
202 330 2067 2195
330 529 2299 2498
529 684 3980 4135
684 929 4490 4735
929 1137 4811 5019
1137 1248 5724 5835
1248 1298 5923 5973
1298 1395 6053 6150
1395 1548 6234 6387
1548 1695 6495 6642

>ENSDCDT00000071951
0 42 0 42
42 101 760 819
101 202 1892 1993
202 330 2067 2195
330 506 2299 2475
506 737 4504 4735
737 945 4811 5019
945 1056 5724 5835
1056 1106 5923 5973
1106 1203 6053 6150
1203 1356 6234 6387
1356 1503 6495 6642

>ENSDCDT00000071968
0 9 601 610
9 125 703 819
125 226 1892 1993
226 354 2067 2195
354 519 2296 2461
519 657 3570 3708
657 765 4021 4129
765 944 4556 4735
944 1152 4811 5019
1152 1263 5724 5835
1263 1313 5923 5973
1313 1410 6053 6150
1410 1563 6234 6387
1563 1710 6495 6642

>ENSDCDT00000071974
0 65 754 819
65 166 1892 1993
166 349 2067 2250
349 541 2306 2498
541 690 3980 4129
690 869 4556 4735
869 1077 4811 5019
1077 1188 5724 5835
1188 1238 5923 5973
1238 1335 6053 6150
1335 1488 6234 6387
1488 1635 6495 6642

>ENSDCDT00000071976
0 3 646 649
3 119 703 819
119 220 1892 1993
220 348 2067 2195
348 498 2311 2461
498 630 3570 3702
630 908 4457 4735
908 1116 4811 5019
1116 1227 5724 5835
1227 1277 5923 5973
1277 1374 6053 6150
1374 1527 6234 6387
1527 1674 6495 6642

>ENSCHAT00000003605
0 134 829 963
134 235 1262 1363
235 390 1761 1916
390 546 2711 2867
546 681 3365 3500
681 789 4245 4353
789 971 4656 4838
971 1179 5351 5559
1179 1290 6664 6775
1290 1340 6884 6934
1340 1437 7014 7111
1437 1590 7630 7783
1590 1737 8224 8371

>ENSCHAT00000003659
0 134 829 963
134 235 1262 1363
235 396 1761 1922
396 556 2711 2871
556 773 4621 4838
773 981 5351 5559
981 1092 6664 6775
1092 1142 6884 6934
1142 1239 7014 7111
1239 1392 7630 7783
1392 1539 8224 8371

>ENSCHAT00000003692
0 3 229 232
3 119 847 963
119 220 1262 1363
220 375 1761 1916
375 531 2711 2867
531 666 3365 3500
666 774 4245 4353
774 956 4656 4838
956 1164 5351 5559
1164 1275 6664 6775
1275 1325 6884 6934
1325 1422 7014 7111
1422 1575 7630 7783
1575 1722 8224 8371

>ENSCHAT00000003954
0 11 725 736
11 122 852 963
122 212 1262 1352
212 324 1804 1916
324 480 2711 2867
480 615 3365 3500
615 723 4245 4353
723 902 4659 4838
902 1110 5351 5559
1110 1221 6664 6775
1221 1271 6884 6934
1271 1461 7593 7783
1461 1608 8224 8371

>ENSCHAT00000004058
0 6 777 783
6 122 847 963
122 223 1262 1363
223 378 1761 1916
378 534 2711 2867
534 678 3365 3509
678 786 4245 4353
786 968 4656 4838
968 1176 5351 5559
1176 1287 6664 6775
1287 1337 6884 6934
1337 1434 7014 7111
1434 1587 7630 7783
1587 1734 8224 8371

>ENSCHAT00000004111
0 6 777 783
6 122 847 963
122 223 1262 1363
223 233 1444 1454
233 525 2575 2867
525 642 3365 3482
642 659 3741 3758
659 756 4256 4353
756 935 4659 4838
935 1143 5351 5559
1143 1254 6664 6775
1254 1304 6884 6934
1304 1401 7014 7111
1401 1554 7630 7783
1554 1701 8224 8371

