>ENSSPAT00000001344
0 150 587 737
150 187 2012 2049
187 273 2101 2187
273 351 3149 3227
351 407 3794 3850
407 573 4144 4310

>ENSPKIT00000038841
0 180 0 180
180 330 529 679
330 505 1239 1414
505 583 2817 2895
583 639 3210 3266
639 681 3353 3395

>ENSPKIT00000038851
0 180 0 180
180 330 529 679
330 408 2817 2895
408 464 3210 3266
464 735 3353 3624

>ENSPKIT00000038862
0 3 327 330
3 153 529 679
153 328 1239 1414
328 406 2817 2895
406 462 3210 3266
462 504 3353 3395

>ENSHCOT00000010492
0 150 0 150
150 325 248 423
325 417 5468 5560

