>ZK662.3a.1
0 88 1882 1970
88 166 2117 2195
166 294 2240 2368
294 528 2631 2865
528 618 2905 2995
618 866 3063 3311
866 931 3430 3495
931 1023 3839 3931
1023 1332 4439 4748
1332 1521 4800 4989
1521 1963 6386 6828
1963 2060 6874 6971
2060 2210 7704 7854
2210 2343 7905 8038

>ZK662.3b.1
0 88 1882 1970
88 166 2117 2195
166 294 2240 2368
294 486 2631 2823
486 576 2905 2995
576 806 3063 3293
806 871 3430 3495
871 1009 3560 3698
1009 1134 3806 3931
1134 1443 4439 4748
1443 1632 4800 4989
1632 2074 6386 6828
2074 2171 6874 6971
2171 2321 7704 7854
2321 2454 7905 8038

>ZK662.3b.2
0 88 1882 1970
88 166 2117 2195
166 294 2240 2368
294 486 2631 2823
486 576 2905 2995
576 806 3063 3293
806 871 3430 3495
871 1009 3560 3698
1009 1134 3806 3931
1134 1443 4439 4748
1443 1632 4800 4989
1632 2074 6386 6828
2074 2171 6874 6971
2171 2321 7704 7854
2321 2454 7905 8038

>FBtr0084756
0 667 309 976
667 724 1044 1101
724 1548 1166 1990
1548 1758 3013 3223
1758 1971 3294 3507
1971 2169 3563 3761

