>ENSSFOT00015037770
0 106 0 106
106 268 2889 3051
268 448 3151 3331
448 542 3467 3561
542 726 5369 5553
726 954 5899 6127

>ENSPKIT00000017804
0 205 0 205
205 367 2868 3030
367 547 3181 3361
547 641 3992 4086
641 825 4420 4604
825 1053 5856 6084

>ENSCHAT00000041768
0 106 0 106
106 268 2607 2769
268 448 3515 3695
448 542 4108 4202
542 726 4308 4492
726 954 5308 5536

>ENSDCDT00000009855
0 106 379 485
106 268 2854 3016
268 448 3173 3353
448 542 4145 4239
542 726 4312 4496
726 954 5148 5376

>ENSDCDT00000009860
0 14 242 256
14 109 390 485
109 271 2854 3016
271 451 3173 3353
451 545 4145 4239
545 729 4312 4496
729 957 5148 5376

>ENSAMXT00000031410
0 106 300 406
106 268 5832 5994
268 448 7649 7829
448 542 9330 9424
542 726 9522 9706
726 954 10904 11132

