>ENSLCRT00005047902
0 58 3381 3439
58 201 8438 8581
201 264 9186 9249
264 354 11294 11384
354 420 12982 13048
420 512 13212 13304
512 584 13489 13561
584 753 13957 14126
753 900 14208 14355
900 1044 14505 14649

>ENSLCRT00005047906
0 58 3381 3439
58 201 8438 8581
201 264 9186 9249
264 354 11294 11384
354 420 12982 13048
420 512 13212 13304
512 681 13957 14126
681 828 14208 14355
828 972 14505 14649

>ENSLCRT00005047908
0 73 0 73
73 216 8438 8581
216 279 9186 9249
279 369 11294 11384
369 435 12982 13048
435 527 13212 13304
527 599 13489 13561
599 762 13963 14126
762 909 14208 14355
909 1053 14505 14649

