>F46F5.11.1
0 189 0 189
189 304 233 348
304 427 392 515
427 512 595 680
512 591 729 808
591 698 864 971
698 863 1016 1181
863 1184 1231 1552
1184 1326 1599 1741
1326 1402 1788 1864
1402 1485 1913 1996
1485 1858 2039 2412
1858 2030 2459 2631
2030 2150 2673 2793
2150 2282 2837 2969
2282 2397 3016 3131

>ZK105.3.1
0 192 0 192
192 307 235 350
307 429 399 521
429 515 608 694
515 594 741 820
594 701 995 1102
701 866 1147 1312
866 1187 1355 1676
1187 1329 1875 2017
1329 1405 2077 2153
1405 1488 2194 2277
1488 1861 2349 2722
1861 2033 2775 2947
2033 2153 3149 3269
2153 2285 3316 3448
2285 2409 3495 3619

>F02C9.2.1
0 128 0 128
128 222 172 266
222 337 385 500
337 460 544 667
460 545 714 799
545 624 849 928
624 731 975 1082
731 896 1141 1306
896 1211 1356 1671
1211 1350 1725 1864
1350 1426 2310 2386
1426 1509 2434 2517
1509 1888 2563 2942
1888 2060 3010 3182
2060 2180 3228 3348
2180 2315 3392 3527
2315 2418 3575 3678

