>ENSOANT00000039044
0 61 87057 87118
61 103 92967 93009
103 236 99623 99756
236 435 103751 103950

>ENSVURT00010006164
0 118 92787 92905
118 251 101795 101928
251 424 105910 106083
424 520 113067 113163
520 727 126457 126664
727 827 130921 131021
827 1009 131554 131736
1009 1134 136669 136794
1134 1252 140081 140199
1252 1403 160313 160464
1403 1531 163312 163440
1531 1707 163711 163887
1707 1828 168694 168815
1828 1987 203658 203817
1987 2137 210098 210248
2137 2208 231937 232008
2208 2443 246590 246825
2443 2547 249648 249752
2547 2734 256249 256436
2734 2847 263003 263116
2847 3004 264399 264556
3004 3081 274002 274079

>ENSVURT00010006187
0 118 92787 92905
118 251 101795 101928
251 424 105910 106083
424 520 113067 113163
520 727 126457 126664
727 827 130921 131021
827 1009 131554 131736
1009 1134 136669 136794
1134 1252 140081 140199
1252 1403 160313 160464
1403 1531 163312 163440
1531 1707 163711 163887
1707 1828 168694 168815
1828 1908 184919 184999

>ENSPCIT00000026940
0 118 90692 90810
118 251 99607 99740
251 424 103683 103856
424 520 113255 113351
520 727 130146 130353
727 827 134579 134679
827 1009 135243 135425
1009 1134 140394 140519
1134 1252 143588 143706
1252 1403 165019 165170
1403 1531 169184 169312
1531 1707 169579 169755
1707 1828 174559 174680
1828 1987 207815 207974
1987 2137 214483 214633
2137 2208 236555 236626
2208 2443 247449 247684
2443 2547 250451 250555
2547 2734 257269 257456
2734 2847 264930 265043
2847 3004 266339 266496
3004 3102 291161 291259

>ENSPCIT00000026944
0 118 90692 90810
118 251 99607 99740
251 424 103683 103856
424 520 113255 113351
520 727 130146 130353
727 852 140394 140519
852 970 143588 143706
970 1121 165019 165170
1121 1249 169184 169312
1249 1425 169579 169755
1425 1546 174559 174680
1546 1705 207815 207974
1705 1855 214483 214633
1855 1926 236555 236626
1926 2161 247449 247684
2161 2265 250451 250555
2265 2452 257269 257456
2452 2565 264930 265043
2565 2722 266339 266496
2722 2820 291161 291259

>ENSPCIT00000026935
0 118 90692 90810
118 251 99607 99740
251 424 103683 103856
424 520 113255 113351
520 727 130146 130353
727 827 134579 134679
827 1009 135243 135425
1009 1134 140394 140519
1134 1252 143588 143706
1252 1403 165019 165170
1403 1531 169184 169312
1531 1707 169579 169755
1707 1828 174559 174680
1828 1987 207815 207974
1987 2137 214483 214633
2137 2208 236555 236626
2208 2443 247449 247684
2443 2547 250451 250555
2547 2734 257269 257456
2734 2847 264930 265043
2847 3004 266339 266496
3004 3081 270471 270548

>ENSPCIT00000026936
0 118 90692 90810
118 251 99607 99740
251 424 103683 103856
424 520 113255 113351
520 727 130146 130353
727 827 134579 134679
827 1009 135243 135425
1009 1160 165019 165170
1160 1288 169184 169312
1288 1464 169579 169755
1464 1585 174559 174680
1585 1744 207815 207974
1744 1894 214483 214633
1894 1965 236555 236626
1965 2200 247449 247684
2200 2304 250451 250555
2304 2491 257269 257456
2491 2604 264930 265043
2604 2761 266339 266496
2761 2838 270471 270548

>ENSPCIT00000026938
0 118 90692 90810
118 251 99607 99740
251 424 103683 103856
424 520 113255 113351
520 727 130146 130353
727 827 134579 134679
827 1009 135243 135425
1009 1134 140394 140519
1134 1252 143588 143706
1252 1403 165019 165170
1403 1531 169184 169312
1531 1707 169579 169755
1707 1828 174559 174680
1828 1908 188450 188530

>ENSSHAT00000003525
0 61 6197 6258
61 227 11640 11806
227 400 16110 16283
400 496 21219 21315
496 703 58137 58344
703 803 62268 62368
803 985 62899 63081
985 1110 68530 68655
1110 1228 69538 69656
1228 1379 79581 79732
1379 1507 83319 83447
1507 1683 83907 84083
1683 1804 86290 86411
1804 1884 93515 93595

>ENSMODT00000016379
0 61 131622 131683
61 194 136489 136622
194 367 139792 139965
367 463 144376 144472
463 670 158053 158260
670 770 161025 161125
770 952 161689 161871
952 1077 163445 163570
1077 1195 165446 165564
1195 1346 168383 168534
1346 1474 169928 170056
1474 1650 170332 170508
1650 1771 175463 175584
1771 1930 221167 221326
1930 2080 225220 225370
2080 2151 229325 229396
2151 2386 236159 236394
2386 2490 239393 239497
2490 2677 242551 242738
2677 2790 251289 251402
2790 2947 252731 252888
2947 3024 264649 264726

>ENSMODT00000063805
0 61 131622 131683
61 194 136489 136622
194 367 139792 139965
367 463 144376 144472
463 670 158053 158260
670 770 161025 161125
770 952 161689 161871
952 1077 163445 163570
1077 1195 165446 165564
1195 1346 168383 168534
1346 1474 169928 170056
1474 1650 170332 170508
1650 1771 175463 175584
1771 1851 196100 196180

>ENSUMAT00000039720
0 61 0 61
61 194 11105 11238
194 367 14718 14891
367 463 16645 16741
463 670 19614 19821
670 770 23380 23480
770 952 23634 23816
952 1077 28181 28306
1077 1195 28966 29084
1195 1346 35607 35758
1346 1474 38836 38964
1474 1650 39272 39448
1650 1771 58105 58226
1771 1930 83623 83782
1930 2080 94460 94610
2080 2151 103537 103608
2151 2386 108624 108859
2386 2490 111309 111413
2490 2677 118750 118937
2677 2790 121362 121475
2790 2955 122490 122655
2955 2994 123343 123382

>ENSUMAT00000039723
0 43 9814 9857
43 176 11105 11238
176 349 14718 14891
349 445 16645 16741
445 652 19614 19821
652 752 23380 23480
752 934 23634 23816
934 1059 28181 28306
1059 1177 28966 29084
1177 1328 35607 35758
1328 1456 38836 38964
1456 1632 39272 39448
1632 1753 58105 58226
1753 1912 83623 83782
1912 2062 94460 94610
2062 2133 103537 103608
2133 2368 108624 108859
2368 2472 111309 111413
2472 2659 118750 118937
2659 2772 121362 121475
2772 2933 122490 122651
2933 3030 123554 123651

>ENSUMAT00000039724
0 51 10209 10260
51 176 11113 11238
176 349 14718 14891
349 445 16645 16741
445 652 19614 19821
652 752 23380 23480
752 934 23634 23816
934 1056 28181 28303
1056 1204 28936 29084
1204 1355 35607 35758
1355 1483 38836 38964
1483 1659 39272 39448
1659 1780 58105 58226
1780 1939 83623 83782
1939 2089 94460 94610
2089 2160 103537 103608
2160 2395 108624 108859
2395 2499 111309 111413
2499 2686 118750 118937
2686 2799 121362 121475
2799 2960 122490 122651
2960 3018 123837 123895

>ENSUMAT00000039725
0 4 10265 10269
4 137 11105 11238
137 310 14718 14891
310 406 16645 16741
406 613 19614 19821
613 713 23380 23480
713 895 23634 23816
895 1017 28181 28303
1017 1135 28966 29084
1135 1286 35607 35758
1286 1414 38836 38964
1414 1590 39272 39448
1590 1711 58105 58226
1711 1870 83623 83782
1870 2020 94460 94610
2020 2091 103537 103608
2091 2326 108624 108859
2326 2430 111309 111413
2430 2617 118750 118937
2617 2730 121362 121475
2730 2887 122490 122647
2887 2961 123581 123655

>ENSUAMT00000035326
0 43 2131 2174
43 176 3422 3555
176 349 7030 7203
349 445 8897 8993
445 652 11446 11653
652 752 16291 16391
752 934 16545 16727
934 1059 21198 21323
1059 1177 21983 22101
1177 1328 28628 28779
1328 1456 31857 31985
1456 1632 32294 32470
1632 1753 50905 51026
1753 1912 76566 76725
1912 2062 88114 88264
2062 2133 96915 96986
2133 2368 102353 102588
2368 2539 105038 105209
2539 2652 113613 113726
2652 2809 118362 118519
2809 2913 121390 121494

>ENSAMET00000011459
0 61 0 61
61 94 1665 1698
94 227 11015 11148
227 400 14656 14829
400 496 20534 20630
496 703 23074 23281
703 803 26619 26719
803 985 26873 27055
985 1110 31926 32051
1110 1228 32715 32833
1228 1379 39443 39594
1379 1507 42431 42559
1507 1683 42872 43048
1683 1804 64743 64864
1804 1963 89949 90108
1963 2113 101422 101572
2113 2184 111781 111852
2184 2419 116586 116821
2419 2523 119293 119397
2523 2710 126816 127003
2710 2823 129423 129536
2823 2980 130531 130688
2980 3048 157817 157885

>ENSNVIT00000011838
0 61 0 61
61 94 1583 1616
94 227 11139 11272
227 400 15068 15241
400 496 17510 17606
496 703 20086 20293
703 803 23465 23565
803 985 23719 23901
985 1110 28618 28743
1110 1228 29406 29524
1228 1379 36199 36350
1379 1507 40541 40669
1507 1683 40981 41157
1683 1804 60199 60320
1804 1963 85774 85933
1963 2113 98193 98343
2113 2184 107914 107985
2184 2419 113046 113281
2419 2523 116184 116288
2523 2710 123182 123369
2710 2823 125812 125925
2823 2980 126723 126880
2980 3057 162451 162528

>ENSNVIT00000011862
0 61 0 61
61 194 11139 11272
194 367 15068 15241
367 463 17510 17606
463 670 20086 20293
670 770 23465 23565
770 952 23719 23901
952 1077 28618 28743
1077 1195 29406 29524
1195 1346 36199 36350
1346 1474 40541 40669
1474 1650 40981 41157
1650 1771 60199 60320
1771 1930 85774 85933
1930 2080 98193 98343
2080 2151 107914 107985
2151 2386 113046 113281
2386 2490 116184 116288
2490 2677 123182 123369
2677 2790 125812 125925
2790 2947 126723 126880
2947 3024 162451 162528

>ENSNVIT00000011879
0 61 0 61
61 94 1583 1616
94 227 11139 11272
227 400 15068 15241
400 496 17510 17606
496 703 20086 20293
703 803 23465 23565
803 985 23719 23901
985 1110 28618 28743
1110 1228 29406 29524
1228 1379 36199 36350
1379 1507 40541 40669
1507 1683 40981 41157
1683 1804 60199 60320
1804 1884 77233 77313

