>ENSPTRT00000045974
0 138 186 324
138 361 6799 7022
361 431 10273 10343
431 603 11697 11869
603 1206 23192 23795

>ENSPPAT00000032519
0 138 120 258
138 361 6717 6940
361 431 10170 10240
431 603 11594 11766
603 1206 23073 23676

>ENSGGOT00000008952
0 138 118 256
138 361 6901 7124
361 431 10382 10452
431 603 11798 11970
603 1206 23278 23881

>ENST00000356517
0 138 120 258
138 361 6730 6953
361 431 10177 10247
431 603 11593 11765
603 1206 23076 23679

>ENSPPYT00000016528
0 138 120 258
138 304 8817 8983
304 361 8984 9041
361 431 12260 12330
431 603 13679 13851
603 1206 25148 25751

>ENSNLET00000004485
0 138 120 258
138 361 9430 9653
361 431 12879 12949
431 603 14299 14471
603 1206 25926 26529

>ENSTGET00000008263
0 138 0 138
138 361 8860 9083
361 431 12053 12123
431 603 13481 13653
603 1206 25672 26275

>ENSPANT00000011552
0 138 117 255
138 361 8951 9174
361 431 12153 12223
431 603 13599 13771
603 1206 26048 26651

>ENSCATT00000050469
0 138 120 258
138 361 8940 9163
361 431 12031 12101
431 603 13457 13629
603 1206 31923 32526

>ENSMMUT00000026395
0 138 0 138
138 361 9124 9347
361 431 12329 12399
431 603 13755 13927
603 1206 26499 27102

>ENSMFAT00000009491
0 138 120 258
138 361 9379 9602
361 431 12585 12655
431 603 14011 14183
603 1206 26789 27392

>ENSMNET00000044930
0 138 120 258
138 361 8977 9200
361 431 12178 12248
431 603 13602 13774
603 1206 26004 26607

>ENSMLET00000047381
0 138 120 258
138 361 8964 9187
361 431 12169 12239
431 603 13605 13777
603 1206 26019 26622

>ENSCSAT00000010002
0 138 0 138
138 361 8873 9096
361 431 12075 12145
431 603 13530 13702
603 1206 25059 25662

