>ENSEBUT00000001290
0 112 0 112
112 171 4963 5022
171 225 5355 5409
225 331 5638 5744
331 443 5879 5991
443 537 6486 6580
537 604 28066 28133
604 669 29059 29124

>ENSEBUT00000001308
0 70 716 786
70 129 4963 5022
129 183 5355 5409
183 289 5638 5744
289 401 5879 5991
401 495 6486 6580
495 562 28066 28133
562 627 29059 29124

>ENSEBUT00000001318
0 70 716 786
70 129 4963 5022
129 183 5355 5409
183 289 5638 5744
289 401 5879 5991
401 495 6486 6580
495 537 15952 15994

>ENSEBUT00000027532
0 70 734 804
70 129 29907 29966
129 183 30090 30144
183 289 37652 37758
289 401 42959 43071
401 495 43167 43261
495 562 52513 52580
562 630 54717 54785

>ENSEBUT00000027536
0 204 29940 30144
204 310 37652 37758
310 422 42959 43071
422 516 43167 43261
516 583 52513 52580
583 651 54717 54785

>ENSFHET00000015018
0 70 312 382
70 129 3987 4046
129 183 4129 4183
183 289 4727 4833
289 401 5044 5156
401 495 7440 7534
495 762 10074 10341

>ENSFHET00000015022
0 70 312 382
70 129 3987 4046
129 183 4129 4183
183 289 4727 4833
289 401 5044 5156
401 495 6059 6153
495 762 10074 10341

>ENSFHET00000015025
0 70 312 382
70 129 3987 4046
129 183 4129 4183
183 289 4727 4833
289 401 5044 5156
401 660 10074 10333

>ENSGWIT00000016850
0 70 868 938
70 129 3707 3766
129 183 3897 3951
183 289 4942 5048
289 401 5207 5319
401 495 6962 7056
495 654 7603 7762

>ENSGWIT00000016879
0 70 868 938
70 129 3707 3766
129 183 3897 3951
183 289 4942 5048
289 401 5207 5319
401 495 6007 6101
495 562 7603 7670
562 627 9182 9247

>ENSGWIT00000016881
0 70 868 938
70 129 3707 3766
129 183 3897 3951
183 250 7603 7670
250 315 9182 9247

>ENSGWIT00000016883
0 70 868 938
70 129 3707 3766
129 183 3897 3951
183 289 4942 5048
289 401 5207 5319
401 495 6007 6101
495 597 7603 7705
597 621 8054 8078

>ENSGWIT00000016893
0 70 868 938
70 129 3707 3766
129 183 3897 3951
183 289 4942 5048
289 401 5207 5319
401 506 6007 6112
506 579 6897 6970

>ENSGWIT00000016894
0 70 868 938
70 129 3707 3766
129 183 3897 3951
183 289 4942 5048
289 401 5207 5319
401 524 6007 6130
524 594 6191 6261

>ENSAPET00000008351
0 70 347 417
70 129 2981 3040
129 183 3150 3204
183 289 3867 3973
289 401 4612 4724
401 585 6010 6194

>ENSAPET00000008365
0 70 347 417
70 129 2981 3040
129 183 3150 3204
183 289 3867 3973
289 401 4612 4724
401 495 6010 6104
495 562 6792 6859
562 627 7492 7557

>ENSAPOT00000021872
0 70 358 428
70 129 3096 3155
129 183 3264 3318
183 289 3967 4073
289 401 4928 5040
401 495 7006 7100
495 562 7803 7870
562 627 9210 9275

>ENSAPOT00000032512
0 70 358 428
70 129 3096 3155
129 183 3264 3318
183 289 3967 4073
289 401 4928 5040
401 495 5301 5395
495 562 7803 7870
562 627 9210 9275

>ENSPNAT00000031104
0 70 660 730
70 129 7163 7222
129 183 7342 7396
183 289 10726 10832
289 401 12783 12895
401 495 16270 16364
495 666 20240 20411

>ENSPNAT00000031135
0 70 660 730
70 129 7163 7222
129 183 7342 7396
183 289 11009 11115
289 401 12783 12895
401 495 14369 14463
495 666 20240 20411

>ENSPNAT00000031139
0 70 660 730
70 129 7163 7222
129 183 7342 7396
183 289 10726 10832
289 401 12783 12895
401 495 14369 14463
495 666 20240 20411

>ENSPNAT00000031173
0 70 660 730
70 129 7163 7222
129 183 7342 7396
183 289 10726 10832
289 401 12783 12895
401 495 16270 16364
495 562 20240 20307
562 627 20431 20496

>ENSCHAT00000050504
0 70 0 70
70 129 2473 2532
129 183 2721 2775
183 289 3335 3441
289 401 4062 4174
401 589 4752 4940
589 654 5322 5387

>ENSCHAT00000050519
0 70 0 70
70 129 2473 2532
129 183 2721 2775
183 289 3335 3441
289 401 4062 4174
401 1020 4354 4973

