>ENSPKIT00000014358
0 22 442 464
22 241 2660 2879
241 367 12492 12618
367 397 15369 15399
397 424 17112 17139
424 490 24810 24876
490 631 25548 25689
631 667 30022 30058
667 766 30254 30353
766 806 33494 33534
806 924 34273 34391

>ENSPKIT00000014388
0 22 442 464
22 241 2660 2879
241 367 12492 12618
367 397 15369 15399
397 424 17112 17139
424 490 24810 24876
490 631 25548 25689
631 667 30022 30058
667 954 30254 30541

>ENSPKIT00000014424
0 22 442 464
22 241 2660 2879
241 367 12492 12618
367 397 15369 15399
397 609 24810 25022

>ENSPKIT00000014436
0 22 442 464
22 241 2660 2879
241 367 12492 12618
367 579 24810 25022

>ENSPKIT00000014453
0 22 442 464
22 241 2660 2879
241 387 12492 12638
387 444 14824 14881

>ENSPKIT00000014481
0 307 2572 2879
307 406 4460 4559
406 564 12492 12650

>ENSPKIT00000014487
0 307 2572 2879
307 361 9211 9265
361 519 12492 12650

