>ENSCSAVT00000015358
0 3 35 38
3 183 522 702
183 284 1223 1324
284 685 2071 2472
685 846 3130 3291
846 1030 3670 3854
1030 1053 4657 4680

>ENSCINT00000031843
0 87 74 161
87 188 602 703
188 640 929 1381
640 801 1755 1916
801 976 2432 2607
976 1293 2947 3264

>Y110A7A.5.1
0 40 58 98
40 112 166 238
112 219 281 388
219 438 443 662
438 609 1002 1173
609 791 1218 1400
791 1276 1568 2053
1276 1479 2491 2694
1479 1564 2742 2827
1564 1668 2876 2980
1668 1767 3031 3130

>ENSCINT00000015031
0 36 189 225
36 228 1202 1394
228 456 1899 2127
456 621 2444 2609
621 726 2877 2982
726 885 3397 3556
885 1077 4901 5093
1077 1236 5262 5421
1236 1377 5624 5765
1377 1491 5837 5951
1491 1671 6139 6319
1671 1830 6397 6556

>FBtr0079223
0 1534 204 1738
1534 1857 1793 2116

>FBtr0345290
0 1534 204 1738
1534 1857 1793 2116

