>FBtr0340572
0 1330 60 1390
1330 1773 1450 1893
1773 2105 1950 2282
2105 2631 2394 2920
2631 2892 2978 3239
2892 3042 3294 3444
3042 3174 3498 3630

>FBtr0080267
0 1330 60 1390
1330 1773 1450 1893
1773 2105 1950 2282
2105 2631 2394 2920
2631 2892 2978 3239
2892 3042 3294 3444
3042 3174 3498 3630

>FBtr0340571
0 1330 60 1390
1330 1773 1450 1893
1773 2105 1950 2282
2105 2112 2389 2396

>FBtr0077954
0 1195 161 1356
1195 1656 1423 1884
1656 1851 1940 2135
1851 1985 2724 2858
1985 2499 2914 3428
2499 2916 3488 3905
2916 3051 3966 4101

