>ENSPTRT00000019036
0 12 217 229
12 193 9256 9437
193 276 17696 17779
276 420 49389 49533
420 546 52985 53111
546 1110 57394 57958
1110 1198 63941 64029
1198 1307 65468 65577
1307 1407 67943 68043
1407 1479 68184 68256
1479 1551 68574 68646
1551 1680 68812 68941

>ENST00000252674
0 12 191 203
12 193 9216 9397
193 276 17665 17748
276 420 49262 49406
420 546 52873 52999
546 1110 57291 57855
1110 1198 61934 62022
1198 1307 63462 63571
1307 1407 65937 66037
1407 1479 66178 66250
1479 1551 66567 66639
1551 1680 66805 66934

