>FBtr0114590
0 71 3168 3239
71 182 4253 4364
182 939 4712 5469
939 1326 5526 5913
1326 1984 6631 7289
1984 2307 8177 8500

>FBtr0082183
0 71 3168 3239
71 182 4253 4364
182 939 4712 5469
939 1182 5526 5769
1182 1840 6631 7289
1840 2163 8177 8500

>FBtr0337020
0 71 3168 3239
71 182 4253 4364
182 939 4712 5469
939 1182 5526 5769
1182 1840 6631 7289
1840 1885 7410 7455
1885 2208 8177 8500

>FBtr0306023
0 71 3168 3239
71 182 4253 4364
182 939 4712 5469
939 1326 5526 5913
1326 1984 6631 7289
1984 2029 7410 7455
2029 2352 8177 8500

>FBtr0075618
0 71 45 116
71 182 175 286
182 726 353 897
726 1605 948 1827

>FBtr0113172
0 71 31 102
71 182 168 279
182 930 327 1075
930 1122 1168 1360
1122 1336 1416 1630
1336 1578 1690 1932

>ZK688.2.1
0 179 2 181
179 314 540 675
314 804 1108 1598
804 1097 1649 1942
1097 1208 1992 2103
1208 1304 2153 2249
1304 1796 2293 2785
1796 1899 3100 3203

