>ENSEBUT00000007323
0 104 28462 28566
104 1045 30216 31157
1045 1178 39537 39670
1178 2172 39901 40895

>ENSPVAT00000024142
0 478 0 478
478 586 1872 1980
586 1376 2078 2868
1376 1428 3637 3689
1428 1932 3690 4194
1932 2015 4195 4278
2015 2022 4280 4287
2022 2103 4289 4370
2103 2109 4372 4378
2109 2118 4379 4388
2118 2175 4391 4448

>ENSDORT00000011628
0 577 0 577
577 842 4504 4769
842 1177 4805 5140
1177 1310 5983 6116
1310 2100 6220 7010

>ENSLAFT00000028210
0 463 0 463
463 571 1680 1788
571 1056 1891 2376
1056 1221 2378 2543
1221 1260 2544 2583
1260 1338 2584 2662
1338 1852 4186 4700
1852 1985 5372 5505
1985 2775 5607 6397

>ENSLAFT00000031685
0 463 0 463
463 571 1680 1788
571 1059 1891 2379
1059 1221 2381 2543
1221 1260 2544 2583
1260 1318 2587 2645
1318 1343 3014 3039
1343 1849 4194 4700
1849 1982 5372 5505
1982 2772 5607 6397

>ENSMSIT00000036542
0 463 0 463
463 571 1775 1883
571 1358 1976 2763
1358 1855 4056 4553
1855 1988 5232 5365
1988 2781 5460 6253

