>FBtr0086011
0 679 45527 46206
679 1194 74016 74531
1194 1338 74934 75078
1338 1491 75138 75291
1491 2634 75354 76497

>FBtr0086010
0 425 16594 17019
425 592 17091 17258
592 1107 74016 74531
1107 1251 74934 75078
1251 1404 75138 75291
1404 2547 75354 76497

>FBtr0086009
0 425 16594 17019
425 592 17091 17258
592 1107 74016 74531
1107 1251 74934 75078
1251 1404 75138 75291
1404 2547 75354 76497

>FBtr0302439
0 679 45527 46206
679 1194 74016 74531
1194 1338 74934 75078
1338 1491 75138 75291
1491 2634 75354 76497

>FBtr0086008
0 425 16594 17019
425 592 17091 17258
592 1107 74016 74531
1107 1251 74934 75078
1251 1404 75138 75291
1404 2547 75354 76497

>FBtr0086012
0 52 37970 38022
52 567 74016 74531
567 711 74934 75078
711 864 75138 75291
864 2007 75354 76497

