>ENSVURT00010003507
0 208 0 208
208 349 11095 11236
349 484 12695 12830
484 556 14904 14976
556 567 15787 15798

>ENSVURT00010003511
0 208 0 208
208 349 11095 11236
349 421 14904 14976
421 432 15787 15798

>ENSVURT00010003518
0 208 0 208
208 343 12695 12830
343 415 14904 14976
415 426 15787 15798

>ENSPCIT00000057904
0 208 535 743
208 349 12132 12273
349 484 13584 13719
484 556 15789 15861
556 567 16711 16722

>ENSPCIT00000040589
0 208 535 743
208 349 12132 12273
349 421 15789 15861
421 432 16711 16722

>ENSPCIT00000054663
0 208 535 743
208 343 13584 13719
343 415 15789 15861
415 426 16711 16722

>ENSMODT00000031065
0 205 814 1019
205 346 10739 10880
346 481 12242 12377
481 553 14228 14300
553 564 15166 15177

>ENSMODT00000059925
0 205 814 1019
205 346 10739 10880
346 418 14228 14300
418 429 15166 15177

>ENSMODT00000078671
0 205 814 1019
205 346 10739 10880
346 591 12242 12487

>ENSMODT00000078995
0 205 814 1019
205 340 12242 12377
340 412 14228 14300
412 423 15166 15177

>ENSMODT00000037358
0 35 0 35
35 384 168 517

