>ENSLAFT00000007186
0 471 0 471
471 735 519 783
735 860 1805 1930
860 934 3642 3716
934 4222 3974 7262
4222 4761 7316 7855

>ENSPCAT00000005657
0 783 0 783
783 908 1814 1939
908 982 3778 3852
982 1869 4014 4901
1869 3516 4902 6549
3516 3522 6550 6556
3522 3667 6561 6706
3667 3840 6724 6897
3840 3846 6899 6905
3846 3858 6907 6919
3858 3866 6921 6929
3866 3898 7180 7212
3898 4026 7213 7341
4026 4062 7342 7378
4062 4528 7380 7846
4528 4535 7848 7855
4535 4812 7859 8136

>ENSETET00000019854
0 773 0 773
773 783 774 784
783 908 1765 1890
908 982 3440 3514
982 2190 3738 4946
2190 2193 4947 4950
2193 2523 4952 5282
2523 2540 5284 5301
2540 3069 5333 5862
3069 3178 5863 5972
3178 3420 5973 6215
3420 3423 6216 6219
3423 3574 6227 6378
3574 4746 6399 7571

>ENSDNOT00000033351
0 783 0 783
783 908 1848 1973
908 982 3732 3806
982 4833 4063 7914
4833 4878 7967 8012

