>ENSAHAT00000021595
0 84 1848 1932
84 198 2790 2904
198 315 5422 5539
315 452 15352 15489
452 572 22137 22257
572 756 23334 23518
756 807 57550 57601

>ENSAHAT00000021596
0 84 1848 1932
84 198 2790 2904
198 315 5422 5539
315 452 15352 15489
452 572 22137 22257
572 756 23334 23518
756 807 57550 57601

>ENSAHAT00000021600
0 84 1848 1932
84 198 2790 2904
198 315 5422 5539
315 452 15352 15489
452 572 22137 22257
572 756 23334 23518
756 786 41275 41305

>ENSAHAT00000021603
0 84 1848 1932
84 198 2790 2904
198 315 5422 5539
315 354 8634 8673

>ENSARWT00000003104
0 84 1969 2053
84 198 2911 3025
198 315 5545 5662
315 452 15407 15544
452 572 22017 22137
572 756 23213 23397
756 786 41166 41196

>ENSARWT00000003105
0 84 1969 2053
84 198 2911 3025
198 315 5545 5662
315 452 15407 15544
452 572 22017 22137
572 756 23213 23397
756 783 34694 34721

>ENSAOWT00000002691
0 84 1842 1926
84 198 2784 2898
198 315 5416 5533
315 452 15303 15440
452 572 22087 22207
572 756 23283 23467
756 807 57501 57552

>ENSAOWT00000002694
0 84 1842 1926
84 198 2784 2898
198 315 5416 5533
315 452 15303 15440
452 572 22087 22207
572 756 23283 23467
756 786 41226 41256

>ENSAOWT00000002699
0 84 1842 1926
84 198 2784 2898
198 315 5416 5533
315 452 15303 15440
452 572 22087 22207
572 756 23283 23467
756 870 24676 24790

