>ENSDCDT00000002267
0 58 8212 8270
58 301 8764 9007
301 392 9110 9201
392 505 9304 9417
505 621 9761 9877
621 701 10265 10345
701 756 10441 10496
756 873 10613 10730
873 940 11053 11120
940 1032 11190 11282
1032 1170 11729 11867
1170 1278 12246 12354
1278 1368 12439 12529
1368 1542 12625 12799

>ENSDCDT00000002380
0 209 8992 9201
209 322 9304 9417
322 438 9761 9877
438 518 10265 10345
518 573 10441 10496
573 690 10613 10730
690 757 11053 11120
757 834 11190 11267
834 984 11717 11867
984 1092 12246 12354
1092 1182 12439 12529
1182 1356 12625 12799

>ENSDCDT00000002384
0 26 7957 7983
26 304 8729 9007
304 395 9110 9201
395 508 9304 9417
508 624 9761 9877
624 704 10265 10345
704 759 10441 10496
759 876 10613 10730
876 943 11053 11120
943 1020 11190 11267
1020 1170 11717 11867
1170 1278 12246 12354
1278 1368 12439 12529
1368 1542 12625 12799

>ENSDCDT00000002393
0 4 8343 8347
4 247 8764 9007
247 338 9110 9201
338 451 9304 9417
451 567 9761 9877
567 647 10265 10345
647 702 10441 10496
702 819 10613 10730
819 886 11053 11120
886 978 11190 11282
978 1116 11729 11867
1116 1224 12246 12354
1224 1314 12439 12529
1314 1488 12625 12799

>ENSDCDT00000002420
0 26 8343 8369
26 247 8786 9007
247 338 9110 9201
338 451 9304 9417
451 567 9761 9877
567 647 10265 10345
647 702 10441 10496
702 809 10613 10720
809 903 11188 11282
903 1041 11729 11867
1041 1149 12246 12354
1149 1239 12439 12529
1239 1413 12625 12799

>ENSEEET00000000368
0 131 277 408
131 337 897 1103
337 428 1232 1323
428 541 1445 1558
541 657 2159 2275
657 700 2380 2423
700 720 2465 2485
720 864 3201 3345
864 929 3440 3505
929 1008 4144 4223
1008 1224 4338 4554
1224 1261 5668 5705
1261 1515 6109 6363

>ENSEEET00000000392
0 80 560 640
80 152 688 760
152 358 897 1103
358 449 1232 1323
449 562 1445 1558
562 678 2159 2275
678 758 2380 2460
758 813 2544 2599
813 930 3228 3345
930 995 3440 3505
995 1074 4144 4223
1074 1224 4338 4488
1224 1332 5432 5540
1332 1422 5668 5758
1422 1629 6156 6363

>ENSEEET00000000400
0 10 560 570
10 253 860 1103
253 344 1232 1323
344 457 1445 1558
457 573 2159 2275
573 653 2380 2460
653 708 2544 2599
708 825 3228 3345
825 890 3440 3505
890 969 4144 4223
969 1124 4338 4493
1124 1246 5583 5705
1246 1500 6109 6363

>ENSEEET00000000421
0 48 560 608
48 238 913 1103
238 329 1232 1323
329 442 1445 1558
442 558 2159 2275
558 638 2380 2460
638 693 2544 2599
693 810 3228 3345
810 875 3440 3505
875 954 4144 4223
954 1143 4338 4527
1143 1211 5483 5551
1211 1467 6107 6363

>ENSEEET00000000434
0 268 835 1103
268 359 1232 1323
359 472 1445 1558
472 588 2159 2275
588 631 2380 2423
631 651 2465 2485
651 795 3201 3345
795 860 3440 3505
860 939 4144 4223
939 1135 4338 4534
1135 1437 6061 6363

>ENSIPUT00000003272
0 79 0 79
79 195 190 306
195 275 2713 2793
275 330 2887 2942
330 447 3222 3339
447 512 3440 3505
512 591 5352 5431
591 741 5510 5660
741 849 8256 8364
849 939 9767 9857
939 1113 10704 10878

>ENSAMXT00000054858
0 127 10438 10565
127 370 15075 15318
370 461 16365 16456
461 574 16630 16743
574 690 18801 18917
690 770 19135 19215
770 825 19338 19393
825 942 20929 21046
942 1007 21771 21836
1007 1086 24215 24294
1086 1236 24419 24569
1236 1344 28689 28797
1344 1434 31720 31810
1434 1608 32727 32901

>ENSAMXT00000033065
0 127 8721 8848
127 370 15075 15318
370 461 16365 16456
461 574 16630 16743
574 690 18801 18917
690 770 19135 19215
770 825 19338 19393
825 942 20929 21046
942 1007 21771 21836
1007 1086 24215 24294
1086 1236 24419 24569
1236 1344 28689 28797
1344 1434 31720 31810
1434 1608 32727 32901

>ENSAMXT00000049370
0 238 10327 10565
238 481 15075 15318
481 572 16365 16456
572 685 16630 16743
685 801 18801 18917
801 881 19135 19215
881 936 19338 19393
936 1053 20929 21046
1053 1118 21771 21836
1118 1197 24215 24294
1197 1347 24419 24569
1347 1455 28689 28797
1455 1545 31720 31810
1545 1719 32727 32901

