>ENSVURT00010020171
0 245 29 274
245 1350 22317 23422
1350 1437 25687 25774
1437 1485 26711 26759
1485 1555 28621 28691
1555 1644 28971 29060
1644 1728 30390 30474

>ENSPCIT00000008995
0 344 0 344
344 1437 21205 22298
1437 1524 24106 24193
1524 1572 25142 25190
1572 1642 27720 27790
1642 1731 28070 28159
1731 1815 29469 29553

>ENSPCIT00000066830
0 344 0 344
344 1437 21205 22298
1437 1701 24106 24370

>ENSSHAT00000004382
0 245 0 245
245 1326 17994 19075
1326 1413 20811 20898
1413 1461 21806 21854
1461 1534 23876 23949
1534 1623 24216 24305
1623 1707 25546 25630

>ENSMODT00000018856
0 245 0 245
245 1311 12860 13926
1311 1398 15617 15704
1398 1446 16432 16480
1446 1516 18615 18685
1516 1605 18917 19006
1605 1677 20599 20671

>ENSEEUT00000010154
0 245 0 245
245 270 7618 7643
270 312 7645 7687
312 570 7689 7947
570 581 7949 7960
581 1338 7961 8718
1338 1425 8838 8925
1425 1473 9120 9168
1473 1543 9898 9968
1543 1632 61493 61582
1632 1653 68105 68126
1653 1713 68131 68191

>ENSSART00000000415
0 245 0 245
245 535 21501 21791
535 1314 21845 22624
1314 1335 22741 22762
1335 1401 22789 22855
1401 1449 23538 23586
1449 1519 26035 26105
1519 1608 29806 29895
1608 1689 32212 32293

