>ENSSHAT00000007634
0 262 210 472
262 356 12606 12700
356 444 13841 13929
444 502 18195 18253
502 637 19238 19373
637 757 20871 20991
757 816 45436 45495
816 900 58290 58374
900 1026 60769 60895
1026 1126 64089 64189
1126 1257 85875 86006
1257 1341 87255 87339
1341 1458 95120 95237

>ENSMODT00000041963
0 124 0 124
124 218 40077 40171
218 294 55957 56033
294 358 60488 60552
358 496 65974 66112
496 616 68409 68529
616 675 72145 72204
675 759 86361 86445
759 885 88133 88259
885 985 94199 94299
985 1116 122018 122149
1116 1216 131246 131346
1216 1308 143837 143929
1308 1396 153476 153564
1396 1497 184227 184328

>ENSMODT00000081845
0 124 0 124
124 218 40077 40171
218 294 55957 56033
294 358 60488 60552
358 496 65974 66112
496 616 68409 68529
616 675 72145 72204
675 759 86361 86445
759 885 88133 88259
885 985 94199 94299
985 1116 122018 122149
1116 1216 131246 131346
1216 1308 143837 143929
1308 1396 153476 153564
1396 1452 172845 172901

>ENSMODT00000062926
0 124 0 124
124 218 40077 40171
218 294 55957 56033
294 358 60488 60552
358 496 65974 66112
496 616 68409 68529
616 675 72145 72204
675 759 86361 86445
759 885 88133 88259
885 985 94199 94299
985 1116 122018 122149
1116 1216 131246 131346
1216 1308 143837 143929
1308 1396 153476 153564
1396 1419 178935 178958

>ENSMODT00000011853
0 15 62 77
15 129 587 701
129 242 1335 1448
242 462 2043 2263
462 556 5427 5521
556 622 5799 5865
622 722 6041 6141
722 813 6223 6314
813 887 6391 6465
887 1083 6652 6848
1083 1170 7012 7099
1170 1353 7181 7364

>ENSPTRT00000107020
0 106 942 1048
106 200 1197 1291
200 288 1689 1777
288 349 3743 3804
349 478 12777 12906
478 598 24179 24299
598 638 29218 29258
638 703 34218 34283
703 774 69400 69471
774 855 98493 98574
855 975 101940 102060
975 1099 133812 133936
1099 1122 145758 145781

>ENSPTRT00000103593
0 106 942 1048
106 200 1197 1291
200 288 1689 1777
288 349 3743 3804
349 478 12777 12906
478 598 24179 24299
598 638 29218 29258
638 703 34218 34283
703 774 69400 69471
774 855 98493 98574
855 979 133812 133936
979 1002 145758 145781

>ENSPPAT00000015700
0 106 297 403
106 200 552 646
200 288 1044 1132
288 349 3096 3157
349 478 12096 12225
478 598 23479 23599
598 638 28477 28517
638 703 33617 33682
703 774 66486 66557
774 855 90427 90508
855 975 93874 93994
975 1099 126785 126909
1099 1122 138706 138729

>ENSPPAT00000015714
0 106 297 403
106 200 552 646
200 288 1044 1132
288 349 3096 3157
349 478 12096 12225
478 598 23479 23599
598 638 28477 28517
638 703 33617 33682
703 774 66486 66557
774 855 90427 90508
855 978 126785 126908

>ENSGGOT00000065765
0 106 193 299
106 200 448 542
200 288 945 1033
288 349 3005 3066
349 478 13351 13480
478 598 24722 24842
598 638 29755 29795
638 703 34809 34874
703 774 67843 67914
774 855 92567 92648
855 975 96017 96137
975 1099 132757 132881
1099 1122 144377 144400

>ENSGGOT00000064764
0 106 193 299
106 200 448 542
200 288 945 1033
288 349 3005 3066
349 478 13351 13480
478 598 24722 24842
598 638 29755 29795
638 703 34809 34874
703 774 67843 67914
774 855 92567 92648
855 979 132757 132881
979 1002 144377 144400

>ENST00000442687
0 106 193 299
106 200 449 543
200 288 946 1034
288 349 3003 3064
349 478 12057 12186
478 598 23757 23877
598 638 28773 28813
638 703 33819 33884
703 774 66650 66721
774 855 90864 90945
855 975 94315 94435
975 1099 126835 126959
1099 1122 138440 138463

