>ENSCHAT00000025050
0 69 22518 22587
69 166 30178 30275
166 394 30389 30617
394 612 35047 35265
612 816 46553 46757

>ENSCHAT00000025063
0 64 62 126
64 292 30389 30617
292 510 35047 35265
510 638 35356 35484
638 786 35637 35785

>ENSCHAT00000025075
0 69 22518 22587
69 166 30178 30275
166 394 30389 30617
394 612 35047 35265
612 740 35356 35484
740 888 35637 35785

>ENSCHAT00000025851
0 64 71 135
64 292 246 474
292 513 983 1204
513 717 1289 1493

>ENSCHAT00000025863
0 64 71 135
64 292 246 474
292 513 983 1204
513 641 1289 1417
641 786 1569 1714

>ENSLCRT00005045558
0 55 142 197
55 292 330 567
292 513 673 894
513 641 1005 1133
641 783 1288 1430

>ENSLCRT00005045537
0 55 359 414
55 292 538 775
292 513 865 1086
513 638 1199 1324
638 753 9985 10100

>ENSLCRT00005045538
0 55 359 414
55 292 538 775
292 513 865 1086
513 638 1199 1324
638 780 1612 1754

