>ENSETET00000002277
0 49 0 49
49 117 751 819
117 147 820 850
147 204 851 908
204 330 1416 1542
330 465 1897 2032
465 574 3659 3768
574 694 19383 19503
694 814 19636 19756
814 933 20269 20388
933 1063 39045 39175
1063 1172 42547 42656
1172 1340 43445 43613
1340 1404 45504 45568

>ENSPCAT00000014991
0 49 0 49
49 204 858 1013
204 309 1514 1619
309 327 1621 1639
327 336 7811 7820
336 423 7823 7910
423 441 7914 7932
441 550 9497 9606
550 673 12085 12208
673 793 12313 12433
793 912 13022 13141
912 1042 14215 14345
1042 1044 16871 16873
1044 1047 16876 16879
1047 1145 16882 16980
1145 1218 17566 17639
1218 1305 17644 17731

>ENSDNOT00000008627
0 46 0 46
46 201 1132 1287
201 324 1833 1956
324 459 3899 4034
459 571 4774 4886
571 691 6505 6625
691 810 7342 7461
810 940 9903 10033
940 1095 30257 30412
1095 1221 30874 31000
1221 1356 32695 32830
1356 1465 34139 34248
1465 1585 35679 35799
1585 1705 35897 36017
1705 1824 37480 37599
1824 1954 38501 38631
1954 2063 40513 40622
2063 2229 41222 41388

