>Y116A8C.24a.1
0 33 38 71
33 362 225 554
362 546 650 834
546 753 880 1087
753 1359 1133 1739
1359 1452 1793 1886
1452 1566 1929 2043

>Y116A8C.24b.1
0 33 38 71
33 362 225 554
362 546 650 834
546 753 880 1087
753 1359 1133 1739
1359 1452 1793 1886
1452 1587 1936 2071

>Y116A8C.38.1
0 33 39 72
33 362 226 555
362 546 651 835
546 753 881 1088
753 1359 1134 1740
1359 1452 1794 1887
1452 1587 1937 2072

>K07F5.4.1
0 119 108 227
119 657 278 816
657 792 950 1085
792 968 1129 1305
968 1329 1349 1710
1329 1551 1754 1976

>FBtr0333296
0 196 1610 1806
196 384 3473 3661
384 481 20671 20768
481 818 20879 21216
818 1097 21278 21557
1097 1275 21613 21791
1275 1479 21966 22170
1479 1854 24836 25211
1854 2068 25278 25492
2068 2155 25563 25650
2155 2284 25719 25848
2284 2467 25908 26091
2467 2616 26154 26303

>FBtr0082052
0 196 1610 1806
196 384 3473 3661
384 481 20671 20768
481 818 20879 21216
818 1097 21278 21557
1097 1275 21613 21791
1275 2838 21969 23532
2838 3213 24836 25211
3213 3427 25278 25492
3427 3514 25563 25650
3514 3643 25719 25848
3643 3826 25908 26091
3826 3975 26154 26303

>FBtr0082053
0 110 21447 21557
110 288 21613 21791
288 663 24836 25211
663 877 25278 25492
877 964 25563 25650
964 1093 25719 25848
1093 1276 25908 26091
1276 1425 26154 26303

>FBtr0333295
0 196 1610 1806
196 384 3473 3661
384 481 20671 20768
481 818 20879 21216
818 1097 21278 21557
1097 1275 21613 21791
1275 1476 21969 22170
1476 1851 24836 25211
1851 2065 25278 25492
2065 2152 25563 25650
2152 2281 25719 25848
2281 2464 25908 26091
2464 2613 26154 26303

>FBtr0082054
0 42 23490 23532
42 417 24836 25211
417 631 25278 25492
631 718 25563 25650
718 847 25719 25848
847 1030 25908 26091
1030 1179 26154 26303

>FBtr0082051
0 196 1610 1806
196 384 3473 3661
384 481 20671 20768
481 818 20879 21216
818 1097 21278 21557
1097 1275 21613 21791
1275 1650 24836 25211
1650 1864 25278 25492
1864 1951 25563 25650
1951 2080 25719 25848
2080 2263 25908 26091
2263 2412 26154 26303

