>Y45F10A.6a.1
0 47 7 54
47 295 1631 1879
295 391 1938 2034
391 478 3538 3625
478 612 3679 3813
612 758 4747 4893
758 902 4943 5087
902 1035 12925 13058
1035 1281 13121 13367
1281 2034 14185 14938
2034 2280 15860 16106
2280 2487 17119 17326
2487 2597 20796 20906
2597 3012 22017 22432
3012 3175 23040 23203
3175 3581 24289 24695
3581 3704 24737 24860
3704 3744 25701 25741

>Y45F10A.6b.1
0 47 7 54
47 295 1631 1879
295 391 1938 2034
391 478 3538 3625
478 612 3679 3813
612 758 4747 4893
758 902 4943 5087
902 1035 12925 13058
1035 1281 13121 13367
1281 2034 14185 14938
2034 2280 15860 16106
2280 2487 17119 17326
2487 2597 20796 20906
2597 3012 22017 22432
3012 3175 23040 23203
3175 3581 24289 24695
3581 3698 24743 24860
3698 3738 25701 25741

>Y45F10A.6c.1
0 47 7 54
47 295 1631 1879
295 391 1938 2034
391 478 3538 3625
478 612 3679 3813
612 758 4747 4893
758 902 4943 5087
902 1035 12925 13058
1035 1281 13121 13367
1281 2034 14185 14938
2034 2280 15860 16106
2280 2487 17119 17326
2487 2597 20796 20906
2597 3012 22017 22432
3012 3169 23040 23197
3169 3575 24289 24695
3575 3698 24737 24860
3698 3738 25701 25741

>Y45F10A.6d.1
0 45 3768 3813
45 191 4747 4893
191 335 4943 5087
335 468 12925 13058
468 714 13121 13367
714 1467 14185 14938
1467 1713 15860 16106
1713 1920 17119 17326
1920 2030 20796 20906
2030 2445 22017 22432
2445 2608 23040 23203
2608 3014 24289 24695
3014 3137 24737 24860
3137 3177 25701 25741

>Y45F10A.6e.1
0 45 3768 3813
45 191 4747 4893
191 335 4943 5087
335 468 12925 13058
468 714 13121 13367
714 1467 14185 14938
1467 1713 15860 16106
1713 1920 17119 17326
1920 2030 20796 20906
2030 2445 22017 22432
2445 2608 23040 23203
2608 3014 24289 24695
3014 3131 24743 24860
3131 3171 25701 25741

>Y45F10A.6f.1
0 45 3768 3813
45 191 4747 4893
191 335 4943 5087
335 468 12925 13058
468 714 13121 13367
714 1467 14185 14938
1467 1713 15860 16106
1713 1920 17119 17326
1920 2030 20796 20906
2030 2445 22017 22432
2445 2602 23040 23197
2602 3008 24289 24695
3008 3131 24737 24860
3131 3171 25701 25741

>Y45F10A.6g.1
0 47 7 54
47 295 1631 1879
295 391 1938 2034
391 478 3538 3625
478 612 3679 3813
612 758 4747 4893
758 902 4943 5087
902 1035 12925 13058
1035 1281 13121 13367
1281 2034 14185 14938
2034 2280 15860 16106
2280 2487 17119 17326
2487 2597 20796 20906
2597 3012 22017 22432
3012 3169 23040 23197
3169 3575 24289 24695
3575 3692 24743 24860
3692 3732 25701 25741

>FBtr0078404
0 44 97 141
44 211 619 786
211 470 1264 1523
470 1032 1580 2142
1032 1181 2201 2350
1181 2577 2425 3821
2577 2795 3885 4103
2795 3481 4161 4847
3481 3570 4904 4993
3570 3873 5058 5361

>FBtr0331797
0 44 97 141
44 211 619 786
211 470 1264 1523
470 1032 1580 2142
1032 1181 2201 2350
1181 2577 2425 3821
2577 2795 3885 4103
2795 3025 4161 4391
3025 3376 4496 4847
3376 3465 4904 4993
3465 3768 5058 5361

>YGR100W_mRNA
0 2853 0 2853

