>B0244.4a.1
0 96 0 96
96 230 387 521
230 391 1607 1768
391 522 1935 2066
522 616 2281 2375
616 708 2426 2518
708 841 2894 3027
841 917 3962 4038
917 930 4081 4094

>B0244.4b.1
0 96 0 96
96 230 387 521
230 391 1607 1768
391 522 1935 2066
522 616 2281 2375
616 708 2426 2518
708 841 2894 3027
841 929 3312 3400
929 1005 3962 4038
1005 1077 4081 4153

>B0244.4c.1
0 96 0 96
96 230 387 521
230 391 1607 1768
391 522 1935 2066
522 655 2894 3027
655 743 3312 3400
743 819 3962 4038
819 891 4081 4153

>B0244.5.1
0 96 9 105
96 230 319 453
230 391 543 704
391 522 861 992
522 616 1035 1129
616 708 1177 1269
708 841 1351 1484
841 929 1648 1736
929 1005 1975 2051
1005 1089 2096 2180

>B0244.15.1
0 418 0 418
418 643 561 786
643 953 877 1187
953 1155 1235 1437

>B0244.10a.1
0 96 0 96
96 230 216 350
230 403 539 712
403 534 815 946
534 628 991 1085
628 847 1212 1431
847 938 1603 1694
938 1014 1797 1873
1014 1107 2014 2107

>B0244.10b.1
0 96 0 96
96 230 216 350
230 294 815 879

>B0244.17.1
0 96 0 96
96 230 158 292
230 400 412 582
400 531 761 892
531 625 941 1035
625 717 1186 1278
717 844 1353 1480
844 929 1568 1653
929 1005 1699 1775
1005 1059 1824 1878

>B0244.16.1
0 102 0 102
102 409 273 580
409 540 895 1026
540 634 1135 1229
634 726 1278 1370
726 944 1413 1631
944 1083 1718 1857

>B0244.6.1
0 114 0 114
114 421 456 763
421 552 1187 1318
552 649 1367 1464
649 741 1509 1601
741 868 1719 1846
868 1032 2155 2319
1032 1125 2371 2464

>B0244.7.1
0 245 0 245
245 409 295 459
409 540 667 798
540 637 845 942
637 874 988 1225
874 956 1268 1350
956 1032 1492 1568
1032 1095 1614 1677

