>ENSAOWT00000021265
0 76 0 76
76 477 3513 3914
477 637 8714 8874
637 855 11196 11414
855 939 12670 12754
939 1071 13139 13271
1071 1196 17256 17381
1196 1343 18161 18308
1343 1485 20161 20303
1485 1593 23978 24086
1593 1739 27077 27223
1739 1803 27702 27766
1803 1906 28553 28656
1906 2040 35570 35704
2040 2164 36792 36916
2164 2245 37641 37722
2245 2409 39008 39172
2409 2536 39532 39659
2536 2666 40641 40771
2666 2871 41245 41450
2871 3048 41686 41863
3048 3205 43161 43318
3205 3315 43753 43863

>ENSARWT00000013686
0 76 0 76
76 477 3518 3919
477 637 8719 8879
637 855 11201 11419
855 939 12675 12759
939 1071 13143 13275
1071 1084 17215 17228
1084 1190 17261 17367
1190 1337 18127 18274
1337 1479 20127 20269
1479 1587 23944 24052
1587 1733 27043 27189
1733 1797 27669 27733
1797 1900 28520 28623
1900 2034 35530 35664
2034 2158 36774 36898
2158 2239 37623 37704
2239 2403 38991 39155
2403 2530 39531 39658
2530 2660 40642 40772
2660 2865 41246 41451
2865 3042 41687 41864
3042 3199 43143 43300
3199 3309 43734 43844

>ENSARWT00000013750
0 93 3379 3472
93 456 3556 3919
456 616 8719 8879
616 834 11201 11419
834 918 12675 12759
918 1050 13143 13275
1050 1057 17215 17222
1057 1163 17261 17367
1163 1310 18127 18274
1310 1452 20127 20269
1452 1560 23944 24052
1560 1706 27043 27189
1706 1770 27669 27733
1770 1873 28520 28623
1873 2007 35530 35664
2007 2131 36774 36898
2131 2212 37623 37704
2212 2376 38991 39155
2376 2503 39531 39658
2503 2633 40642 40772
2633 2838 41246 41451
2838 3015 41687 41864
3015 3172 43143 43300
3172 3282 43734 43844

>ENSAHAT00000016853
0 76 0 76
76 477 3523 3924
477 637 8724 8884
637 855 11206 11424
855 939 12680 12764
939 1085 13149 13295
1085 1129 15921 15965
1129 1235 17278 17384
1235 1382 18164 18311
1382 1524 20165 20307
1524 1632 23994 24102
1632 1778 27137 27283
1778 1842 27763 27827
1842 1945 28614 28717
1945 2079 35639 35773
2079 2203 36853 36977
2203 2284 37702 37783
2284 2448 39070 39234
2448 2575 39594 39721
2575 2705 40703 40833
2705 2910 41307 41512
2910 3087 41748 41925
3087 3244 43204 43361
3244 3354 43796 43906

>ENSAHAT00000016875
0 60 3384 3444
60 495 3489 3924
495 655 8724 8884
655 873 11206 11424
873 957 12680 12764
957 1089 13149 13281
1089 1214 17259 17384
1214 1361 18164 18311
1361 1503 20165 20307
1503 1611 23994 24102
1611 1757 27137 27283
1757 1821 27763 27827
1821 1924 28614 28717
1924 2058 35639 35773
2058 2182 36853 36977
2182 2263 37702 37783
2263 2427 39070 39234
2427 2554 39594 39721
2554 2684 40703 40833
2684 2889 41307 41512
2889 3066 41748 41925
3066 3223 43204 43361
3223 3333 43796 43906

>ENSDNVT00000028421
0 540 0 540
540 693 5337 5490
693 704 6044 6055
704 900 7827 8023
900 984 9287 9371
984 1130 9755 9901
1130 1174 13025 13069
1174 1280 14382 14488
1280 1427 15268 15415
1427 1569 17270 17412
1569 1677 21091 21199
1677 1823 24190 24336
1823 1887 24821 24885
1887 1990 25660 25763
1990 2124 32602 32736
2124 2248 33854 33978
2248 2329 34681 34762
2329 2497 36021 36189
2497 2608 36577 36688
2608 2738 37657 37787
2738 2943 38276 38481
2943 3120 38717 38894
3120 3277 40179 40336
3277 3387 40522 40632

>ENSDNVT00000028429
0 73 0 73
73 474 139 540
474 634 5337 5497
634 852 7805 8023
852 936 9287 9371
936 1082 9755 9901
1082 1126 13025 13069
1126 1232 14382 14488
1232 1379 15268 15415
1379 1521 17270 17412
1521 1629 21091 21199
1629 1775 24190 24336
1775 1839 24821 24885
1839 1942 25660 25763
1942 2076 32602 32736
2076 2200 33854 33978
2200 2281 34681 34762
2281 2445 36021 36185
2445 2572 36561 36688
2572 2702 37657 37787
2702 2907 38276 38481
2907 3084 38717 38894
3084 3241 40179 40336
3241 3351 40522 40632

>ENSDNVT00000028432
0 456 84 540
456 616 5337 5497
616 834 7805 8023
834 918 9287 9371
918 1064 9755 9901
1064 1108 13025 13069
1108 1214 14382 14488
1214 1361 15268 15415
1361 1503 17270 17412
1503 1611 21091 21199
1611 1757 24190 24336
1757 1821 24821 24885
1821 1924 25660 25763
1924 2058 32602 32736
2058 2182 33854 33978
2182 2263 34681 34762
2263 2427 36021 36185
2427 2554 36561 36688
2554 2684 37657 37787
2684 2889 38276 38481
2889 3066 38717 38894
3066 3223 40179 40336
3223 3240 40414 40431
3240 3348 40524 40632

