>F23H12.4a.1
0 162 27 189
162 854 291 983
854 906 1035 1087

>F23H12.4b.1
0 656 327 983
656 708 1035 1087

>Y41E3.2.1
0 81 32 113
81 818 293 1030
818 870 1088 1140

>F36A4.10.1
0 81 23 104
81 727 158 804
727 900 852 1025

>F36A4.6.1
0 27 48 75
27 90 626 689
90 171 1006 1087
171 915 1139 1883

>F41F3.4.1
0 81 49 130
81 204 183 306
204 933 369 1098

>Y38C1BA.3.1
0 79 3 82
79 159 936 1016
159 811 1198 1850
811 876 2531 2596

>F54B11.1.1
0 168 0 168
168 1020 321 1173

>F19C7.7.1
0 156 21 177
156 277 461 582
277 854 633 1210
854 915 1325 1386

