>FBtr0075377
0 1773 1441 3214
1773 2072 4791 5090
2072 2673 5155 5756

>FBtr0110866
0 1773 1441 3214
1773 2655 3602 4484
2655 2954 4791 5090
2954 3555 5155 5756

>FBtr0332310
0 213 78 291
213 364 343 494
364 537 558 731

>FBtr0332309
0 213 78 291
213 373 334 494
373 530 558 715
530 1082 794 1346
1082 1593 1468 1979

>FBtr0332308
0 213 78 291
213 364 343 494
364 521 558 715
521 1073 794 1346
1073 1584 1468 1979

>FBtr0347416
0 213 78 291
213 364 343 494
364 521 558 715
521 1073 794 1346
1073 1584 1468 1979

