>FBtr0078778
0 85 99 184
85 469 248 632
469 819 842 1192
819 2265 1250 2696
2265 2688 2763 3186
2688 2877 3300 3489

>C24G6.3.1
0 110 0 110
110 214 160 264
214 362 311 459
362 448 522 608
448 636 655 843
636 798 1185 1347
798 1015 1592 1809
1015 1162 1853 2000
1162 1371 2048 2257
1371 1564 2908 3101
1564 1779 3151 3366
1779 1956 4011 4188
1956 2078 4239 4361
2078 2415 4434 4771
2415 2583 5495 5663
2583 2747 5716 5880
2747 2769 5933 5955

>ENSPMAT00000005339
0 106 36 142
106 155 3132 3181
155 256 4742 4843
256 342 5360 5446
342 417 6432 6507
417 487 7115 7185
487 616 7923 8052
616 678 8993 9055
678 765 9337 9424
765 840 9892 9967
840 918 10119 10197
918 927 10935 10944

>ENSEBUT00000003924
0 114 62 176
114 192 2015 2093
192 331 3368 3507
331 486 3806 3961
486 571 4089 4174
571 694 9091 9214
694 773 11374 11453
773 871 15854 15952
871 982 16067 16178
982 1123 16655 16796
1123 1241 17523 17641
1241 1344 17879 17982
1344 1416 18816 18888
1416 1543 35873 36000
1543 1653 37974 38084
1653 1710 38258 38315
1710 1894 38404 38588
1894 1977 38836 38919
1977 2142 41818 41983
2142 2202 50301 50361
2202 2303 56846 56947
2303 2331 60040 60068

>ENSCHAT00000040353
0 127 0 127
127 176 653 702
176 277 894 995
277 363 1946 2032
363 438 2197 2272
438 508 2419 2489
508 637 3093 3222
637 699 3529 3591
699 786 3739 3826
786 861 3996 4071
861 939 6521 6599
939 1078 6784 6923
1078 1233 7281 7436
1233 1312 8381 8460
1312 1438 9817 9943
1438 1520 10985 11067
1520 1618 11526 11624
1618 1780 11797 11959
1780 1939 12604 12763
1939 2036 12948 13045
2036 2139 13405 13508
2139 2208 16800 16869
2208 2335 16952 17079
2335 2442 17233 17340
2442 2499 17537 17594
2499 2686 18296 18483
2686 2769 18647 18730
2769 2934 19251 19416
2934 2994 19547 19607
2994 3095 20555 20656
3095 3123 21881 21909

>ENSCHAT00000040395
0 88 39 127
88 137 653 702
137 238 894 995
238 324 1946 2032
324 414 2203 2293
414 541 3095 3222
541 603 3529 3591
603 690 3739 3826
690 765 3996 4071
765 843 6521 6599
843 982 6784 6923
982 1180 7281 7479
1180 1429 9817 10066
1429 1616 12604 12791
1616 1725 13405 13514
1725 1794 16800 16869
1794 1980 16952 17138
1980 2037 17537 17594
2037 2224 18296 18483
2224 2307 18647 18730
2307 2472 19251 19416
2472 2532 19547 19607
2532 2637 20555 20660

>ENSCHAT00000040423
0 88 39 127
88 137 653 702
137 238 894 995
238 324 1946 2032
324 414 2203 2293
414 541 3095 3222
541 603 3529 3591
603 690 3739 3826
690 765 3996 4071
765 843 6521 6599
843 982 6784 6923
982 1197 7281 7496
1197 1357 11799 11959
1357 1588 12604 12835
1588 1686 13431 13529
1686 1872 16952 17138
1872 1929 17537 17594
1929 2116 18296 18483
2116 2199 18647 18730
2199 2364 19251 19416
2364 2424 19547 19607
2424 2529 20555 20660

>ENSCHAT00000040449
0 19 2470 2489
19 148 3093 3222
148 210 3529 3591
210 297 3739 3826
297 372 3996 4071
372 450 6521 6599
450 589 6784 6923
589 744 7281 7436
744 1338 11245 11839
1338 1407 16800 16869
1407 1593 16952 17138
1593 1650 17537 17594
1650 1837 18296 18483
1837 1920 18647 18730
1920 2085 19251 19416
2085 2145 19547 19607
2145 2250 20555 20660

>ENSCHAT00000040464
0 88 39 127
88 137 653 702
137 238 894 995
238 324 1946 2032
324 345 2083 2104
345 414 2203 2272
414 484 2419 2489
484 613 3093 3222
613 675 3529 3591
675 762 3739 3826
762 888 3996 4122
888 1027 6784 6923
1027 1242 7281 7496
1242 1392 11799 11949
1392 1461 16800 16869
1461 1647 16952 17138
1647 1704 17537 17594
1704 1891 18296 18483
1891 1974 18647 18730
1974 2139 19251 19416
2139 2199 19547 19607
2199 2304 20555 20660

>ENSDCDT00000008094
0 127 23 150
127 176 487 536
176 277 1603 1704
277 363 1801 1887
363 438 1964 2039
438 508 2114 2184
508 637 2653 2782
637 699 2875 2937
699 786 3047 3134
786 861 3991 4066
861 939 4238 4316
939 1078 5171 5310
1078 1233 5983 6138
1233 1309 6679 6755
1309 1435 7284 7410
1435 1517 8055 8137
1517 1615 8213 8311
1615 1777 8392 8554
1777 1933 8891 9047
1933 2033 9537 9637
2033 2136 9896 9999
2136 2211 11843 11918
2211 2338 12010 12137
2338 2442 12551 12655
2442 2499 13146 13203
2499 2686 13311 13498
2686 2769 13829 13912
2769 2934 14382 14547
2934 2994 15119 15179
2994 3095 15319 15420
3095 3123 15979 16007

>ENSDCDT00000008173
0 88 62 150
88 137 487 536
137 238 1603 1704
238 324 1801 1887
324 399 1964 2039
399 469 2114 2184
469 598 2653 2782
598 660 2875 2937
660 747 3047 3134
747 822 3991 4066
822 900 4238 4316
900 1039 5171 5310
1039 1218 5983 6162
1218 1351 7286 7419
1351 1525 8137 8311
1525 1642 8446 8563
1642 1834 8897 9089
1834 1936 9901 10003
1936 2001 11853 11918
2001 2143 12010 12152
2143 2190 13156 13203
2190 2370 13311 13491
2370 2451 13831 13912
2451 2616 14382 14547
2616 2676 15119 15179
2676 2777 15319 15420
2777 2805 15979 16007

>ENSEEET00000006849
0 88 26 114
88 137 627 676
137 238 896 997
238 324 1272 1358
324 399 1509 1584
399 469 1756 1826
469 598 2011 2140
598 660 4018 4080
660 747 4366 4453
747 822 4615 4690
822 900 4874 4952
900 1039 5209 5348
1039 1194 5935 6090
1194 1273 6815 6894
1273 1399 7147 7273
1399 1481 7620 7702
1481 1579 7783 7881
1579 1741 7972 8134
1741 1897 8715 8871
1897 1997 9074 9174
1997 2100 9455 9558
2100 2169 10574 10643
2169 2296 10811 10938
2296 2403 11145 11252
2403 2460 11499 11556
2460 2647 11652 11839
2647 2730 11929 12012
2730 2895 12664 12829
2895 2955 13015 13075
2955 3056 13205 13306
3056 3087 13461 13492

>ENSEEET00000006857
0 88 26 114
88 137 627 676
137 238 896 997
238 324 1272 1358
324 399 1509 1584
399 574 1965 2140
574 666 4018 4110
666 741 4615 4690
741 819 4874 4952
819 958 5209 5348
958 1162 5935 6139
1162 1321 7114 7273
1321 1403 7620 7702
1403 1501 7783 7881
1501 1671 7981 8151
1671 1827 8738 8894
1827 1950 10811 10934
1950 2007 11499 11556
2007 2194 11652 11839
2194 2277 11929 12012
2277 2442 12664 12829
2442 2502 13015 13075
2502 2603 13205 13306
2603 2634 13461 13492

>ENSEEET00000006858
0 19 1807 1826
19 148 2011 2140
148 240 4018 4110
240 315 4615 4690
315 393 4874 4952
393 532 5209 5348
532 736 5935 6139
736 860 7578 7702
860 1059 7783 7982
1059 1186 10811 10938
1186 1293 11145 11252
1293 1370 11499 11576
1370 1540 11669 11839
1540 1623 11929 12012
1623 1788 12664 12829
1788 1848 13015 13075
1848 1949 13205 13306
1949 1980 13461 13492

>ENSEEET00000006859
0 88 26 114
88 137 627 676
137 238 896 997
238 324 1272 1358
324 399 1509 1584
399 574 1965 2140
574 666 4018 4110
666 741 4615 4690
741 819 4874 4952
819 958 5209 5348
958 1162 5935 6139
1162 1455 8601 8894
1455 1582 10811 10938
1582 1602 11473 11493
1602 1789 11652 11839
1789 1872 11929 12012
1872 2037 12664 12829
2037 2097 13015 13075
2097 2198 13205 13306
2198 2229 13461 13492

>ENSEEET00000006861
0 132 1226 1358
132 207 1509 1584
207 382 1965 2140
382 474 4018 4110
474 549 4615 4690
549 627 4874 4952
627 766 5209 5348
766 926 5935 6095
926 1090 7109 7273
1090 1172 7620 7702
1172 1298 7783 7909
1298 1399 8033 8134
1399 1559 8715 8875
1559 1719 9455 9615
1719 1846 10811 10938
1846 1953 11145 11252
1953 2010 11499 11556
2010 2197 11652 11839
2197 2280 11929 12012
2280 2445 12664 12829
2445 2505 13015 13075
2505 2606 13205 13306
2606 2637 13461 13492

>ENSEEET00000006863
0 132 1226 1358
132 207 1509 1584
207 382 1965 2140
382 474 4018 4110
474 549 4615 4690
549 627 4874 4952
627 766 5209 5348
766 926 5935 6095
926 1090 7109 7273
1090 1252 7972 8134
1252 1412 8715 8875
1412 1572 9455 9615
1572 1699 10811 10938
1699 1806 11145 11252
1806 1863 11499 11556
1863 2050 11652 11839
2050 2133 11929 12012
2133 2298 12664 12829
2298 2358 13015 13075
2358 2459 13205 13306
2459 2490 13461 13492

>ENSIPUT00000021551
0 88 0 88
88 137 813 862
137 238 3930 4031
238 324 4248 4334
324 399 4616 4691
399 469 4858 4928
469 598 6078 6207
598 660 6409 6471
660 747 6860 6947
747 822 8996 9071
822 900 9148 9226
900 1039 9765 9904
1039 1194 10418 10573
1194 1273 10935 11014
1273 1399 11750 11876
1399 1481 12176 12258
1481 1579 12344 12442
1579 1744 12550 12715
1744 1900 15174 15330
1900 2000 16072 16172
2000 2103 16542 16645
2103 2178 17907 17982
2178 2305 18166 18293
2305 2412 18475 18582
2412 2469 21188 21245
2469 2656 22557 22744
2656 2739 22838 22921
2739 2904 23354 23519
2904 2964 23646 23706
2964 3065 23850 23951
3065 3096 24074 24105

>ENSAMXT00000003146
0 88 0 88
88 137 630 679
137 238 1569 1670
238 324 2100 2186
324 399 2286 2361
399 469 3138 3208
469 598 3301 3430
598 660 4418 4480
660 747 4775 4862
747 822 6156 6231
822 900 6585 6663
900 1039 7970 8109
1039 1198 8235 8394
1198 1276 10322 10400
1276 1402 10647 10773
1402 1484 11274 11356
1484 1582 11573 11671
1582 1690 12497 12605
1690 1850 15003 15163
1850 1940 16713 16803
1940 2043 18268 18371
2043 2118 18781 18856
2118 2245 23027 23154
2245 2352 23383 23490
2352 2409 24530 24587
2409 2596 25260 25447
2596 2679 26158 26241
2679 2844 26485 26650
2844 2904 27680 27740
2904 3005 27845 27946
3005 3036 28817 28848

