>ENSPKIT00000025308
0 108 0 108
108 276 344 512
276 471 1220 1415
471 619 1619 1767
619 733 2104 2218
733 913 3294 3474
913 1029 3929 4045
1029 1182 5518 5671

>ENSSFOT00015026674
0 108 0 108
108 276 725 893
276 471 1905 2100
471 619 2217 2365
619 733 3696 3810
733 913 4583 4763
913 1029 5236 5352
1029 1182 6579 6732

>ENSSFOT00015022497
0 108 2995 3103
108 276 3325 3493
276 471 4050 4245
471 619 4368 4516
619 733 4908 5022
733 913 6261 6441
913 1029 6839 6955
1029 1182 8297 8450

>ENSSFOT00015022518
0 112 2995 3107
112 132 3167 3187
132 201 3325 3394
201 396 4050 4245
396 544 4368 4516
544 658 4908 5022
658 838 6261 6441
838 954 6839 6955
954 1107 8297 8450

>ENSCHAT00000058738
0 108 0 108
108 276 331 499
276 471 1016 1211
471 715 1303 1547
715 886 4775 4946
886 1002 6042 6158
1002 1152 6791 6941

>ENSCHAT00000058759
0 108 0 108
108 276 331 499
276 471 1016 1211
471 616 1303 1448
616 787 4775 4946
787 887 6042 6142
887 1047 6772 6932
1047 1314 7046 7313

>ENSCHAT00000058769
0 108 0 108
108 276 331 499
276 426 6791 6941

>ENSCHAT00000058794
0 108 0 108
108 276 331 499
276 471 1016 1211
471 661 1303 1493
661 836 4775 4950
836 858 5635 5657

>ENSDCDT00000063549
0 108 0 108
108 276 583 751
276 471 2311 2506
471 616 2589 2734
616 817 3477 3678
817 944 3779 3906
944 1023 4948 5027

>ENSDCDT00000063554
0 108 0 108
108 276 583 751
276 471 2311 2506
471 616 2589 2734
616 700 2901 2985
700 880 3498 3678
880 996 3779 3895
996 1120 4496 4620
1120 1137 4972 4989

>ENSPNAT00000028910
0 108 0 108
108 276 763 931
276 471 1824 2019
471 619 3810 3958
619 681 4276 4338
681 847 7214 7380
847 891 7446 7490
891 1041 17504 17654

>ENSAMXT00000048916
0 108 0 108
108 276 1088 1256
276 471 3087 3282
471 606 8363 8498
606 871 15443 15708
871 981 16967 17077
981 1110 18531 18660

>ENSEEET00000048672
0 108 0 108
108 276 311 479
276 426 9302 9452

>ENSEEET00000048673
0 108 0 108
108 276 311 479
276 471 791 986
471 584 1328 1441
584 942 4801 5159

>ENSIPUT00000026629
0 108 0 108
108 276 767 935
276 471 1412 1607
471 619 2412 2560
619 799 2970 3150
799 867 3282 3350
867 1050 8698 8881

>ENSIPUT00000026660
0 108 0 108
108 276 767 935
276 471 1412 1607
471 619 2412 2560
619 799 2970 3150
799 936 3282 3419
936 1061 4003 4128
1061 1257 6740 6936

>ENSIPUT00000026679
0 108 0 108
108 276 767 935
276 471 1412 1607
471 618 2412 2559
618 795 2972 3149
795 1075 3281 3561
1075 1164 3982 4071
1164 1221 4074 4132

