>ENSCSAVT00000008808
0 108 2332 2440
108 280 3558 3730
280 423 5551 5694
423 539 6256 6372
539 679 12766 12906
679 749 14016 14086
749 858 14584 14693
858 932 15163 15237
932 1089 15838 15995
1089 1197 16702 16810
1197 1306 17227 17336
1306 1428 17659 17781
1428 1488 18531 18591

>ENSCSAVT00000008810
0 107 583 690
107 250 1740 1883
250 372 2318 2440
372 544 3558 3730
544 687 5551 5694
687 803 6256 6372
803 943 12766 12906
943 1013 14016 14086
1013 1122 14584 14693
1122 1196 15163 15237
1196 1353 15838 15995
1353 1461 16702 16810
1461 1570 17227 17336
1570 1692 17659 17781
1692 1755 18531 18594

>ENSCINT00000034883
0 99 940 1039
99 160 1102 1163
160 270 1246 1356
270 408 1634 1772
408 580 2017 2189
580 723 2384 2527
723 839 2661 2777
839 979 2979 3119
979 1049 3293 3363
1049 1158 3632 3741
1158 1232 4079 4153
1232 1389 4457 4614
1389 1497 4900 5008
1497 1606 5160 5269
1606 1728 5679 5801
1728 1791 6136 6199

