>Y53C12A.1.1
0 256 5 261
256 765 332 841
765 1113 889 1237
1113 1251 1286 1424
1251 1565 1470 1784
1565 2001 1849 2285
2001 2034 2333 2366

>F35H8.7.1
0 250 0 250
250 753 332 835
753 1116 878 1241
1116 1407 1293 1584

>FBtr0077118
0 955 50 1005
955 1101 1067 1213
1101 1466 1269 1634
1466 1599 1692 1825

>ENSLACT00000026166
0 357 3687 4044
357 848 6635 7126
848 955 9045 9152
955 1128 14594 14767
1128 1373 20644 20889
1373 1475 33907 34009
1475 1692 35918 36135

>ENSLACT00000014301
0 357 3687 4044
357 848 6635 7126
848 955 9045 9152
955 1128 14594 14767
1128 1344 20644 20860
1344 1357 20886 20899
1357 1460 33906 34009
1460 1626 35936 36102

>ENSXETT00000025098
0 357 2515 2872
357 854 3286 3783
854 961 4197 4304
961 1134 5713 5886
1134 1382 6620 6868
1382 1469 7667 7754
1469 1650 8282 8463

>ENSXETT00000037613
0 96 0 96
96 519 2449 2872
519 1016 3286 3783
1016 1123 4197 4304
1123 1296 5713 5886
1296 1544 6620 6868
1544 1631 7667 7754
1631 1812 8282 8463

