>ENSPVIT00000017209
0 199 0 199
199 303 41166 41270
303 360 42300 42357
360 447 45875 45962
447 483 46281 46317
483 540 48588 48645
540 576 49616 49652
576 645 51306 51375

>ENSPVIT00000017210
0 58 633 691
58 162 41166 41270
162 219 42300 42357
219 306 45875 45962
306 342 46281 46317
342 399 48588 48645
399 435 49616 49652
435 504 51306 51375

>ENSPVIT00000017211
0 49 3201 3250
49 153 41166 41270
153 210 42300 42357
210 297 45875 45962
297 333 46281 46317
333 390 48588 48645
390 426 49616 49652
426 495 51306 51375

