>ENSCSAVT00000015241
0 16 1370 1386
16 90 1723 1797
90 279 2113 2302

>ENSCSAVT00000015242
0 40 63 103
40 224 183 367
224 375 729 880
375 519 1244 1388

>ENSCINT00000011275
0 40 68 108
40 242 608 810
242 393 1007 1158
393 535 1481 1623
535 609 1675 1749
609 801 1993 2185

>ENSPCIT00000055803
0 195 0 195
195 198 197 200
198 221 202 225
221 318 873 970
318 408 1813 1903
408 553 7379 7524
553 601 9901 9949
601 693 12008 12100

>ENSVURT00010014878
0 224 754 978
224 321 1707 1804
321 411 2642 2732
411 556 8464 8609
556 604 11000 11048
604 696 13188 13280

>ENSMEUT00000003305
0 62 0 62
62 69 64 71
69 221 72 224
221 318 984 1081
318 408 1731 1821
408 553 3516 3661
553 600 13078 13125

>ENSMODT00000070413
0 221 0 221
221 318 874 971
318 408 2052 2142
408 553 5539 5684
553 601 8530 8578
601 672 33834 33905

>ENSMODT00000010638
0 221 0 221
221 318 874 971
318 408 2052 2142
408 553 5539 5684
553 601 8530 8578
601 693 12517 12609

>ENSCPOT00000013555
0 236 0 236
236 333 1130 1227
333 423 1939 2029
423 568 2729 2874
568 616 15609 15657
616 708 18401 18493

>ENSODET00000023976
0 236 30 266
236 333 1220 1317
333 423 2007 2097
423 568 3001 3146
568 616 9733 9781
616 708 13436 13528

