>ENSEBUT00000014704
0 173 914 1087
173 381 1469 1677
381 592 1820 2031
592 736 2274 2418
736 841 7023 7128
841 959 17790 17908
959 1155 18007 18203

>ENSPCIT00000031754
0 199 204 403
199 258 20433 20492
258 389 20885 21016
389 542 30693 30846
542 726 31381 31565
726 937 32959 33170
937 1081 52211 52355
1081 1183 54812 54914
1183 1304 64580 64701
1304 1428 76829 76953
1428 2046 79367 79985

>ENSVURT00010011524
0 313 648 961
313 363 15380 15430
363 494 15834 15965
494 647 26959 27112
647 831 27657 27841
831 1042 29261 29472
1042 1186 46527 46671
1186 1288 49103 49205
1288 1409 59382 59503
1409 1533 72348 72472
1533 2151 74886 75504

>ENSMEUT00000002425
0 310 0 310
310 369 1201 1260
369 500 1360 1491
500 653 1591 1744
653 837 1844 2028
837 1048 3022 3233
1048 1192 8172 8316
1192 1294 10867 10969
1294 1412 15728 15846
1412 1536 23345 23469
1536 1821 25959 26244
1821 1879 26245 26303
1879 1917 26308 26346
1917 1935 26348 26366

>ENSMODT00000037325
0 313 99 412
313 372 20065 20124
372 500 20506 20634
500 653 38571 38724
653 837 39282 39466
837 1048 41444 41655
1048 1192 51088 51232
1192 1294 53743 53845
1294 1415 69197 69318
1415 1539 99791 99915
1539 2175 103085 103721

>ENSSHAT00000020529
0 361 158 519
361 420 22162 22221
420 551 22609 22740
551 704 31898 32051
704 888 33246 33430
888 1099 35096 35307
1099 1243 45197 45341
1243 1345 47560 47662
1345 1463 52495 52613
1463 1587 62756 62880
1587 2116 65388 65917
2116 2124 72396 72404

>ENSSHAT00000020530
0 313 206 519
313 372 22162 22221
372 503 22609 22740
503 656 31898 32051
656 840 33246 33430
840 1051 35096 35307
1051 1195 45197 45341
1195 1297 47560 47662
1297 1415 52495 52613
1415 1539 62756 62880
1539 2172 65388 66021

