>Y45G12C.15.1
0 189 0 189
189 249 527 587
249 356 631 738
356 444 782 870
444 561 916 1033
561 663 1115 1217
663 833 1288 1458
833 1017 1498 1682

>Y45G12C.14.1
0 189 0 189
189 240 488 539
240 347 583 690
347 435 734 822
435 552 868 985
552 654 1066 1168
654 824 1406 1576
824 1014 1678 1868

>R05D8.2a.1
0 189 0 189
189 249 234 294
249 561 576 888
561 663 928 1030
663 833 1082 1252
833 1002 1748 1917

>R05D8.2b.1
0 189 0 189
189 249 234 294
249 561 576 888
561 663 928 1030
663 839 1076 1252
839 1008 1748 1917

>R05D8.2c.1
0 189 0 189
189 249 234 294
249 561 576 888
561 663 928 1030
663 771 1082 1190
771 924 1748 1901

