>ENSPMET00000007734
0 74 0 74
74 378 2808 3112

>ENSPLAT00000005491
0 74 0 74
74 378 2828 3132

>ENSXCOT00000000885
0 78 0 78
78 363 1095 1380

>ENSXMAT00000040902
0 19 0 19
19 306 1028 1315
306 408 5508 5610

>ENSGAFT00000021295
0 55 0 55
55 107 85 137
107 313 3881 4087
313 351 8139 8177

>ENSCVAT00000030087
0 104 0 104
104 297 2354 2547
297 333 4677 4713

>ENSAOCT00000017839
0 126 0 126
126 258 1924 2056
258 480 3878 4100

>ENSAPOT00000011363
0 126 0 126
126 258 1928 2060
258 375 5789 5906

>ENSHBUT00000001444
0 47 0 47
47 405 449 807

>ENSLCRT00005011315
0 194 0 194
194 435 576 817

>ENSTRUT00000051089
0 139 0 139
139 429 1802 2092

