>F35D6.1a.1
0 75 136 211
75 201 264 390
201 262 434 495
262 309 544 591
309 415 641 747
415 504 794 883
504 870 938 1304
870 987 1350 1467
987 1133 2940 3086
1133 1849 3152 3868
1849 1971 4467 4589

>F35D6.1b.1
0 75 136 211
75 201 264 390
201 262 434 495
262 315 537 590

>FBtr0083414
0 257 518 775
257 580 1675 1998
580 1211 2061 2692
1211 1755 2749 3293
1755 1884 3357 3486
1884 2106 3548 3770

>FBtr0337043
0 257 518 775
257 580 1675 1998
580 1211 2061 2692
1211 1755 2749 3293
1755 1881 3360 3486
1881 2103 3548 3770

>ENSEBUT00000001205
0 744 231 975
744 1233 24021 24510
1233 1947 34885 35599

