>FBtr0072189
0 246 275 521
246 386 575 715
386 552 775 941
552 681 1001 1130

>FBtr0072190
0 246 275 521
246 386 575 715
386 741 775 1130

>FBtr0343345
0 246 275 521
246 386 575 715
386 552 775 941
552 681 1001 1130

>Y73F8A.25a.1
0 164 6 170
164 677 225 738
677 913 1608 1844
913 964 2912 2963
964 1166 3756 3958
1166 1361 5377 5572
1361 1587 7817 8043
1587 1890 9901 10204
1890 1923 13357 13390

>Y73F8A.25b.1
0 13 3461 3474
13 215 3756 3958
215 410 5377 5572
410 636 7817 8043
636 939 9901 10204
939 972 13357 13390

>Y73F8A.25c.1
0 195 6 201

>Y73F8A.25d.1
0 164 6 170
164 677 225 738
677 913 1608 1844
913 964 2912 2963
964 1166 3756 3958
1166 1361 5377 5572
1361 1587 7817 8043
1587 1830 9901 10144
1830 1851 15967 15988

>Y73F8A.25e.1
0 179 5393 5572
179 405 7817 8043
405 648 9901 10144
648 669 15967 15988

>Y73F8A.25f.1
0 4 13476 13480
4 228 15967 16191

>Y73F8A.25f.2
0 4 13476 13480
4 228 15967 16191

