>ENSCINT00000013895
0 66 99 165
66 265 3531 3730
265 428 4114 4277
428 520 5241 5333
520 720 7900 8100
720 1017 8232 8529

>ENSCSAVT00000014464
0 220 24 244
220 372 943 1095
372 440 1471 1539
440 484 1599 1643
484 693 2481 2690
693 951 2873 3131

>ENSCSAVT00000014465
0 220 24 244
220 372 943 1095
372 479 1471 1578
479 528 2386 2435
528 687 2531 2690
687 945 2873 3131

>ENSCINT00000011066
0 9 147 156
9 256 1317 1564
256 408 2431 2583
408 580 2776 2948
580 607 3175 3202
607 654 3671 3718
654 831 4000 4177
831 1122 4433 4724

>ENSCINT00000013465
0 3 334 337
3 220 704 921
220 445 1221 1446
445 472 3499 3526
472 672 3655 3855
672 794 4997 5119
794 966 5449 5621

>ENSCSAVT00000014117
0 63 70 133
63 280 272 489
280 578 813 1111
578 688 2701 2811
688 855 3205 3372
855 977 4381 4503
977 1161 4606 4790

>ENSCSAVT00000014118
0 63 70 133
63 280 272 489
280 496 813 1029
496 546 1140 1190
546 612 2151 2217
612 655 2244 2287
655 822 3205 3372
822 944 4381 4503
944 1128 4606 4790

>ENSCINT00000013490
0 69 39 108
69 286 182 399
286 586 758 1058
586 831 2394 2639
831 943 2882 2994
943 1065 3201 3323

>ENSCSAVT00000014544
0 63 347 410
63 280 623 840
280 500 1421 1641
500 587 1761 1848
587 867 2987 3267
867 989 3498 3620
989 1104 3906 4021

>ENSCINT00000034576
0 324 88 412
324 446 2018 2140
446 573 2313 2440

>ENSCSAVT00000014520
0 342 16 358
342 464 1842 1964
464 642 2210 2388

>FBtr0075186
0 93 25955 26048
93 115 26149 26171
115 195 31794 31874
195 340 33126 33271
340 630 39569 39859
630 783 40174 40327
783 1071 48624 48912
1071 1410 57668 58007

