>ENSCINT00000030573
0 174 2148 2322
174 261 2687 2774
261 359 3445 3543
359 494 4608 4743
494 630 5076 5212

>ENSCSAVT00000018151
0 174 1288 1462
174 261 1825 1912
261 359 2434 2532
359 494 3116 3251
494 747 3940 4193

>ENSCSAVT00000014016
0 282 6 288
282 511 347 576
511 693 5763 5945

>ENSCSAVT00000014017
0 282 6 288
282 507 347 572
507 696 3405 3594

>ENSCINT00000016841
0 279 5 284
279 504 353 578
504 693 701 890

>FBtr0332095
0 561 610 1171
561 951 1581 1971

>FBtr0075592
0 561 610 1171
561 951 1581 1971

>FBtr0301186
0 561 610 1171
561 957 1575 1971

>FBtr0300329
0 561 610 1171
561 957 1575 1971

>Y71G12B.15a.1
0 267 257 524
267 622 1562 1917
622 732 2584 2694

>Y71G12B.15a.2
0 267 257 524
267 622 1562 1917
622 732 2584 2694

>Y71G12B.15b.1
0 181 1736 1917
181 291 2584 2694

>YDR054C_mRNA
0 888 0 888

