>R151.3.1
0 129 23 152
129 313 379 563
313 501 761 949
501 654 1171 1324

>R151.3.2
0 129 23 152
129 313 379 563
313 501 761 949
501 654 1171 1324

>R151.3.3
0 129 23 152
129 313 379 563
313 501 761 949
501 654 1171 1324

>R151.3.4
0 129 23 152
129 313 379 563
313 501 761 949
501 654 1171 1324

>FBtr0085804
0 111 46 157
111 192 603 684
192 729 741 1278

>FBtr0085805
0 111 46 157
111 786 603 1278

>ENSCHOT00000002927
0 237 0 237
237 336 328 427
336 480 1197 1341
480 529 1974 2023
529 714 2592 2777
714 867 3233 3386

>ENSDNOT00000043522
0 339 725 1064
339 483 2117 2261
483 532 2955 3004
532 717 3563 3748
717 870 4791 4944

>ENSLAFT00000002201
0 237 0 237
237 336 332 431
336 480 1451 1595
480 529 2590 2639
529 714 3216 3401
714 867 3882 4035

>ENSOGAT00000033666
0 831 0 831

>ENSOGAT00000027933
0 105 0 105
105 207 107 209
207 516 213 522
516 552 867 903

>ENSOGAT00000026971
0 852 0 852

>ENSOGAT00000029713
0 873 0 873

>ENSOGAT00000029232
0 57 0 57
57 873 78 894

>ENSOGAT00000027892
0 873 0 873

