>ENSAOCT00000013376
0 43 237 280
43 132 1755 1844
132 661 2742 3271
661 916 4472 4727
916 1165 5096 5345
1165 1289 5693 5817
1289 1435 6338 6484
1435 1693 6574 6832
1693 1963 8042 8312
1963 2061 9319 9417
2061 2130 9604 9673

>ENSAPOT00000000538
0 43 0 43
43 132 1492 1581
132 664 3631 4163
664 928 5515 5779
928 1177 6513 6762
1177 1301 7098 7222
1301 1447 9840 9986
1447 1708 10076 10337
1708 1975 13156 13423
1975 2073 14908 15006
2073 2142 15187 15256

>ENSHBUT00000014283
0 43 0 43
43 132 1015 1104
132 907 2139 2914
907 1165 3959 4217
1165 1414 4498 4747
1414 1538 5050 5174
1538 1684 5876 6022
1684 1933 6138 6387
1933 2197 6719 6983
2197 2295 8820 8918
2295 2370 9062 9137

>ENSACLT00000007249
0 43 30 73
43 132 800 889
132 907 1927 2702
907 1165 3747 4005
1165 1414 4286 4535
1414 1538 4843 4967
1538 1684 5688 5834
1684 1933 5950 6199
1933 2197 6527 6791
2197 2295 8777 8875
2295 2355 9019 9079

>ENSXMAT00000022505
0 49 149 198
49 138 521 610
138 985 2129 2976
985 1243 3825 4083
1243 1510 5159 5426
1510 1631 5644 5765
1631 1792 5943 6104
1792 2053 6183 6444
2053 2320 6563 6830
2320 2418 8877 8975
2418 2499 9072 9153

>ENSPFOT00000024899
0 49 201 250
49 138 578 667
138 230 2032 2124
230 400 2217 2387
400 781 2483 2864
781 1039 3309 3567
1039 1306 4535 4802
1306 1404 5020 5118
1404 1594 5288 5478
1594 1858 5559 5823
1858 2122 5942 6206
2122 2241 7403 7522

>ENSMALT00000012352
0 49 0 49
49 138 259 348
138 706 1246 1814
706 955 2059 2308
955 1204 2994 3243
1204 1328 3492 3616
1328 1474 3802 3948
1474 1729 4057 4312
1729 1996 4853 5120
1996 2094 5663 5761
2094 2184 5965 6055

>ENSLCRT00005012337
0 49 0 49
49 138 988 1077
138 1264 1359 2485
1264 1519 3283 3538
1519 1774 3988 4243
1774 1898 4323 4447
1898 2038 4921 5061
2038 2293 5180 5435
2293 2560 6470 6737
2560 2658 7238 7336
2658 2730 7559 7631

