>ENSCMIT00000013620
0 363 352 715
363 405 11573 11615
405 562 12347 12504
562 624 21856 21918
624 714 24418 24508
714 770 25498 25554
770 891 33383 33504
891 1068 34770 34947
1068 1151 35082 35165
1151 1296 36136 36281
1296 1383 39616 39703
1383 1533 40014 40164
1533 1880 41188 41535
1880 2012 44101 44233
2012 2154 47229 47371

>ENSPCIT00000046397
0 357 0 357
357 399 48911 48953
399 534 50802 50937
534 611 53429 53506
611 684 54344 54417
684 774 54681 54771
774 830 79361 79417
830 951 84019 84140
951 1128 86907 87084
1128 1211 87915 87998
1211 1260 89870 89919
1260 1350 90789 90879
1350 1446 91360 91456
1446 1548 93910 94012
1548 1611 97292 97355
1611 1686 99765 99840
1686 1773 101265 101352
1773 1923 102638 102788
1923 2312 106373 106762
2312 2411 108048 108147
2411 2543 109074 109206
2543 2649 110795 110901
2649 2699 111775 111825
2699 2745 111923 111969

>ENSPCIT00000046401
0 357 0 357
357 399 48911 48953
399 534 50802 50937
534 611 53429 53506
611 684 54344 54417
684 774 54681 54771
774 830 79361 79417
830 951 84019 84140
951 1128 86907 87084
1128 1211 87915 87998
1211 1260 89870 89919
1260 1350 90789 90879
1350 1446 91360 91456
1446 1548 93910 94012
1548 1623 99765 99840
1623 1710 101265 101352
1710 1860 102638 102788
1860 2249 106373 106762
2249 2348 108048 108147
2348 2480 109074 109206
2480 2586 110795 110901
2586 2636 111775 111825
2636 2682 111923 111969

>ENSPCIT00000046404
0 357 0 357
357 399 48911 48953
399 534 50802 50937
534 611 53429 53506
611 684 54344 54417
684 774 54681 54771
774 830 79361 79417
830 951 84019 84140
951 1128 86907 87084
1128 1211 87915 87998
1211 1260 89870 89919
1260 1350 90789 90879
1350 1446 91360 91456
1446 1509 97292 97355
1509 1584 99765 99840
1584 1671 101265 101352
1671 1821 102638 102788
1821 2210 106373 106762
2210 2309 108048 108147
2309 2441 109074 109206
2441 2547 110795 110901
2547 2597 111775 111825
2597 2643 111923 111969

>ENSPCIT00000046406
0 357 0 357
357 399 48911 48953
399 534 50802 50937
534 611 53429 53506
611 684 54344 54417
684 774 54681 54771
774 830 79361 79417
830 951 84019 84140
951 1128 86907 87084
1128 1211 87915 87998
1211 1260 89870 89919
1260 1350 90789 90879
1350 1446 91360 91456
1446 1521 99765 99840
1521 1608 101265 101352
1608 1758 102638 102788
1758 2147 106373 106762
2147 2246 108048 108147
2246 2378 109074 109206
2378 2484 110795 110901
2484 2534 111775 111825
2534 2580 111923 111969

>ENSVURT00010013772
0 357 68 425
357 399 50872 50914
399 534 52776 52911
534 611 55398 55475
611 684 56372 56445
684 774 56721 56811
774 830 81463 81519
830 951 86151 86272
951 1128 89031 89208
1128 1211 90038 90121
1211 1260 91923 91972
1260 1350 92832 92922
1350 1446 93377 93473
1446 1509 99278 99341
1509 1584 101768 101843
1584 1671 103290 103377
1671 1821 104695 104845
1821 2210 108201 108590
2210 2309 109897 109996
2309 2441 110941 111073
2441 2547 112664 112770
2547 2597 113646 113696
2597 2643 113794 113840

>ENSVURT00010013798
0 357 68 425
357 399 50872 50914
399 534 52776 52911
534 611 55398 55475
611 684 56372 56445
684 774 56721 56811
774 830 81463 81519
830 951 86151 86272
951 1128 89031 89208
1128 1211 90038 90121
1211 1260 91923 91972
1260 1350 92832 92922
1350 1446 93377 93473
1446 1521 101768 101843
1521 1608 103290 103377
1608 1758 104695 104845
1758 2147 108201 108590
2147 2246 109897 109996
2246 2378 110941 111073
2378 2484 112664 112770
2484 2534 113646 113696
2534 2580 113794 113840

>ENSMODT00000081787
0 357 0 357
357 399 50716 50758
399 534 52500 52635
534 558 52915 52939
558 635 55108 55185
635 708 55576 55649
708 798 55932 56022
798 854 73244 73300
854 975 77610 77731
975 1152 81248 81425
1152 1235 82457 82540
1235 1284 84230 84279
1284 1374 85187 85277
1374 1470 85748 85844
1470 1572 88260 88362
1572 1635 91488 91551
1635 1710 93910 93985
1710 1797 96657 96744
1797 1947 98178 98328
1947 2339 101511 101903
2339 2438 103378 103477
2438 2570 104371 104503
2570 2676 106784 106890
2676 2726 107748 107798
2726 2772 107917 107963

>ENSMODT00000006851
0 357 0 357
357 399 50716 50758
399 534 52500 52635
534 611 55108 55185
611 684 55576 55649
684 774 55932 56022
774 830 73244 73300
830 951 77610 77731
951 1128 81248 81425
1128 1211 82457 82540
1211 1260 84230 84279
1260 1350 85187 85277
1350 1446 85748 85844
1446 1548 88260 88362
1548 1611 91488 91551
1611 1686 93910 93985
1686 1773 96657 96744
1773 1923 98178 98328
1923 2315 101511 101903
2315 2414 103378 103477
2414 2546 104371 104503
2546 2652 106784 106890
2652 2702 107748 107798
2702 2748 107917 107963

>ENSMODT00000085759
0 357 0 357
357 399 50716 50758
399 534 52500 52635
534 558 52915 52939
558 635 55108 55185
635 708 55576 55649
708 798 55932 56022
798 854 73244 73300
854 975 77610 77731
975 1152 81248 81425
1152 1235 82457 82540
1235 1284 84230 84279
1284 1374 85187 85277
1374 1470 85748 85844
1470 1572 88260 88362
1572 1647 93910 93985
1647 1734 96657 96744
1734 1884 98178 98328
1884 2276 101511 101903
2276 2375 103378 103477
2375 2507 104371 104503
2507 2613 106784 106890
2613 2663 107748 107798
2663 2709 107917 107963

>ENSMODT00000070411
0 357 0 357
357 399 50716 50758
399 534 52500 52635
534 611 55108 55185
611 684 55576 55649
684 774 55932 56022
774 830 73244 73300
830 951 77610 77731
951 1128 81248 81425
1128 1211 82457 82540
1211 1260 84230 84279
1260 1350 85187 85277
1350 1446 85748 85844
1446 1509 91488 91551
1509 1584 93910 93985
1584 1671 96657 96744
1671 1821 98178 98328
1821 2213 101511 101903
2213 2312 103378 103477
2312 2444 104371 104503
2444 2550 106784 106890
2550 2600 107748 107798
2600 2646 107917 107963

>ENSMODT00000061878
0 357 0 357
357 399 50716 50758
399 534 52500 52635
534 558 52915 52939
558 635 55108 55185
635 708 55576 55649
708 798 55932 56022
798 854 73244 73300
854 975 77610 77731
975 1152 81248 81425
1152 1235 82457 82540
1235 1284 84230 84279
1284 1374 85187 85277
1374 1470 85748 85844
1470 1545 93910 93985
1545 1632 96657 96744
1632 1782 98178 98328
1782 2174 101511 101903
2174 2273 103378 103477
2273 2405 104371 104503
2405 2511 106784 106890
2511 2561 107748 107798
2561 2607 107917 107963

>ENSOANT00000009774
0 123 521 644
123 200 6409 6486
200 273 11049 11122
273 363 11418 11508
363 419 30649 30705
419 540 32828 32949
540 717 34683 34860
717 800 35588 35671
800 849 35906 35955
849 939 36910 37000
939 1035 37623 37719
1035 1110 44835 44910
1110 1197 46352 46439
1197 1347 48006 48156
1347 1506 49390 49549
1506 1578 49688 49760

>ENSETET00000017620
0 6 0 6
6 30 9 33
30 54 54 78
54 79 81 106
79 147 122 190
147 167 215 235
167 181 236 250
181 204 252 275
204 480 317 593
480 522 1329 1371
522 657 4157 4292
657 734 6679 6756
734 807 6856 6929
807 897 7029 7119
897 953 10866 10922
953 1074 18034 18155
1074 1251 22432 22609
1251 1334 25352 25435
1334 1383 26989 27038
1383 1473 41124 41214
1473 1569 41314 41410
1569 1644 41510 41585
1644 1731 42866 42953
1731 1881 47760 47910
1881 2255 49618 49992
2255 2354 68596 68695
2354 2486 71369 71501
2486 2592 89292 89398
2592 2642 90266 90316
2642 2688 90979 91025

>ENSDNOT00000045146
0 375 0 375
375 417 44466 44508
417 552 45532 45667
552 629 48859 48936
629 702 51131 51204
702 804 51466 51568

>ENSDNOT00000031917
0 27 329 356
27 123 825 921
123 186 6715 6778
186 261 9980 10055
261 348 10982 11069
348 498 21827 21977
498 887 23705 24094
887 990 25684 25787

>ENST00000251527
0 330 835 1165
330 372 31181 31223
372 507 32177 32312
507 584 36527 36604
584 657 41836 41909
657 747 42160 42250
747 803 56857 56913
803 924 62479 62600
924 1101 65400 65577
1101 1184 67088 67171
1184 1233 68709 68758
1233 1323 70106 70196
1323 1419 70672 70768
1419 1494 80530 80605
1494 1581 81973 82060
1581 1731 86575 86725
1731 2105 88357 88731
2105 2204 91132 91231
2204 2336 93074 93206
2336 2442 94645 94751
2442 2492 95782 95832
2492 2538 96001 96047

>ENST00000275418
0 330 835 1165
330 372 31181 31223
372 507 32177 32312
507 584 36527 36604
584 657 41836 41909
657 747 42160 42250
747 803 56857 56913
803 924 62479 62600
924 1101 65400 65577
1101 1184 67088 67171
1184 1233 68709 68758
1233 1323 70106 70196
1323 1419 70672 70768
1419 1482 77410 77473
1482 1557 80530 80605
1557 1644 81973 82060
1644 1794 86575 86725
1794 2168 88357 88731
2168 2267 91132 91231
2267 2399 93074 93206
2399 2505 94645 94751
2505 2555 95782 95832
2555 2601 96001 96047

