>ENSVURT00010019667
0 168 36 204
168 390 4648 4870
390 678 31844 32132
678 828 39094 39244
828 1021 46306 46499
1021 1242 61685 61906
1242 1383 70764 70905
1383 1597 75417 75631
1597 1745 84505 84653
1745 1962 89778 89995
1962 2034 93998 94070

>ENSVURT00010019675
0 168 36 204
168 390 4648 4870
390 540 39094 39244
540 733 46306 46499
733 954 61685 61906
954 1095 70764 70905
1095 1309 75417 75631
1309 1457 84505 84653
1457 1674 89778 89995
1674 1746 93998 94070

>ENSPCIT00000005926
0 63 145 208
63 285 4676 4898
285 573 32132 32420
573 723 39825 39975
723 916 46014 46207
916 1137 58816 59037
1137 1278 67734 67875
1278 1492 74148 74362
1492 1640 82925 83073
1640 1857 88709 88926
1857 1887 102985 103015

>ENSPCIT00000005912
0 63 145 208
63 285 4676 4898
285 573 32132 32420
573 723 39825 39975
723 916 46014 46207
916 1137 58816 59037
1137 1351 74148 74362
1351 1499 82925 83073
1499 1716 88709 88926
1716 1746 102985 103015

>ENSPCIT00000005920
0 63 145 208
63 285 4676 4898
285 435 39825 39975
435 628 46014 46207
628 849 58816 59037
849 990 67734 67875
990 1204 74148 74362
1204 1352 82925 83073
1352 1569 88709 88926
1569 1599 102985 103015

>ENSPCIT00000005904
0 63 145 208
63 285 4676 4898
285 573 32132 32420
573 723 39825 39975
723 916 46014 46207
916 1137 58816 59037
1137 1278 67734 67875
1278 1492 74148 74362
1492 1640 82925 83073
1640 1857 88709 88926
1857 1929 96222 96294

>ENSPCIT00000005941
0 18 2245 2263
18 240 4676 4898
240 528 32132 32420
528 678 39825 39975
678 871 46014 46207
871 1092 58816 59037
1092 1233 67734 67875
1233 1447 74148 74362
1447 1595 82925 83073
1595 1812 88709 88926
1812 1884 96222 96294

>ENSPCIT00000005935
0 63 145 208
63 285 4676 4898
285 573 32132 32420
573 681 32900 33008

>ENSMODT00000023886
0 63 119 182
63 285 3779 4001
285 573 23242 23530
573 723 31389 31539
723 916 38036 38229
916 1137 48795 49016
1137 1278 56945 57086
1278 1492 62605 62819
1492 1643 73405 73556
1643 1884 78958 79199
1884 1956 82720 82792

>ENSMODT00000087531
0 63 119 182
63 285 3779 4001
285 478 38036 38229
478 699 48795 49016
699 840 56945 57086
840 1054 62605 62819
1054 1205 73405 73556
1205 1446 78958 79199
1446 1518 82720 82792

>ENSMODT00000080038
0 63 119 182
63 285 3779 4001
285 387 7670 7772

>ENSSHAT00000016145
0 69 126 195
69 276 4639 4846
276 564 33467 33755
564 714 38372 38522
714 907 48830 49023
907 1128 59751 59972
1128 1269 66241 66382
1269 1483 70611 70825
1483 1631 80186 80334
1631 1839 85661 85869
1839 1908 91744 91813

