>ENSCHAT00000059820
0 55 47 102
55 159 36097 36201
159 294 36497 36632
294 441 40349 40496
441 496 42223 42278
496 627 42835 42966
627 875 43259 43507
875 1087 43638 43850
1087 1255 44414 44582
1255 1354 47046 47145
1354 1412 47300 47358
1412 1587 47575 47750
1587 1706 48024 48143
1706 1805 50431 50530
1805 1925 50891 51011
1925 2030 51681 51786
2030 2199 51985 52154
2199 2395 52485 52681
2395 2565 52969 53139
2565 2697 53445 53577
2697 2805 53685 53793
2805 2931 54029 54155
2931 3140 54652 54861
3140 3155 55277 55292
3155 3289 55680 55814
3289 3381 56169 56261

>ENSCHAT00000059859
0 7 35066 35073
7 111 36097 36201
111 243 36497 36629
243 390 40349 40496
390 445 42223 42278
445 576 42835 42966
576 824 43259 43507
824 1036 43638 43850
1036 1204 44414 44582
1204 1303 47046 47145
1303 1361 47300 47358
1361 1582 47575 47796
1582 1598 47903 47919
1598 1736 48005 48143
1736 1835 50431 50530
1835 1955 50891 51011
1955 2060 51681 51786
2060 2229 51985 52154
2229 2425 52485 52681
2425 2595 52969 53139
2595 2727 53445 53577
2727 2835 53685 53793
2835 2961 54029 54155
2961 3143 54679 54861
3143 3158 55277 55292
3158 3292 55680 55814
3292 3384 56169 56261

>ENSCHAT00000060012
0 225 35976 36201
225 357 36497 36629
357 504 40349 40496
504 559 42223 42278
559 690 42835 42966
690 938 43259 43507
938 1150 43638 43850
1150 1318 44414 44582
1318 1417 47046 47145
1417 1475 47300 47358
1475 1650 47575 47750
1650 1769 48024 48143
1769 1868 50431 50530
1868 1988 50891 51011
1988 2093 51681 51786
2093 2262 51985 52154
2262 2458 52485 52681
2458 2628 52969 53139
2628 2760 53445 53577
2760 2868 53685 53793
2868 2994 54029 54155
2994 3176 54679 54861
3176 3310 55680 55814
3310 3402 56169 56261

>ENSCHAT00000060018
0 225 35976 36201
225 357 36497 36629
357 504 40349 40496
504 559 42223 42278
559 690 42835 42966
690 938 43259 43507
938 1150 43638 43850
1150 1318 44414 44582
1318 1417 47046 47145
1417 1475 47300 47358
1475 1650 47575 47750
1650 1769 48024 48143
1769 1868 50431 50530
1868 1988 50891 51011
1988 2093 51681 51786
2093 2262 51985 52154
2262 2458 52485 52681
2458 2628 52969 53139
2628 2835 53445 53652
2835 2961 54029 54155
2961 3143 54679 54861
3143 3277 55680 55814
3277 3369 56169 56261

>ENSCHAT00000060066
0 225 35976 36201
225 318 36497 36590
318 348 39875 39905
348 495 40349 40496
495 550 42223 42278
550 711 42835 42996
711 896 43322 43507
896 1108 43638 43850
1108 1276 44414 44582
1276 1375 47046 47145
1375 1433 47300 47358
1433 1608 47575 47750
1608 1727 48024 48143
1727 1826 50431 50530
1826 1942 50891 51007
1942 2078 51650 51786
2078 2247 51985 52154
2247 2443 52485 52681
2443 2613 52969 53139
2613 2749 53445 53581
2749 2853 53689 53793
2853 3062 54652 54861
3062 3196 55680 55814
3196 3288 56169 56261

>ENSCHAT00000060132
0 225 35976 36201
225 318 36497 36590
318 351 40304 40337
351 450 40397 40496
450 505 42223 42278
505 636 42835 42966
636 884 43259 43507
884 1092 43638 43846
1092 1258 44416 44582
1258 1357 47046 47145
1357 1415 47300 47358
1415 1590 47575 47750
1590 1709 48024 48143
1709 1808 50431 50530
1808 1924 50891 51007
1924 2060 51650 51786
2060 2235 51985 52160
2235 2422 52494 52681
2422 2592 52969 53139
2592 2728 53445 53581
2728 2832 53689 53793
2832 3014 54679 54861
3014 3148 55680 55814
3148 3240 56169 56261

>ENSCHAT00000060149
0 225 35976 36201
225 357 36497 36629
357 504 40349 40496
504 559 42223 42278
559 690 42835 42966
690 938 43259 43507
938 1150 43638 43850
1150 1318 44414 44582
1318 1417 47046 47145
1417 1475 47300 47358
1475 1650 47575 47750
1650 1769 48024 48143
1769 1868 50431 50530
1868 1988 50891 51011
1988 2093 51681 51786
2093 2262 51985 52154
2262 2458 52485 52681
2458 2628 52969 53139
2628 2764 53445 53581
2764 2868 53689 53793
2868 2995 55687 55814
2995 3087 56169 56261

>ENSDCDT00000043025
0 55 0 55
55 159 28509 28613
159 294 29000 29135
294 441 30360 30507
441 496 32344 32399
496 627 32973 33104
627 875 33342 33590
875 1087 33674 33886
1087 1255 37719 37887
1255 1354 38573 38672
1354 1412 38976 39034
1412 1587 39272 39447
1587 1706 39684 39803
1706 1805 39940 40039
1805 1925 40264 40384
1925 2030 41399 41504
2030 2199 41607 41776
2199 2395 42051 42247
2395 2565 42802 42972
2565 2697 43076 43208
2697 2805 43300 43408
2805 2931 43487 43613
2931 3146 44321 44536
3146 3161 44865 44880
3161 3295 45034 45168
3295 3387 45414 45506

>ENSDCDT00000043031
0 88 8760 8848
88 192 28509 28613
192 327 29000 29135
327 474 30360 30507
474 529 32344 32399
529 660 32973 33104
660 908 33342 33590
908 1120 33674 33886
1120 1288 37719 37887
1288 1387 38573 38672
1387 1445 38976 39034
1445 1620 39272 39447
1620 1739 39684 39803
1739 1838 39940 40039
1838 1958 40264 40384
1958 2063 41399 41504
2063 2232 41607 41776
2232 2428 42051 42247
2428 2598 42802 42972
2598 2730 43076 43208
2730 2838 43300 43408
2838 2964 43487 43613
2964 3179 44321 44536
3179 3194 44865 44880
3194 3328 45034 45168
3328 3420 45414 45506

>ENSDCDT00000043037
0 88 8760 8848
88 192 28509 28613
192 327 29000 29135
327 474 30360 30507
474 529 32344 32399
529 660 32973 33104
660 908 33342 33590
908 1120 33674 33886
1120 1288 37719 37887
1288 1387 38573 38672
1387 1445 38976 39034
1445 1620 39272 39447
1620 1739 39684 39803
1739 1838 39940 40039
1838 1958 40264 40384
1958 2063 41399 41504
2063 2232 41607 41776
2232 2428 42051 42247
2428 2598 42802 42972
2598 2730 43076 43208
2730 2838 43300 43408
2838 2964 43487 43613
2964 3179 44321 44536
3179 3313 45034 45168
3313 3405 45414 45506

>ENSDCDT00000043254
0 15 28598 28613
15 141 29000 29126
141 288 30360 30507
288 343 32344 32399
343 474 32973 33104
474 722 33342 33590
722 934 33674 33886
934 1102 37719 37887
1102 1201 38573 38672
1201 1259 38976 39034
1259 1434 39272 39447
1434 1553 39684 39803
1553 1652 39940 40039
1652 1772 40264 40384
1772 1877 41399 41504
1877 2046 41607 41776
2046 2242 42051 42247
2242 2412 42802 42972
2412 2548 43076 43212
2548 2588 43278 43318
2588 2606 43390 43408
2606 2724 43495 43613
2724 2939 44321 44536
2939 2954 44865 44880
2954 3088 45034 45168
3088 3180 45414 45506

>ENSDCDT00000043341
0 138 30369 30507
138 193 32344 32399
193 324 32973 33104
324 572 33342 33590
572 784 33674 33886
784 952 37719 37887
952 1051 38573 38672
1051 1109 38976 39034
1109 1284 39272 39447
1284 1403 39684 39803
1403 1502 39940 40039
1502 1622 40264 40384
1622 1727 41399 41504
1727 1896 41607 41776
1896 2092 42051 42247
2092 2262 42802 42972
2262 2398 43076 43212
2398 2534 43304 43440
2534 2663 44392 44521
2663 2797 45034 45168
2797 2889 45414 45506

>ENSDCDT00000043442
0 138 30369 30507
138 193 32344 32399
193 324 32973 33104
324 572 33342 33590
572 784 33674 33886
784 952 37719 37887
952 1051 38573 38672
1051 1109 38976 39034
1109 1284 39272 39447
1284 1403 39684 39803
1403 1502 39940 40039
1502 1622 40264 40384
1622 1727 41399 41504
1727 1896 41607 41776
1896 2092 42051 42247
2092 2262 42802 42972
2262 2398 43076 43212
2398 2588 43304 43494
2588 2782 44974 45168
2782 2874 45414 45506

>ENSIPUT00000018861
0 126 0 126
126 273 3600 3747
273 328 7331 7386
328 459 7702 7833
459 707 8156 8404
707 919 8634 8846
919 1087 12335 12503
1087 1186 13292 13391
1186 1244 13547 13605
1244 1419 13823 13998
1419 1538 14090 14209
1538 1637 15041 15140
1637 1757 16255 16375
1757 1862 16702 16807
1862 2031 17287 17456
2031 2227 17547 17743
2227 2397 18396 18566
2397 2529 19513 19645
2529 2637 19749 19857
2637 2763 20098 20224
2763 2951 21012 21200
2951 3085 22019 22153
3085 3177 22738 22830

>ENSEEET00000003775
0 114 0 114
114 246 321 453
246 393 689 836
393 448 3885 3940
448 579 4367 4498
579 827 4883 5131
827 1039 5868 6080
1039 1207 6420 6588
1207 1306 7357 7456
1306 1364 7631 7689
1364 1560 7959 8155
1560 1736 8227 8403
1736 1835 8714 8813
1835 1955 10367 10487
1955 2060 10742 10847
2060 2229 11218 11387
2229 2425 11607 11803
2425 2595 12117 12287
2595 2727 12894 13026
2727 2835 13141 13249
2835 2955 17096 17216
2955 3149 17646 17840
3149 3164 17994 18009
3164 3298 18120 18254
3298 3390 18490 18582

>ENSEEET00000003777
0 15 99 114
15 147 321 453
147 294 689 836
294 349 3885 3940
349 480 4367 4498
480 728 4883 5131
728 940 5868 6080
940 1108 6420 6588
1108 1207 7357 7456
1207 1265 7631 7689
1265 1440 7959 8134
1440 1559 8284 8403
1559 1658 8714 8813
1658 1769 10367 10478
1769 1874 10742 10847
1874 2043 11218 11387
2043 2239 11607 11803
2239 2409 12117 12287
2409 2541 12894 13026
2541 2649 13141 13249
2649 2769 17096 17216
2769 2990 17619 17840
2990 3124 18120 18254
3124 3216 18490 18582

>ENSAMXT00000054315
0 138 0 138
138 193 4287 4342
193 324 5955 6086
324 572 7626 7874
572 784 8059 8271
784 952 9219 9387
952 1051 11579 11678
1051 1109 12635 12693
1109 1284 12935 13110
1284 1403 13283 13402
1403 1502 13611 13710
1502 1622 19614 19734
1622 1727 20139 20244
1727 1896 22317 22486
1896 2092 22595 22791
2092 2262 24833 25003
2262 2394 26486 26618
2394 2502 26718 26826
2502 2628 29111 29237
2628 2843 29655 29870
2843 2858 34895 34910
2858 2992 36981 37115
2992 3084 37479 37571

>ENSAMXT00000013353
0 138 0 138
138 193 4287 4342
193 324 5955 6086
324 572 7626 7874
572 784 8059 8271
784 952 9219 9387
952 1051 11579 11678
1051 1109 12635 12693
1109 1284 12935 13110
1284 1403 13283 13402
1403 1502 13611 13710
1502 1622 19614 19734
1622 1727 20139 20244
1727 1896 22317 22486
1896 2092 22595 22791
2092 2262 24833 25003
2262 2394 26486 26618
2394 2502 26718 26826
2502 2628 29111 29237
2628 2816 29682 29870
2816 2950 36981 37115
2950 3042 37479 37571

