>ENSLCAT00010009709
0 1 186 187
1 112 3443 3554
112 831 23415 24134
831 964 25962 26095
964 1124 38482 38642
1124 1236 39437 39549
1236 1374 43417 43555
1374 1521 45943 46090
1521 1792 48880 49151
1792 1899 51214 51321
1899 1995 54207 54303
1995 2102 61313 61420
2102 2234 61677 61809
2234 2397 68816 68979
2397 2460 79244 79307
2460 2582 79828 79950
2582 2700 98583 98701
2700 2775 122790 122865

>ENSLCAT00010009718
0 1 186 187
1 112 3443 3554
112 831 23415 24134
831 964 25962 26095
964 1124 38482 38642
1124 1236 39437 39549
1236 1374 43417 43555
1374 1521 45943 46090
1521 1792 48880 49151
1792 1899 51214 51321
1899 1995 54207 54303
1995 2102 61313 61420
2102 2234 61677 61809
2234 2385 68816 68967
2385 2448 79244 79307
2448 2570 79828 79950
2570 2688 98583 98701
2688 2715 111567 111594

>ENSLCAT00010009728
0 1 186 187
1 112 3443 3554
112 831 23415 24134
831 964 25962 26095
964 1124 38482 38642
1124 1236 39437 39549
1236 1374 43417 43555
1374 1521 45943 46090
1521 1792 48880 49151
1792 1899 51214 51321
1899 1995 54207 54303
1995 2102 61313 61420
2102 2234 61677 61809
2234 2397 68816 68979
2397 2460 79244 79307
2460 2582 79828 79950
2582 2859 98583 98860

>ENSLCAT00010009764
0 1 186 187
1 112 3443 3554
112 831 23415 24134
831 964 25962 26095
964 1124 38482 38642
1124 1236 39437 39549
1236 1374 43417 43555
1374 1521 45943 46090
1521 1792 48880 49151
1792 1899 51214 51321
1899 1995 54207 54303
1995 2102 61313 61420
2102 2234 61677 61809
2234 2397 68816 68979
2397 2460 79244 79307
2460 2582 79828 79950
2582 2589 81769 81776

