>ENSSDAT00000022927
0 28 0 28
28 180 1682 1834
180 250 2968 3038
250 367 9126 9243
367 577 13780 13990
577 766 16897 17086
766 944 17680 17858
944 1090 18714 18860
1090 1134 23161 23205
1134 1188 23241 23295

>ENSSDAT00000022939
0 45 9052 9097
45 157 9131 9243
157 367 13780 13990
367 556 16897 17086
556 734 17680 17858
734 924 18714 18904

>ENSMUGT00000027418
0 100 0 100
100 310 1911 2121
310 499 9089 9278
499 677 10370 10548
677 867 11377 11567

>ENSNVIT00000009902
0 49 36444 36493
49 166 40647 40764
166 376 44090 44300
376 565 47924 48113
565 743 48869 49047
743 906 49864 50027
906 927 51589 51610

>ENSNVIT00000009914
0 7 0 7
7 112 1439 1544
112 231 35057 35176
231 301 36423 36493
301 418 40647 40764
418 628 44090 44300
628 817 47924 48113
817 995 48869 49047
995 1191 49864 50060

