>ENSGAGT00000039628
0 14 34458 34472
14 185 44025 44196
185 335 57323 57473
335 377 59788 59830
377 462 61376 61461
462 540 66023 66101
540 607 68793 68860
607 796 70737 70926
796 975 80164 80343
975 1137 82518 82680
1137 1247 85724 85834
1247 1437 88061 88251
1437 1552 90201 90316
1552 3303 91147 92898

>ENSGAGT00000039633
0 83 70 153
83 254 44025 44196
254 404 57323 57473
404 446 59788 59830
446 531 61376 61461
531 609 66023 66101
609 676 68793 68860
676 865 70737 70926
865 1044 80164 80343
1044 1206 82518 82680
1206 1316 85724 85834
1316 1506 88061 88251
1506 1621 90201 90316
1621 3372 91147 92898

>ENSGAGT00000039638
0 83 70 153
83 254 44025 44196
254 404 57323 57473
404 446 59788 59830
446 531 61376 61461
531 609 66023 66101
609 676 68793 68860
676 865 70737 70926
865 1044 80164 80343
1044 1206 82518 82680
1206 1316 86930 87040
1316 1506 88061 88251
1506 1621 90201 90316
1621 3372 91147 92898

>ENSCABT00000000647
0 159 0 159
159 269 3219 3329
269 459 4346 4536
459 735 6483 6759

>ENSCABT00000000638
0 5 0 5
5 592 58 645
592 672 3432 3512

