>FBtr0333109
0 136 16481 16617
136 535 16686 17085
535 727 17144 17336
727 806 17395 17474
806 1310 17532 18036
1310 1399 18099 18188
1399 1488 18545 18634
1488 1514 18881 18907
1514 1539 18978 19003

>FBtr0305212
0 136 16481 16617
136 535 16686 17085
535 727 17144 17336
727 806 17395 17474
806 1310 17532 18036
1310 1399 18099 18188
1399 1488 18545 18634
1488 1605 18978 19095
1605 6193 19156 23744
6193 6384 23810 24001
6384 6507 25308 25431

>FBtr0333105
0 136 16481 16617
136 535 16686 17085
535 727 17144 17336
727 806 17395 17474
806 1310 17532 18036
1310 1399 18099 18188
1399 1488 18545 18634
1488 1605 18978 19095
1605 6193 19156 23744
6193 6384 23810 24001
6384 6501 25967 26084
6501 7017 26145 26661
7017 7677 27017 27677
7677 8252 27897 28472
8252 8508 28530 28786

>FBtr0305210
0 136 16481 16617
136 535 16686 17085
535 727 17144 17336
727 806 17395 17474
806 1310 17532 18036
1310 1399 18099 18188
1399 1488 18545 18634
1488 1605 18978 19095
1605 6193 19156 23744
6193 6384 23810 24001
6384 6501 25967 26084
6501 7017 26145 26661
7017 7677 27017 27677
7677 8252 27897 28472
8252 8508 28530 28786

>FBtr0305211
0 136 16481 16617
136 535 16686 17085
535 727 17144 17336
727 806 17395 17474
806 1310 17532 18036
1310 1399 18099 18188
1399 1488 18545 18634
1488 1605 18978 19095
1605 6193 19156 23744
6193 6384 23810 24001
6384 6507 25308 25431

>FBtr0333108
0 136 16481 16617
136 535 16686 17085
535 727 17144 17336
727 806 17395 17474
806 1310 17532 18036
1310 1399 18099 18188
1399 1488 18545 18634
1488 1605 18978 19095
1605 6193 19156 23744
6193 6384 23810 24001
6384 6501 25967 26084
6501 7017 26145 26661
7017 7677 27017 27677
7677 7811 28338 28472
7811 8067 28530 28786

>FBtr0333106
0 136 16481 16617
136 535 16686 17085
535 727 17144 17336
727 806 17395 17474
806 1310 17532 18036
1310 1399 18099 18188
1399 1488 18545 18634
1488 1605 18978 19095
1605 6193 19156 23744
6193 6384 23810 24001
6384 6501 25967 26084
6501 7017 26145 26661
7017 7677 27017 27677
7677 8252 27897 28472
8252 8508 28530 28786

>FBtr0333107
0 136 16481 16617
136 535 16686 17085
535 727 17144 17336
727 806 17395 17474
806 1310 17532 18036
1310 1399 18099 18188
1399 1425 18881 18907
1425 1542 18978 19095
1542 6130 19156 23744
6130 6321 23810 24001
6321 6438 25967 26084
6438 6954 26145 26661
6954 7614 27017 27677
7614 8189 27897 28472
8189 8445 28530 28786

>Y71G12B.11a.1
0 133 5 138
133 683 318 868
683 1075 3455 3847
1075 1536 5074 5535
1536 2150 6613 7227
2150 2907 9225 9982
2907 2981 11705 11779
2981 7062 12855 16936
7062 7446 17235 17619
7446 7662 18465 18681

>Y71G12B.11b.1
0 133 5 138
133 683 318 868
683 1075 3455 3847
1075 1536 5074 5535
1536 2150 6613 7227
2150 2907 9225 9982
2907 2991 11200 11284

>Y71G12B.11c.1
0 161 8303 8464
161 918 9225 9982
918 992 11705 11779
992 5073 12855 16936
5073 5457 17235 17619
5457 5673 18465 18681

>Y71G12B.11d.1
0 3936 13000 16936
3936 4320 17235 17619
4320 4536 18465 18681

>Y71G12B.11e.1
0 441 5094 5535
441 1055 6613 7227
1055 1812 9225 9982
1812 1886 11705 11779
1886 5967 12855 16936
5967 6351 17235 17619
6351 6567 18465 18681

>Y71G12B.11f.1
0 441 5094 5535
441 1055 6613 7227
1055 1812 9225 9982
1812 1896 11200 11284

>Y71G12B.11g.1
0 177 18504 18681

>Y71G12B.11g.2
0 177 18504 18681

>ENSCINT00000019390
0 136 0 136
136 234 883 981
234 309 1128 1203
309 364 1431 1486
364 435 1885 1956
435 517 2342 2424
517 660 2499 2642
660 788 3253 3381
788 957 3527 3696
957 1113 3925 4081
1113 1292 4295 4474
1292 1470 4605 4783
1470 1584 5224 5338
1584 1693 6005 6114
1693 1833 6337 6477
1833 1995 6679 6841
1995 2163 7158 7326
2163 2365 7537 7739
2365 2499 7952 8086
2499 2631 8258 8390
2631 2874 8595 8838
2874 2991 9025 9142
2991 3126 9472 9607
3126 3339 9774 9987
3339 3567 10129 10357
3567 3687 10591 10711
3687 3885 11261 11459
3885 4025 11677 11817
4025 4119 11968 12062
4119 4332 12206 12419
4332 4476 12600 12744
4476 4638 12999 13161
4638 4779 13441 13582
4779 4961 13790 13972
4961 5109 14340 14488
5109 5196 14599 14686
5196 5367 14860 15031
5367 5508 16519 16660
5508 5733 16968 17193
5733 5880 17373 17520
5880 6050 17649 17819
6050 6234 18055 18239
6234 6360 18394 18520
6360 6477 18758 18875
6477 6663 19422 19608
6663 6877 19774 19988
6877 7002 20249 20374
7002 7128 20507 20633
7128 7374 20742 20988
7374 7611 21747 21984

>ENSCINT00000019392
0 136 0 136
136 234 883 981
234 309 1128 1203
309 364 1431 1486
364 435 1885 1956
435 517 2342 2424
517 660 2499 2642
660 788 3253 3381
788 957 3527 3696
957 1113 3925 4081
1113 1292 4295 4474
1292 1473 4602 4783
1473 1587 5224 5338
1587 1696 6005 6114
1696 1836 6337 6477
1836 1998 6679 6841
1998 2166 7158 7326
2166 2368 7537 7739
2368 2502 7952 8086
2502 2634 8258 8390
2634 2877 8595 8838
2877 2994 9025 9142
2994 3129 9472 9607
3129 3342 9774 9987
3342 3570 10129 10357
3570 3690 10591 10711
3690 3888 11261 11459
3888 4028 11677 11817
4028 4122 11968 12062
4122 4335 12206 12419
4335 4479 12600 12744
4479 4641 12999 13161
4641 4782 13441 13582
4782 4964 13790 13972
4964 5112 14340 14488
5112 5199 14599 14686
5199 5370 14860 15031
5370 5475 16968 17073
5475 5622 17373 17520
5622 5792 17649 17819
5792 5976 18055 18239
5976 6102 18394 18520
6102 6219 18758 18875
6219 6405 19422 19608
6405 6619 19774 19988
6619 6744 20249 20374
6744 6870 20507 20633
6870 7116 20742 20988
7116 7134 21747 21765

>ENSCSAVT00000020129
0 136 49 185
136 234 906 1004
234 309 1124 1199
309 364 1714 1769
364 444 2479 2559
444 526 3300 3382
526 669 3947 4090
669 797 5148 5276
797 966 5626 5795
966 1122 6105 6261
1122 1301 6913 7092
1301 1479 7842 8020
1479 1518 8745 8784
1518 1632 9339 9453
1632 1741 10071 10180
1741 1881 10798 10938
1881 1986 11338 11443
1986 2049 11447 11510
2049 2217 13184 13352
2217 2415 14067 14265
2415 2541 14852 14978
2541 2673 15514 15646
2673 2916 16396 16639
2916 3033 17055 17172
3033 3168 17587 17722
3168 3382 17958 18172
3382 3630 18578 18826
3630 3750 19150 19270
3750 3948 20667 20865
3948 4088 22161 22301
4088 4182 22563 22657
4182 4395 23352 23565
4395 4539 24040 24184
4539 4701 24706 24868
4701 4842 25833 25974
4842 5024 26635 26817
5024 5172 27530 27678
5172 5262 28181 28271
5262 5433 28875 29046
5433 5596 33136 33299
5596 5738 33496 33638
5738 5793 34324 34379
5793 5850 34435 34492
5850 5922 34518 34590
5922 6092 35275 35445
6092 6276 35896 36080
6276 6402 36578 36704
6402 6549 36959 37106
6549 6711 37911 38073
6711 6925 38509 38723
6925 7050 39034 39159
7050 7176 39856 39982
7176 7422 40255 40501
7422 7650 41344 41572

>ENSCSAVT00000020130
0 136 49 185
136 234 906 1004
234 309 1124 1199
309 364 1714 1769
364 444 2479 2559
444 526 3300 3382
526 669 3947 4090
669 797 5148 5276
797 966 5626 5795
966 1122 6105 6261
1122 1301 6913 7092
1301 1479 7842 8020
1479 1593 9339 9453
1593 1702 10071 10180
1702 1842 10798 10938
1842 1947 11338 11443
1947 2010 11447 11510
2010 2178 13184 13352
2178 2376 14067 14265
2376 2502 14852 14978
2502 2634 15514 15646
2634 2877 16396 16639
2877 2994 17055 17172
2994 3129 17587 17722
3129 3343 17958 18172
3343 3591 18578 18826
3591 3711 19150 19270
3711 3909 20667 20865
3909 4049 22161 22301
4049 4143 22563 22657
4143 4356 23352 23565
4356 4500 24040 24184
4500 4662 24706 24868
4662 4803 25833 25974
4803 4985 26635 26817
4985 5133 27530 27678
5133 5223 28181 28271
5223 5394 28875 29046
5394 5532 33136 33274
5532 5699 33471 33638
5699 5769 34332 34402
5769 5871 34435 34537
5871 5919 34542 34590
5919 6089 35275 35445
6089 6273 35896 36080
6273 6399 36578 36704
6399 6516 36959 37076
6516 6702 37887 38073
6702 6916 38509 38723
6916 7041 39034 39159
7041 7167 39856 39982
7167 7413 40255 40501
7413 7629 41344 41560

>ENSCSAVT00000020131
0 136 49 185
136 234 906 1004
234 309 1124 1199
309 364 1714 1769
364 444 2479 2559
444 526 3300 3382
526 669 3947 4090
669 797 5148 5276
797 966 5626 5795
966 1122 6105 6261
1122 1301 6913 7092
1301 1479 7842 8020
1479 1593 9339 9453
1593 1702 10071 10180
1702 1842 10798 10938
1842 1947 11338 11443
1947 2010 11447 11510
2010 2178 13184 13352
2178 2376 14067 14265
2376 2502 14852 14978
2502 2634 15514 15646
2634 2877 16396 16639
2877 2994 17055 17172
2994 3129 17587 17722
3129 3343 17958 18172
3343 3591 18578 18826
3591 3711 19150 19270
3711 3909 20667 20865
3909 4049 22161 22301
4049 4143 22563 22657
4143 4356 23352 23565
4356 4500 24040 24184
4500 4662 24706 24868
4662 4803 25833 25974
4803 4985 26635 26817
4985 5098 27530 27643
5098 5106 27728 27736
5106 5175 28202 28271
5175 5357 28875 29057
5357 5430 33482 33555
5430 5451 33606 33627
5451 5553 34435 34537
5553 5601 34542 34590
5601 5771 35275 35445
5771 5955 35896 36080
5955 6081 36578 36704
6081 6198 36959 37076
6198 6375 37896 38073
6375 6589 38509 38723
6589 6714 39034 39159
6714 6840 39856 39982
6840 7086 40255 40501
7086 7302 41344 41560

>ENSCSAVT00000020132
0 136 49 185
136 234 906 1004
234 309 1124 1199
309 364 1714 1769
364 444 2479 2559
444 526 3300 3382
526 669 3947 4090
669 797 5148 5276
797 966 5626 5795
966 1122 6105 6261
1122 1199 7015 7092
1199 1230 14821 14852

>ENSCSAVT00000020135
0 85 18087 18172
85 333 18578 18826
333 425 20165 20257
425 481 20459 20515
481 762 20584 20865
762 902 22161 22301
902 996 22563 22657
996 1107 23352 23463

>ENSCSAVT00000020137
0 228 40273 40501
228 300 40733 40805

