>T05B11.6.1
0 31 0 31
31 201 76 246
201 482 299 580
482 800 653 971
800 1158 1048 1406

>T05B11.2.1
0 40 0 40
40 210 91 261
210 491 311 592
491 809 838 1156
809 1167 1229 1587

>C13D9.3.1
0 31 0 31
31 201 77 247
201 482 291 572
482 800 727 1045
800 1158 1302 1660

>T01G5.4.1
0 115 0 115
115 285 162 332
285 569 379 663
569 890 993 1314
890 1248 1458 1816

>K11D12.3a.1
0 52 25 77
52 101 1386 1435
101 179 1491 1569
179 530 1828 2179
530 702 2333 2505
702 1212 2556 3066

>K11D12.3b.1
0 52 907 959
52 101 1386 1435
101 179 1491 1569
179 530 1828 2179
530 702 2333 2505
702 1212 2556 3066

>C13D9.1.1
0 125 0 125
125 554 604 1033
554 875 1082 1403
875 1233 1708 2066

>W07G4.6a.1
0 122 1691 1813
122 261 1860 1999
261 548 2045 2332
548 723 2726 2901
723 984 2944 3205
984 1047 3257 3320
1047 1218 3912 4083

>W07G4.6a.2
0 122 1691 1813
122 261 1860 1999
261 548 2045 2332
548 723 2726 2901
723 984 2944 3205
984 1047 3257 3320
1047 1218 3912 4083

>W07G4.6b.1
0 4 175 179
4 140 1677 1813
140 279 1860 1999
279 566 2045 2332
566 741 2726 2901
741 1002 2944 3205
1002 1065 3257 3320
1065 1236 3912 4083

>T26H2.8.1
0 201 88 289
201 348 747 894
348 485 937 1074
485 657 1660 1832
657 736 2586 2665
736 806 2712 2782
806 918 2828 2940
918 1164 3208 3454

>F36D3.3.1
0 207 0 207
207 354 262 409
354 491 513 650
491 663 710 882
663 742 1042 1121
742 812 1168 1238
812 924 1289 1401
924 1146 1544 1766

