>B0563.6a.1
0 23 133 156
23 112 2516 2605
112 597 4273 4758
597 747 4808 4958
747 840 5002 5095
840 1110 5187 5457
1110 1305 6149 6344

>B0563.6b.1
0 85 2520 2605
85 570 4273 4758
570 720 4808 4958
720 813 5002 5095
813 1059 5187 5433
1059 1254 6149 6344

>B0563.6c.1
0 23 133 156
23 112 2516 2605
112 597 4273 4758
597 747 4808 4958
747 840 5002 5095
840 1110 5187 5457
1110 1250 6149 6289
1250 1266 7653 7669

>FBtr0332379
0 144 6042 6186
144 298 7470 7624
298 448 11461 11611
448 542 12032 12126
542 1212 12177 12847
1212 1323 12959 13070

>FBtr0302908
0 144 6042 6186
144 298 7470 7624
298 448 11461 11611
448 542 12032 12126
542 1365 12177 13000

>FBtr0302909
0 144 6042 6186
144 298 7470 7624
298 448 11461 11611
448 542 12032 12126
542 1365 12177 13000

>FBtr0091616
0 144 6042 6186
144 298 7470 7624
298 448 11461 11611
448 542 12032 12126
542 1365 12177 13000

