>ENSPMET00000025642
0 237 0 237

>ENSPLAT00000002167
0 237 0 237

>ENSPRET00000004757
0 252 0 252

>ENSXCOT00000022748
0 252 0 252

>ENSGAFT00000017505
0 246 0 246
246 279 1149 1182

>ENSACLT00000006162
0 164 0 164
164 216 212 264

>ENSHBUT00000031636
0 164 0 164
164 216 212 264

>ENSMZET00005034656
0 164 0 164
164 216 212 264

>ENSPNYT00000026383
0 164 0 164
164 216 212 264

>ENSNBRT00000004186
0 6 0 6
6 173 531 698
173 225 749 801

>ENSACIT00000028327
0 161 0 161
161 184 212 235
184 276 1703 1795

>ENSMAMT00000019413
0 157 0 157
157 249 199 291

>ENSMMOT00000024381
0 152 0 152
152 162 188 198
162 204 2212 2254

