>FBtr0070910
0 307 908 1215
307 597 1410 1700
597 936 1770 2109
936 1863 2577 3504
1863 2034 3573 3744
2034 2231 3844 4041
2231 2430 4110 4309

>FBtr0343373
0 307 908 1215
307 597 1410 1700
597 936 1770 2109
936 948 2383 2395
948 1875 2577 3504
1875 2046 3573 3744
2046 2243 3844 4041
2243 2442 4110 4309

>FBtr0070909
0 307 908 1215
307 597 1410 1700
597 936 1770 2109
936 1863 2577 3504
1863 2034 3573 3744
2034 2231 3844 4041
2231 2430 4110 4309

>FBtr0084399
0 2154 73 2227

>ENSABRT00000033483
0 175 3304 3479
175 311 4182 4318
311 474 4672 4835
474 599 5380 5505
599 708 5802 5911
708 816 6008 6116
816 970 6471 6625
970 1038 6864 6932
1038 1160 7099 7221
1160 1287 7550 7677
1287 1392 8370 8475
1392 1495 9034 9137
1495 1728 9704 9937
1728 1878 10076 10226
1878 2075 11031 11228
2075 2210 11629 11764
2210 2280 12613 12683

>ENSABRT00000033542
0 115 3364 3479
115 251 4182 4318
251 414 4672 4835
414 539 5380 5505
539 648 5802 5911
648 756 6008 6116
756 910 6471 6625
910 978 6864 6932
978 1100 7099 7221
1100 1227 7550 7677
1227 1332 8370 8475
1332 1435 9034 9137
1435 1737 9704 10006
1737 1934 11031 11228
1934 2069 11629 11764
2069 2139 12613 12683

