>FBtr0308126
0 28 2293 2321
28 230 45016 45218
230 491 61678 61939
491 688 62210 62407
688 2920 71919 74151
2920 3594 74258 74932

>FBtr0308125
0 28 2293 2321
28 230 45016 45218
230 491 61678 61939
491 688 62210 62407
688 2920 71919 74151
2920 3595 74258 74933
3595 3943 80377 80725
3943 3969 86126 86152

>FBtr0308127
0 28 2293 2321
28 230 45016 45218
230 491 61678 61939
491 688 62210 62407
688 2920 71919 74151
2920 3595 74258 74933
3595 3967 76614 76986
3967 4315 80377 80725
4315 4341 86126 86152

>FBtr0077465
0 94 1299 1393
94 293 43137 43336
293 554 48127 48388
554 751 48449 48646
751 2941 66473 68663
2941 3448 69245 69752
3448 3817 76059 76428
3817 3996 82244 82423

>FBtr0334266
0 94 1299 1393
94 293 43137 43336
293 554 48127 48388
554 751 48449 48646
751 2941 66473 68663
2941 3448 69245 69752
3448 3817 76059 76428
3817 3843 81921 81947

>FBtr0334265
0 94 1299 1393
94 293 43137 43336
293 554 48127 48388
554 751 48449 48646
751 2941 66473 68663
2941 3448 69245 69752
3448 3817 76059 76428
3817 3996 82244 82423

>F39H12.4.1
0 64 15 79
64 221 129 286
221 421 431 631
421 533 1432 1544
533 617 1591 1675
617 1014 1750 2147
1014 1157 2281 2424
1157 1380 2471 2694
1380 1536 2742 2898
1536 2394 2947 3805
2394 2610 4025 4241
2610 2791 4385 4566
2791 2927 4618 4754
2927 3038 4804 4915
3038 3136 4957 5055
3136 3222 5528 5614

