>R08C7.7.1
0 201 0 201
201 503 552 854
503 645 956 1098
645 783 1492 1630
783 961 1734 1912
961 1071 1960 2070

>C31E10.1.1
0 500 0 500
500 672 554 726
672 785 768 881
785 1053 934 1202

>R11D1.5.1
0 198 156 354
198 286 783 871
286 365 919 998
365 639 1048 1322
639 949 1587 1897
949 1056 1940 2047

>R11D1.6.1
0 198 0 198
198 365 474 641
365 497 690 822
497 639 865 1007
639 771 1425 1557
771 949 1791 1969
949 1041 2015 2107

>ZK285.1.1
0 180 0 180
180 268 225 313
268 347 464 543
347 482 588 723
482 624 768 910
624 987 977 1340

>Y37H2C.4.1
0 60 0 60
60 148 106 194
148 227 266 345
227 347 661 781
347 489 1003 1145
489 852 1191 1554

>Y68A4A.3.1
0 165 0 165
165 253 304 392
253 332 442 521
332 467 570 705
467 609 756 898
609 972 951 1314

>F20E11.4.1
0 165 0 165
165 253 276 364
253 332 678 757
332 467 810 945
467 609 994 1136
609 972 1188 1551

>T01G6.3.1
0 201 0 201
201 289 393 481
289 368 527 606
368 503 653 788
503 645 1223 1365
645 1074 1481 1910

