>ENSCABT00000033827
0 117 0 117
117 362 267 512
362 511 827 976
511 637 1070 1196
637 799 3462 3624
799 944 4473 4618
944 1078 5694 5828
1078 1238 6424 6584
1238 1342 8921 9025
1342 1446 9216 9320

>ENSCABT00000005606
0 117 0 117
117 362 276 521
362 511 839 988
511 637 1082 1208
637 799 2714 2876
799 944 3725 3870
944 1078 4946 5080
1078 1238 5676 5836
1238 1342 8126 8230
1342 1446 8423 8527

>ENSGAGT00000013344
0 108 0 108
108 353 268 513
353 411 828 886
411 502 981 1072
502 628 1166 1292
628 790 3635 3797
790 935 4644 4789
935 1069 5937 6071
1069 1233 6664 6828

>ENSPSIT00000018033
0 105 56 161
105 350 308 553
350 499 861 1010
499 625 1104 1230
625 787 4515 4677
787 932 5500 5645
932 1066 6530 6664
1066 1226 7294 7454
1226 1330 8344 8448
1330 1431 8638 8739

