>ENSCSAVT00000009703
0 118 4141 4259
118 231 7467 7580
231 372 8455 8596
372 446 8825 8899
446 560 9174 9288
560 651 9992 10083

>ENSCSAVT00000009704
0 58 45 103
58 198 1311 1451
198 243 1639 1684
243 353 1761 1871
353 534 3441 3622
534 607 3692 3765
607 780 4064 4237

>ENSCINT00000022420
0 70 51 121
70 210 1899 2039
210 255 2268 2313
255 365 2518 2628
365 546 4917 5098
546 619 5408 5481
619 814 5647 5842
814 898 7949 8033
898 1011 9026 9139
1011 1152 9566 9707
1152 1223 10353 10424
1223 1337 10476 10590
1337 1431 10735 10829

>ENSCINT00000006586
0 67 0 67
67 204 2715 2852
204 326 3326 3448
326 439 4296 4409
439 540 4695 4796
540 644 5048 5152
644 811 6389 6556
811 898 7081 7168
898 1011 7675 7788
1011 1186 8094 8269
1186 1281 8608 8703
1281 1450 8980 9149
1450 1594 9482 9626
1594 1815 10292 10513

>ENSEBUT00000009887
0 222 221 443
222 267 967 1012
267 377 3995 4105
377 687 5918 6228

>C31H5.3a.1
0 52 35 87
52 192 2843 2983
192 398 3029 3235
398 790 3422 3814
790 877 3861 3948
877 990 3991 4104
990 1097 4150 4257
1097 1350 4639 4892
1350 1665 4949 5264

>C31H5.3b.1
0 70 2683 2753
70 210 2843 2983
210 416 3029 3235
416 808 3422 3814
808 895 3861 3948
895 1008 3991 4104
1008 1115 4150 4257
1115 1368 4639 4892
1368 1683 4949 5264

