>ENSMUST00000093935
0 534 53 587

>ENSMUST00000058761
0 534 53 587

>ENSMSIT00000045251
0 534 0 534

>ENSMSIT00000045244
0 531 0 531

>MGP_SPRETEiJ_T0031220
0 100 53 153
100 222 8548 8670

>MGP_CAROLIEiJ_T0029801
0 101 53 154
101 507 5830 6237

>MGP_PahariEiJ_T0036532
0 465 33 498

>MGP_SPRETEiJ_T0031221
0 456 33 489

>MGP_CAROLIEiJ_T0029802
0 465 33 498

>ENSMUST00000105053
0 471 33 504

>ENSMSIT00000045248
0 471 0 471

>ENSRNOT00000055286
0 549 55 604

>ENSRNOT00000065405
0 534 21 555

>ENSRNOT00000073764
0 510 55 565

>ENSRNOT00000064626
0 306 55 361
306 309 722 725
309 498 830 1019

