>ENSCHAT00000021979
0 312 0 312
312 417 636 741
417 534 15227 15344
534 584 15568 15618
584 697 16207 16320
697 840 19090 19233
840 908 20617 20685
908 1006 21209 21307
1006 1213 21725 21932
1213 1311 22461 22559
1311 1397 22761 22847
1397 1572 23271 23446

>ENSDCDT00000000153
0 47 303 350
47 117 1187 1257
117 243 2081 2207
243 351 7339 7447
351 396 7528 7573
396 499 7782 7885
499 642 8385 8528
642 710 8619 8687
710 808 8979 9077
808 1009 9369 9570
1009 1107 9842 9940
1107 1221 10975 11089

>ENSDCDT00000000154
0 47 303 350
47 117 1187 1257
117 234 2081 2198
234 351 7330 7447
351 384 7528 7561
384 437 7634 7687
437 550 7772 7885
550 693 8385 8528
693 761 8619 8687
761 859 8979 9077
859 1060 9369 9570
1060 1224 9842 10006

>ENSPNAT00000035518
0 47 201 248
47 117 6486 6556
117 246 13017 13146
246 363 27075 27192
363 396 27286 27319
396 458 27444 27506
458 571 27881 27994
571 714 28675 28818
714 782 29914 29982
782 880 30210 30308
880 1081 30402 30603
1081 1179 31241 31339
1179 1257 31446 31524
1257 1335 31996 32074
1335 1515 32150 32330
1515 1570 34084 34139
1570 1696 34563 34689
1696 1776 35424 35504
1776 1826 36317 36367
1826 1999 37775 37948
1999 2477 38313 38791
2477 9791 38957 46271
9791 9992 47754 47955
9992 10176 48083 48267
10176 10317 49425 49566
10317 10417 50686 50786
10417 10581 50856 51020
10581 10646 51128 51193
10646 10849 51517 51720
10849 10929 51811 51891
10929 11088 53103 53262
11088 11193 53459 53564

