>ENSEBUT00000023518
0 135 33 168
135 279 16161 16305
279 387 22720 22828
387 423 23041 23077
423 489 23271 23337
489 555 25375 25441
555 630 25983 26058
630 849 42280 42499
849 964 43670 43785
964 1068 82729 82833
1068 1176 85608 85716
1176 1272 86132 86228
1272 1434 91105 91267
1434 1518 93348 93432
1518 1668 93618 93768
1668 1800 95222 95354
1800 1912 95601 95713
1912 1989 95844 95921
1989 2130 100705 100846
2130 2184 100936 100990
2184 2315 119955 120086
2315 2385 120457 120527
2385 2496 120665 120776
2496 2595 135852 135951
2595 2736 136339 136480
2736 2822 137844 137930
2822 2907 139387 139472
2907 3087 154403 154583
3087 3185 155937 156035
3185 3281 156792 156888
3281 3456 168793 168968
3456 3598 172984 173126
3598 3745 173296 173443
3745 3816 192453 192524
3816 3980 198300 198464
3980 4042 198624 198686
4042 4276 200499 200733
4276 4391 201596 201711
4391 4536 216206 216351
4536 4656 217194 217314
4656 4800 225824 225968
4800 4899 226412 226511
4899 4982 226645 226728
4982 5124 237517 237659
5124 5244 245984 246104
5244 5492 246263 246511
5492 5638 280013 280159
5638 5762 281510 281634
5762 5910 282434 282582
5910 6006 295007 295103
6006 6110 295731 295835
6110 6224 296374 296488
6224 6324 299495 299595
6324 6444 299721 299841
6444 6528 307279 307363
6528 6631 307482 307585
6631 6753 308724 308846
6753 6867 327061 327175
6867 6933 405875 405941
6933 7000 420246 420313
7000 7079 420762 420841
7079 7155 427406 427482
7155 7242 433956 434043
7242 7356 434156 434270
7356 7416 435934 435994

