>FBtr0330122
0 107 10122 10229
107 301 10778 10972
301 420 11051 11170
420 619 15154 15353
619 775 15634 15790
775 1080 15859 16164
1080 1427 16462 16809
1427 1846 16877 17296
1846 2015 18364 18533
2015 2264 18598 18847
2264 2394 18906 19036
2394 2540 46012 46158
2540 2820 47049 47329
2820 2952 48529 48661
2952 3135 58184 58367
3135 3336 59625 59826
3336 3564 62964 63192
3564 3751 64469 64656
3751 3866 68567 68682
3866 4018 70578 70730
4018 4215 73527 73724
4215 4359 76553 76697
4359 4554 77813 78008
4554 4663 78073 78182
4663 4843 80071 80251
4843 4981 80313 80451
4981 5139 80503 80661
5139 5517 80726 81104
5517 5746 81193 81422
5746 6029 81531 81814
6029 6133 82191 82295
6133 6216 88555 88638

>FBtr0330123
0 107 10122 10229
107 301 10778 10972
301 420 11051 11170
420 619 15154 15353
619 775 15634 15790
775 1080 15859 16164
1080 1427 16462 16809
1427 1846 16877 17296
1846 1903 18094 18151
1903 2072 18364 18533
2072 2321 18598 18847
2321 2451 18906 19036
2451 2597 46012 46158
2597 2877 47049 47329
2877 3009 48529 48661
3009 3192 58184 58367
3192 3393 59625 59826
3393 3621 62964 63192
3621 3808 64469 64656
3808 3923 68567 68682
3923 4075 70578 70730
4075 4272 73527 73724
4272 4416 76553 76697
4416 4611 77813 78008
4611 4720 78073 78182
4720 4900 80071 80251
4900 5038 80313 80451
5038 5196 80503 80661
5196 5574 80726 81104
5574 5803 81193 81422
5803 6086 81531 81814
6086 8202 82191 84307

>FBtr0346962
0 107 10122 10229
107 301 10778 10972
301 420 11051 11170
420 619 15154 15353
619 775 15634 15790
775 1080 15859 16164
1080 1427 16462 16809
1427 1846 16877 17296
1846 1903 18094 18151
1903 2072 18364 18533
2072 2321 18598 18847
2321 2451 18906 19036
2451 2597 46012 46158
2597 2877 47049 47329
2877 3009 48529 48661
3009 3192 58184 58367
3192 3393 59625 59826
3393 3621 62964 63192
3621 3808 64469 64656
3808 3923 68567 68682
3923 4075 70578 70730
4075 4272 73527 73724
4272 4416 76553 76697
4416 4611 77813 78008
4611 4720 78073 78182
4720 4900 80071 80251
4900 5038 80313 80451
5038 5196 80503 80661
5196 5574 80726 81104
5574 5803 81193 81422
5803 6086 81531 81814
6086 8028 82191 84133

>FBtr0330124
0 128 46030 46158
128 408 47049 47329
408 540 48529 48661
540 723 58184 58367
723 924 59625 59826
924 1152 62964 63192
1152 1339 64469 64656
1339 1454 68567 68682
1454 1606 70578 70730
1606 1803 73527 73724
1803 1974 76526 76697
1974 2169 77813 78008
2169 2278 78073 78182
2278 2458 80071 80251
2458 2596 80313 80451
2596 2754 80503 80661
2754 3132 80726 81104
3132 3361 81193 81422
3361 3623 81552 81814
3623 3727 82191 82295
3727 3810 88555 88638

>FBtr0112710
0 2334 38778 41112
2334 2480 46012 46158
2480 2760 47049 47329
2760 2892 48529 48661
2892 3075 58184 58367
3075 3276 59625 59826
3276 3504 62964 63192
3504 3691 64469 64656
3691 3806 68567 68682
3806 3958 70578 70730
3958 4155 73527 73724
4155 4326 76526 76697
4326 4521 77813 78008
4521 4630 78073 78182
4630 4810 80071 80251
4810 4948 80313 80451
4948 5106 80503 80661
5106 5484 80726 81104
5484 5713 81193 81422
5713 5996 81531 81814
5996 6100 82191 82295
6100 6183 88555 88638

>FBtr0112708
0 107 10122 10229
107 301 10778 10972
301 420 11051 11170
420 619 15154 15353
619 775 15634 15790
775 1080 15859 16164
1080 1427 16462 16809
1427 1846 16877 17296
1846 2015 18364 18533
2015 2264 18598 18847
2264 2394 18906 19036
2394 2540 46012 46158
2540 2820 47049 47329
2820 2952 48529 48661
2952 3135 58184 58367
3135 3336 59625 59826
3336 3564 62964 63192
3564 3751 64469 64656
3751 3866 68567 68682
3866 4018 70578 70730
4018 4215 73527 73724
4215 4359 76553 76697
4359 4554 77813 78008
4554 4663 78073 78182
4663 4843 80071 80251
4843 4981 80313 80451
4981 5139 80503 80661
5139 5517 80726 81104
5517 5746 81193 81422
5746 6029 81531 81814
6029 6133 82191 82295
6133 6216 88555 88638

>FBtr0330126
0 2334 38778 41112
2334 2480 46012 46158
2480 2760 47049 47329
2760 2892 48529 48661
2892 3075 58184 58367
3075 3276 59625 59826
3276 3504 62964 63192
3504 3691 64469 64656
3691 3806 68567 68682
3806 3958 70578 70730
3958 4155 73527 73724
4155 4326 76526 76697
4326 4521 77813 78008
4521 4630 78073 78182
4630 4810 80071 80251
4810 4948 80313 80451
4948 5106 80503 80661
5106 5484 80726 81104
5484 5713 81193 81422
5713 5996 81531 81814
5996 7938 82191 84133

>FBtr0340656
0 49 15304 15353
49 205 15634 15790
205 510 15859 16164
510 857 16462 16809
857 1276 16877 17296
1276 1445 18364 18533
1445 1694 18598 18847
1694 1824 18906 19036
1824 1970 46012 46158
1970 2250 47049 47329
2250 2382 48529 48661
2382 2565 58184 58367
2565 2766 59625 59826
2766 2994 62964 63192
2994 3181 64469 64656
3181 3296 68567 68682
3296 3448 70578 70730
3448 3645 73527 73724
3645 3816 76526 76697
3816 4011 77813 78008
4011 4120 78073 78182
4120 4300 80071 80251
4300 4438 80313 80451
4438 4596 80503 80661
4596 4974 80726 81104
4974 5203 81193 81422
5203 5486 81531 81814
5486 7428 82191 84133

>FBtr0340654
0 107 10122 10229
107 301 10778 10972
301 420 11051 11170
420 619 15154 15353
619 775 15634 15790
775 1080 15859 16164
1080 1427 16462 16809
1427 1846 16877 17296
1846 2015 18364 18533
2015 2264 18598 18847
2264 2394 18906 19036
2394 2540 46012 46158
2540 2820 47049 47329
2820 2952 48529 48661
2952 3135 58184 58367
3135 3336 59625 59826
3336 3564 62964 63192
3564 3751 64469 64656
3751 3866 68567 68682
3866 4018 70578 70730
4018 4215 73527 73724
4215 4386 76526 76697
4386 4581 77813 78008
4581 4690 78073 78182
4690 4870 80071 80251
4870 5008 80313 80451
5008 5166 80503 80661
5166 5544 80726 81104
5544 5773 81193 81422
5773 6056 81531 81814
6056 6160 82191 82295
6160 6243 88555 88638

>FBtr0112712
0 107 10122 10229
107 301 10778 10972
301 420 11051 11170
420 619 15154 15353
619 775 15634 15790
775 1080 15859 16164
1080 1427 16462 16809
1427 1846 16877 17296
1846 2015 18364 18533
2015 2264 18598 18847
2264 2394 18906 19036
2394 2540 46012 46158
2540 2820 47049 47329
2820 2952 48529 48661
2952 3135 58184 58367
3135 3336 59625 59826
3336 3564 62964 63192
3564 3751 64469 64656
3751 3866 68567 68682
3866 4018 70578 70730
4018 4215 73527 73724
4215 4359 76553 76697
4359 4554 77813 78008
4554 4663 78073 78182
4663 4843 80071 80251
4843 4981 80313 80451
4981 5139 80503 80661
5139 5517 80726 81104
5517 5746 81193 81422
5746 6029 81531 81814
6029 7971 82191 84133

>FBtr0330125
0 107 10122 10229
107 301 10778 10972
301 420 11051 11170
420 592 15181 15353
592 748 15634 15790
748 1053 15859 16164
1053 1400 16462 16809
1400 1819 16877 17296
1819 1876 18094 18151
1876 2045 18364 18533
2045 2294 18598 18847
2294 2424 18906 19036
2424 2570 46012 46158
2570 2850 47049 47329
2850 2982 48529 48661
2982 3165 58184 58367
3165 3366 59625 59826
3366 3594 62964 63192
3594 3781 64469 64656
3781 3896 68567 68682
3896 4048 70578 70730
4048 4245 73527 73724
4245 4416 76526 76697
4416 4611 77813 78008
4611 4720 78073 78182
4720 4900 80071 80251
4900 5038 80313 80451
5038 5196 80503 80661
5196 5574 80726 81104
5574 5803 81193 81422
5803 6086 81531 81814
6086 6190 82191 82295
6190 6273 88555 88638

>FBtr0112709
0 2334 38778 41112
2334 2480 46012 46158
2480 2760 47049 47329
2760 2892 48529 48661
2892 3075 58184 58367
3075 3276 59625 59826
3276 3504 62964 63192
3504 3691 64469 64656
3691 3806 68567 68682
3806 3958 70578 70730
3958 4155 73527 73724
4155 4299 76553 76697
4299 4494 77813 78008
4494 4603 78073 78182
4603 4783 80071 80251
4783 4921 80313 80451
4921 5079 80503 80661
5079 5457 80726 81104
5457 5686 81193 81422
5686 5969 81531 81814
5969 6073 82191 82295
6073 6156 88555 88638

>FBtr0340655
0 107 10122 10229
107 292 10787 10972
292 411 11051 11170
411 583 15181 15353
583 739 15634 15790
739 1044 15859 16164
1044 1391 16462 16809
1391 1810 16877 17296
1810 1867 18094 18151
1867 2036 18364 18533
2036 2285 18598 18847
2285 2415 18906 19036
2415 2561 46012 46158
2561 2841 47049 47329
2841 2973 48529 48661
2973 3156 58184 58367
3156 3357 59625 59826
3357 3585 62964 63192
3585 3772 64469 64656
3772 3887 68567 68682
3887 4039 70578 70730
4039 4236 73527 73724
4236 4407 76526 76697
4407 4602 77813 78008
4602 4711 78073 78182
4711 4891 80071 80251
4891 5029 80313 80451
5029 5187 80503 80661
5187 5565 80726 81104
5565 5794 81193 81422
5794 6077 81531 81814
6077 6181 82191 82295
6181 6264 88555 88638

>C11D9.1.1
0 68 2113 2181
68 141 4607 4680
141 235 5532 5626
235 345 6482 6592
345 465 7384 7504
465 528 7550 7613
528 873 8558 8903
873 977 12343 12447
977 1179 12997 13199
1179 1389 13267 13477
1389 1557 14141 14309
1557 1674 14355 14472
1674 1824 14519 14669
1824 2226 15129 15531
2226 2364 15812 15950
2364 2485 16004 16125
2485 2670 16182 16367

>YAL041W_mRNA
0 2565 0 2565

