>ENSCSAVT00000018773
0 240 61 301
240 318 4932 5010
318 372 5887 5941
372 435 6524 6587
435 568 6667 6800
568 614 7432 7478
614 690 7899 7975
690 775 8468 8553
775 902 8946 9073
902 972 9786 9856
972 1083 11290 11401

>ENSCINT00000005804
0 240 55 295
240 318 3453 3531
318 372 5040 5094
372 435 5599 5662
435 568 6574 6707
568 614 7493 7539
614 690 7972 8048
690 772 8633 8715
772 896 9196 9320
896 966 9508 9578
966 1080 10451 10565

>F46A9.6.1
0 283 6536 6819
283 631 7347 7695
631 939 8452 8760

>F46A9.6.2
0 283 6536 6819
283 631 7347 7695
631 939 8452 8760

>F46A9.6.3
0 283 6536 6819
283 631 7347 7695
631 939 8452 8760

