>FBtr0076091
0 474 40 514

>FBtr0080120
0 579 86 665

>FBtr0076090
0 474 117 591

>FBtr0302359
0 474 117 591

>FBtr0087070
0 465 46 511

>FBtr0086150
0 85 979 1064
85 275 5169 5359
275 477 5416 5618

>FBtr0086151
0 85 979 1064
85 275 5169 5359
275 477 5416 5618

>FBtr0086152
0 85 979 1064
85 275 5169 5359
275 477 5416 5618

>FBtr0086153
0 85 979 1064
85 275 5169 5359
275 477 5416 5618

>ENST00000330398
0 79 152 231
79 263 5266 5450
263 468 5589 5794

>ENST00000568562
0 26 152 178
26 192 5266 5432

>ENST00000565223
0 134 5316 5450
134 339 5589 5794

>ENST00000564973
0 134 5316 5450
134 339 5589 5794

>ENSGGOT00000032357
0 79 229 308
79 263 5320 5504
263 468 5643 5848

>ENSPPAT00000060179
0 79 26 105
79 263 5108 5292
263 468 5431 5636

>ENSPTRT00000014113
0 79 377 456
79 263 5461 5645
263 468 5784 5989

>ENSNLET00000012023
0 79 388 467
79 263 5463 5647
263 468 5796 6001

>ENSMNET00000049441
0 79 275 354
79 263 5517 5701
263 468 5845 6050

>ENSTGET00000039076
0 79 391 470
79 263 5371 5555
263 468 5709 5914

>ENSCATT00000052981
0 79 387 466
79 263 5351 5535
263 468 5689 5894

>ENSPANT00000012425
0 79 0 79
79 263 4987 5171
263 468 5325 5530

>ENSCSAT00000008579
0 79 307 386
79 263 5285 5469
263 468 5623 5828

>ENSPTET00000045730
0 79 0 79
79 263 4927 5111
263 468 5268 5473

