>ENSSMRT00000030723
0 199 22304 22503
199 337 24736 24874
337 660 25672 25995
660 840 26940 27120
840 993 30476 30629
993 1119 30935 31061
1119 1314 31740 31935
1314 1494 32752 32932
1494 1546 34858 34910
1546 1662 36342 36458
1662 1766 38554 38658
1766 1819 40245 40298
1819 1943 41247 41371
1943 2145 42396 42598
2145 2272 43530 43657
2272 2513 47907 48148
2513 2610 49026 49123
2610 2706 51851 51947
2706 2839 52216 52349
2839 3019 53432 53612
3019 3144 56749 56874
3144 3260 59580 59696
3260 3465 61442 61647

