>Y53H1A.1a.1
0 46 20 66
46 1074 207 1235
1074 1255 2744 2925
1255 1504 3854 4103
1504 1770 5357 5623

>Y53H1A.1b.1
0 46 20 66
46 1074 207 1235
1074 1255 2744 2925
1255 1410 3854 4009
1410 1479 5357 5426

>FBtr0082479
0 550 125 675
550 908 747 1105
908 1062 1178 1332
1062 1305 1570 1813
1305 1408 2043 2146
1408 1465 2502 2559
1465 1590 2961 3086
1590 1819 3147 3376
1819 2622 3433 4236

>FBtr0082480
0 550 125 675
550 908 747 1105
908 1062 1178 1332
1062 1305 1570 1813
1305 1408 2043 2146
1408 1465 2502 2559
1465 1590 2961 3086
1590 2679 3147 4236

>FBtr0082481
0 550 125 675
550 908 747 1105
908 1062 1178 1332
1062 1305 1570 1813
1305 1408 2043 2146
1408 1465 2502 2559
1465 1542 2989 3066

>ENSAHAT00000007592
0 88 6410 6498
88 274 7691 7877
274 498 10859 11083
498 676 12787 12965
676 867 13193 13384
867 1005 13995 14133
1005 1105 14915 15015
1105 1159 15717 15771
1159 1330 17090 17261
1330 2438 20013 21121
2438 2469 21374 21405

>ENSAHAT00000007594
0 88 6410 6498
88 274 7691 7877
274 498 10859 11083
498 676 12787 12965
676 867 13193 13384
867 1005 13995 14133
1005 1105 14915 15015
1105 1159 15717 15771
1159 1330 17090 17261
1330 2438 20013 21121
2438 2469 21374 21405

>ENSARWT00000020264
0 88 12687 12775
88 274 13968 14154
274 498 17137 17361
498 685 19065 19252
685 876 19480 19671
876 1014 20282 20420
1014 1114 21195 21295
1114 1168 21998 22052
1168 1339 23371 23542
1339 2447 26298 27406
2447 2478 27616 27647

>ENSARWT00000020266
0 88 12687 12775
88 274 13968 14154
274 498 17137 17361
498 685 19065 19252
685 876 19480 19671
876 1014 20282 20420
1014 1114 21195 21295
1114 1168 21998 22052
1168 1339 23371 23542
1339 2447 26298 27406
2447 2478 27616 27647

>ENSAOWT00000008876
0 88 12654 12742
88 274 13935 14121
274 498 17103 17327
498 685 19029 19216
685 876 19444 19635
876 1014 20246 20384
1014 1114 21166 21266
1114 1168 21966 22020
1168 1339 23339 23510
1339 2447 26264 27372
2447 2478 27575 27606

>ENSAOWT00000008881
0 88 12654 12742
88 274 13935 14121
274 498 17103 17327
498 685 19029 19216
685 876 19444 19635
876 1014 20246 20384
1014 1114 21166 21266
1114 1168 21966 22020
1168 1339 23339 23510
1339 2447 26264 27372
2447 2478 27575 27606

>ENSAOWT00000008888
0 88 12654 12742
88 274 13935 14121
274 498 17103 17327
498 685 19029 19216
685 876 19444 19635
876 1014 20246 20384
1014 1114 21166 21266
1114 1168 21966 22020
1168 1339 23339 23510
1339 2447 26264 27372
2447 2478 27575 27606

>ENSAOWT00000008901
0 88 12654 12742
88 274 13935 14121
274 498 17103 17327
498 685 19029 19216
685 876 19444 19635
876 1014 20246 20384
1014 1114 21166 21266
1114 1168 21966 22020
1168 1339 23339 23510
1339 2447 26264 27372
2447 2478 27575 27606

>ENSDNVT00000007986
0 88 31 119
88 274 1331 1517
274 498 4550 4774
498 685 6487 6674
685 876 6926 7117
876 1014 7729 7867
1014 1114 8647 8747
1114 1168 9467 9521
1168 1339 10834 11005
1339 2447 13710 14818
2447 2478 15064 15095

