>ENSAOWT00000002238
0 118 22908 23026
118 232 27331 27445
232 357 28402 28527
357 474 29168 29285
474 662 30067 30255
662 785 30534 30657
785 887 31399 31501
887 1035 34310 34458

>ENSAOWT00000002243
0 118 22908 23026
118 232 27331 27445
232 357 28402 28527
357 474 29168 29285
474 662 30067 30255
662 785 30534 30657
785 887 31399 31501
887 981 32027 32121

>ENSARWT00000010852
0 118 65 183
118 232 4499 4613
232 357 5570 5695
357 474 6333 6450
474 662 7234 7422
662 785 7701 7824
785 887 8567 8669
887 1035 11488 11636

