>ENSCJAT00000020472
0 261 0 261
261 500 354 593
500 515 635 650
515 684 7545 7714
684 1215 7771 8302

>ENSCCAT00000027293
0 14 0 14
14 384 1798 2168
384 1038 2186 2840

>ENSCCAT00000027307
0 14 0 14
14 157 1798 1941
157 369 1956 2168
369 624 2186 2441
624 975 2489 2840

>ENSCCAT00000027312
0 450 1718 2168
450 705 2186 2441
705 1056 2489 2840

>ENSMNET00000051377
0 603 0 603
603 711 615 723
711 990 741 1020

>ENSMNET00000051384
0 83 0 83
83 212 104 233
212 282 251 321
282 351 333 402
351 414 540 603
414 819 615 1020

>ENSTGET00000027789
0 17 0 17
17 839 50 872
839 873 3536 3570

>ENSCJAT00000067882
0 691 0 691
691 710 721 740
710 723 3524 3537

>ENSCJAT00000068722
0 321 0 321
321 598 414 691
598 617 721 740
617 630 3524 3537

>ENST00000400374
0 1206 35 1241

>ENSTGET00000028097
0 321 0 321
321 759 447 885

>ENSPTRT00000074488
0 897 0 897

>ENSPPAT00000041213
0 897 0 897

>ENST00000334670
0 897 45 942

>ENSPPYT00000013352
0 897 0 897

