>ENSPCIT00000046658
0 208 0 208
208 607 2252 2651
607 753 2770 2916
753 879 2996 3122
879 1203 3467 3791

>ENSVURT00010015480
0 216 0 216
216 580 2326 2690
580 726 2853 2999
726 981 3095 3350

>ENSSHAT00000000171
0 208 1685 1893
208 607 4016 4415
607 756 4526 4675
756 996 4762 5002

>ENSMODT00000012877
0 208 1210 1418
208 607 3958 4357
607 753 4476 4622
753 879 4720 4846
879 1206 5260 5587

>ENSDNOT00000050432
0 220 6275 6495
220 595 7005 7380
595 741 7486 7632
741 867 8422 8548
867 1236 9167 9536

