>ENSPCIT00000023503
0 14 0 14
14 55 7464 7505
55 397 11279 11621
397 676 13810 14089
676 871 18081 18276
871 907 21161 21197
907 918 22938 22949

>ENSPCIT00000056567
0 337 11284 11621
337 616 13810 14089
616 811 18081 18276
811 847 21161 21197
847 858 22938 22949

>ENSPCIT00000064645
0 337 11284 11621
337 616 13810 14089
616 811 18081 18276
811 879 21161 21229

>ENSVURT00010004702
0 14 417 431
14 55 7712 7753
55 397 11514 11856
397 676 13927 14206
676 871 17825 18020
871 907 21721 21757
907 918 23470 23481

>ENSSHAT00000014406
0 14 199 213
14 55 9543 9584
55 403 13910 14258
403 688 16314 16599
688 883 19962 20157
883 919 22751 22787
919 930 24489 24500

>ENSMODT00000042628
0 14 0 14
14 55 8581 8622
55 403 11285 11633
403 676 14331 14604
676 868 17313 17505
868 904 19298 19334
904 915 21157 21168

>ENSMODT00000064571
0 14 0 14
14 55 8581 8622
55 403 11285 11633
403 676 14331 14604
676 868 17313 17505
868 879 21157 21168

>ENSLAFT00000016006
0 77 0 77
77 94 942 959
94 103 1862 1871
103 115 2307 2319
115 463 2637 2985
463 777 4079 4393

>ENST00000612610
0 14 187 201
14 55 2516 2557
55 406 3787 4138
406 697 5442 5733
697 862 9560 9725
862 898 10915 10951
898 930 18092 18124

>ENST00000623960
0 14 187 201
14 55 2516 2557
55 406 3787 4138
406 697 5442 5733
697 862 9560 9725
862 898 10915 10951
898 909 12089 12100

>ENST00000623795
0 14 187 201
14 55 2516 2557
55 346 5442 5733
346 511 9560 9725
511 547 10915 10951
547 558 12089 12100

>ENST00000620481
0 14 187 201
14 55 2516 2557
55 346 5442 5733
346 511 9560 9725
511 547 10915 10951
547 579 18092 18124

>ENST00000344330
0 14 149 163
14 55 2478 2519
55 406 3749 4100
406 697 5404 5695
697 862 9522 9687
862 898 10877 10913
898 930 17888 17920

>ENST00000407780
0 14 149 163
14 55 2478 2519
55 406 3749 4100
406 697 5404 5695
697 862 9522 9687
862 898 10877 10913
898 909 11922 11933

>ENST00000400379
0 14 149 163
14 55 2478 2519
55 406 3749 4100
406 697 5404 5695
697 862 9522 9687
862 1422 10877 11437

>ENST00000400377
0 14 149 163
14 55 2478 2519
55 346 5404 5695
346 511 9522 9687
511 547 10877 10913
547 558 11922 11933

>ENSPPAT00000050003
0 14 0 14
14 55 2418 2459
55 406 3689 4040
406 697 5344 5635
697 862 9481 9646
862 888 10841 10867
888 895 10868 10875
895 906 11910 11921

>ENSPPAT00000050006
0 14 0 14
14 55 2418 2459
55 346 5344 5635
346 511 9481 9646
511 537 10841 10867
537 544 10868 10875
544 555 11910 11921

>ENSPTRT00000111015
0 14 0 14
14 55 2348 2389
55 406 3622 3973
406 697 5289 5580
697 733 26024 26060
733 765 33082 33114

>ENSPTRT00000063935
0 14 0 14
14 55 2348 2389
55 406 3622 3973
406 697 5289 5580
697 733 26024 26060
733 744 27110 27121

>ENSGGOT00000057825
0 14 149 163
14 55 2487 2528
55 406 3758 4109
406 697 5413 5704
697 862 9600 9765
862 898 10960 10996
898 909 12031 12042

>ENSGGOT00000030068
0 14 149 163
14 55 2487 2528
55 346 5413 5704
346 511 9600 9765
511 547 10960 10996
547 558 12031 12042

>ENSPPYT00000033846
0 325 3835 4160
325 616 5458 5749
616 781 9261 9426
781 817 10612 10648
817 828 11632 11643

>ENSNLET00000051095
0 14 171 185
14 55 2471 2512
55 406 3742 4093
406 697 5389 5680
697 862 9391 9556
862 898 11065 11101
898 930 17550 17582

>ENSNLET00000060081
0 14 171 185
14 55 2471 2512
55 406 3742 4093
406 697 5389 5680
697 862 9391 9556
862 898 11065 11101
898 909 12009 12020

>ENSNLET00000049296
0 14 171 185
14 55 2471 2512
55 346 5389 5680
346 511 9391 9556
511 547 11065 11101
547 558 12009 12020

>ENSMMUT00000054194
0 14 161 175
14 55 2652 2693
55 406 3929 4280
406 697 5593 5884
697 862 9720 9885
862 898 10771 10807
898 909 12134 12145

>ENSMNET00000034686
0 14 171 185
14 55 2664 2705
55 406 3943 4294
406 697 5607 5898
697 862 9747 9912
862 898 10798 10834
898 909 11977 11988

>ENSCATT00000026698
0 14 171 185
14 55 2581 2622
55 406 3861 4212
406 697 5522 5813
697 862 9653 9818
862 898 10701 10737
898 909 12066 12077

>ENSCATT00000026734
0 14 171 185
14 55 2581 2622
55 346 5522 5813
346 511 9653 9818
511 547 10701 10737
547 558 12066 12077

>ENSPANT00000015073
0 14 0 14
14 55 2477 2518
55 406 3756 4107
406 697 5417 5708
697 862 9220 9385
862 898 10244 10280
898 909 11356 11367

>ENSPANT00000049896
0 14 0 14
14 55 2477 2518
55 346 5417 5708
346 511 9220 9385
511 547 10244 10280
547 558 11356 11367

>ENSTGET00000028894
0 14 138 152
14 55 2540 2581
55 406 3819 4170
406 697 5510 5801
697 862 9316 9481
862 898 10338 10374
898 909 11448 11459

>ENSTGET00000028900
0 14 138 152
14 55 2540 2581
55 346 5510 5801
346 511 9316 9481
511 547 10338 10374
547 558 11448 11459

>ENSCSAT00000005927
0 14 120 134
14 55 2664 2705
55 406 3944 4295
406 697 5609 5900
697 862 8005 8170
862 898 9071 9107
898 909 10403 10414

>ENSRBIT00000062548
0 14 171 185
14 55 2566 2607
55 406 3842 4193
406 697 5854 6145
697 862 10347 10512
862 898 11389 11425
898 909 13025 13036

>ENSRBIT00000062550
0 14 171 185
14 55 2566 2607
55 406 3842 4193
406 697 5854 6145
697 862 10347 10512
862 873 13025 13036

>ENSRBIT00000062551
0 14 171 185
14 55 2566 2607
55 346 5854 6145
346 511 10347 10512
511 547 11389 11425
547 558 13025 13036

>ENSRROT00000050268
0 325 1520 1845
325 616 3504 3795
616 781 7816 7981
781 817 8852 8888
817 828 10239 10250

