>ENSPKIT00000019406
0 95 1 96
95 158 196 259
158 191 367 400
191 216 582 607
216 349 780 913
349 509 1251 1411
509 594 1487 1572
594 686 1674 1766
686 741 1857 1912
741 869 2145 2273
869 948 2567 2646
948 1097 2922 3071
1097 1260 3286 3449
1260 1341 3875 3956
1341 1487 4132 4278
1487 1584 4434 4531
1584 1723 4612 4751
1723 1856 4988 5121
1856 1962 5262 5368

>ENSSFOT00015025310
0 98 399 497
98 161 691 754
161 194 873 906
194 219 1069 1094
219 352 1230 1363
352 512 2413 2573
512 603 2711 2802
603 695 2973 3065
695 750 3917 3972
750 878 4272 4400
878 957 4574 4653
957 1106 4853 5002
1106 1269 5210 5373
1269 1350 5556 5637
1350 1496 6002 6148
1496 1593 6451 6548
1593 1732 6666 6805
1732 1865 7138 7271
1865 1971 7482 7588

