>ENSCMIT00000008673
0 273 0 273
273 430 647 804
430 625 1457 1652
625 669 2002 2046
669 826 2426 2583
826 924 2930 3028
924 1155 3716 3947

>ENSXETT00000035080
0 142 0 142
142 152 2090 2100
152 177 2764 2789
177 195 2966 2984
195 413 3040 3258
413 433 3847 3867
433 453 4051 4071
453 490 4646 4683
490 523 4897 4930
523 579 5760 5816
579 626 9024 9071
626 640 9714 9728
640 750 9797 9907
750 972 10050 10272

>ENSPKIT00000032614
0 258 0 258
258 424 355 521
424 629 1160 1365
629 723 1466 1560
723 874 1795 1946
874 972 2698 2796
972 1170 3372 3570

>ENSSFOT00015009660
0 195 0 195
195 364 321 490
364 569 1244 1449
569 663 1770 1864
663 814 1953 2104
814 912 2300 2398
912 1110 2665 2863

>ENSDCDT00000025611
0 225 87 312
225 391 1053 1219
391 596 1297 1502
596 690 1588 1682
690 841 1926 2077
841 939 2167 2265
939 1146 2348 2555

>ENSDCDT00000026876
0 171 124 295
171 337 1038 1204
337 542 1281 1486
542 636 1572 1666
636 787 1910 2061
787 885 2151 2249
885 1092 2330 2537

>ENSCHAT00000049106
0 234 319 553
234 406 695 867
406 611 996 1201
611 705 1305 1399
705 856 1671 1822
856 954 2184 2282
954 1152 2475 2673

>ENSCHAT00000049016
0 234 116 350
234 406 492 664
406 611 793 998
611 705 1101 1195
705 856 1459 1610
856 954 1968 2066
954 1152 2277 2475

>ENSAMXT00000052028
0 240 153 393
240 406 505 671
406 611 1689 1894
611 705 2038 2132
705 856 3105 3256
856 954 4106 4204
954 1152 5579 5777

>ENSAMXT00000053609
0 37 153 190
37 153 277 393
153 319 505 671
319 524 1689 1894
524 618 2038 2132
618 769 3105 3256
769 867 4106 4204
867 1065 5579 5777

