>ENSCSAVT00000009725
0 12 1373 1385
12 109 1654 1751
109 320 2949 3160
320 377 3497 3554
377 534 3880 4037
534 632 4324 4422
632 745 5057 5170
745 854 5416 5525
854 944 5868 5958
944 1026 6445 6527

>ENSCSAVT00000009727
0 41 117 158
41 134 514 607
134 262 776 904
262 294 1222 1254
294 389 1258 1353
389 520 1620 1751
520 731 2949 3160
731 750 3640 3659
750 933 3854 4037
933 1031 4324 4422
1031 1077 5057 5103

>ENSCINT00000000792
0 148 13 161
148 245 1151 1248
245 373 5476 5604
373 534 6091 6252
534 631 6572 6669
631 842 9611 9822
842 899 11795 11852
899 1056 12293 12450
1056 1154 12632 12730
1154 1267 13488 13601
1267 1376 13719 13828
1376 1466 14776 14866
1466 1551 15158 15243

>ENSEBUT00000025702
0 181 243 424
181 234 8565 8618
234 347 8713 8826
347 390 11190 11233
390 458 38608 38676
458 567 39054 39163
567 670 39356 39459
670 769 47778 47877
769 881 48183 48295
881 938 48416 48473
938 1095 48566 48723
1095 1193 54579 54677
1193 1431 66982 67220

>ENSPVIT00000033827
0 166 113 279
166 219 1355 1408
219 332 2997 3110
332 375 3982 4025
375 443 4198 4266
443 552 4542 4651
552 655 5386 5489
655 754 7994 8093
754 866 9457 9569
866 923 12873 12930
923 1080 13933 14090
1080 1178 14573 14671
1178 1291 15821 15934
1291 1339 16695 16743
1339 1400 19369 19430
1400 1512 23440 23552
1512 1572 25009 25069

>ENSPVIT00000033828
0 166 113 279
166 219 1355 1408
219 332 2997 3110
332 375 3982 4025
375 443 4198 4266
443 552 4542 4651
552 655 5386 5489
655 754 7994 8093
754 866 9457 9569
866 923 12873 12930
923 1080 13933 14090
1080 1178 14573 14671
1178 1291 15821 15934
1291 1339 16695 16743
1339 1356 22485 22502

>ENSACAT00000006961
0 151 80 231
151 204 3364 3417
204 317 3889 4002
317 360 4154 4197
360 428 4373 4441
428 537 4696 4805
537 640 5689 5792
640 739 7448 7547
739 851 8897 9009
851 908 10694 10751
908 1065 11181 11338
1065 1163 11776 11874
1163 1276 12349 12462
1276 1324 12873 12921
1324 1385 13921 13982
1385 1398 15463 15476

