>F33D11.2.1
0 62 134 196
62 180 312 430
180 465 739 1024
465 705 1070 1310
705 1056 1440 1791
1056 1128 1843 1915

>F33D11.2.2
0 62 134 196
62 180 312 430
180 465 739 1024
465 705 1070 1310
705 1056 1440 1791
1056 1128 1843 1915

>C17E4.1a.1
0 149 0 149
149 251 193 295
251 369 390 508
369 603 659 893
603 843 935 1175
843 1200 1251 1608
1200 1278 1661 1739

>C17E4.1b.1
0 59 236 295
59 177 390 508
177 411 659 893
411 651 935 1175
651 1008 1251 1608
1008 1086 1661 1739

>T04B2.7.1
0 62 539 601
62 201 651 790
201 459 837 1095
459 678 1482 1701
678 1032 1745 2099
1032 1104 2143 2215

>T09A12.1.1
0 47 98 145
47 114 190 257
114 251 782 919
251 481 963 1193
481 867 1474 1860
867 1020 1907 2060

