>ENSPTRT00000085142
0 114 0 114
114 173 137 196
173 285 526 638

>ENSRROT00000032550
0 114 0 114
114 170 161 217
170 258 513 601

>ENSPTRT00000087138
0 116 0 116
116 221 130 235
221 309 519 607

>ENSPPAT00000014856
0 116 0 116
116 221 130 235
221 309 519 607

>ENSGGOT00000032013
0 114 0 114
114 261 137 284

>ENSGGOT00000054446
0 114 0 114
114 151 135 172
151 261 791 901

>ENSPPAT00000036263
0 114 0 114
114 137 135 158
137 246 644 753

>ENSNLET00000045344
0 114 0 114
114 267 137 290

>ENSMNET00000057303
0 114 0 114
114 270 137 293

>ENSMFAT00000004638
0 114 0 114
114 270 137 293

>ENSNLET00000045139
0 114 0 114
114 249 160 295

