>MGP_SPRETEiJ_T0093199
0 67 11712 11779
67 670 13935 14538
670 1246 15864 16440
1246 1879 21171 21804
1879 2440 24106 24667
2440 2995 26985 27540
2995 3571 30037 30613
3571 4147 32759 33335
4147 4488 35248 35589
4488 4570 35688 35770
4570 4713 38000 38143
4713 4806 40107 40200
4806 4860 42825 42879
4860 4932 44446 44518
4932 4959 44819 44846
4959 5004 44975 45020
5004 5058 45108 45162
5058 5121 47627 47690
5121 5187 48951 49017
5187 5241 49413 49467
5241 5277 52969 53005
5277 5340 54008 54071
5340 5403 55562 55625
5403 5466 56575 56638
5466 5529 58414 58477
5529 5580 61282 61333
5580 5616 61434 61470
5616 5679 63157 63220
5679 5742 64907 64970
5742 5778 67944 67980
5778 5815 68085 68122
5815 6303 70934 71422
6303 6397 82281 82375
6397 7054 82889 83546
7054 7151 86326 86423
7151 7360 89147 89356
7360 8050 102372 103062
8050 8147 104366 104463
8147 8380 105147 105380
8380 8397 107938 107955

>MGP_SPRETEiJ_T0093200
0 67 11712 11779
67 670 13935 14538
670 766 16344 16440
766 1399 21171 21804
1399 1960 24106 24667
1960 2515 26985 27540
2515 3091 30037 30613
3091 3667 32759 33335
3667 4008 35248 35589
4008 4090 35688 35770
4090 4233 38000 38143
4233 4326 40107 40200
4326 4380 42825 42879
4380 4452 44446 44518
4452 4479 44819 44846
4479 4524 44975 45020
4524 4578 45108 45162
4578 4641 47627 47690
4641 4707 48951 49017
4707 4761 49413 49467
4761 4797 52969 53005
4797 4860 54008 54071
4860 4923 55562 55625
4923 4986 56575 56638
4986 5049 58414 58477
5049 5100 61282 61333
5100 5136 61434 61470
5136 5199 63157 63220
5199 5262 64907 64970
5262 5298 67944 67980
5298 5335 68085 68122
5335 5823 70934 71422
5823 5917 82281 82375
5917 6574 82889 83546
6574 6671 86326 86423
6671 6880 89147 89356
6880 7570 102372 103062
7570 7667 104366 104463
7667 7908 105147 105388

