>FBtr0089682
0 86 12706 12792
86 2200 12954 15068
2200 2895 15161 15856

>FBtr0301181
0 86 12706 12792
86 2200 12954 15068
2200 2895 15161 15856

>FBtr0301180
0 810 1922 2732
810 1141 10621 10952
1141 1209 11563 11631
1209 2210 11791 12792
2210 4324 12954 15068
4324 5019 15161 15856

>FBtr0306389
0 810 1922 2732
810 1141 10621 10952
1141 1209 11563 11631
1209 2210 11791 12792
2210 4324 12954 15068
4324 5019 15161 15856

>FBtr0306388
0 18 5642 5660
18 349 10621 10952
349 417 11563 11631
417 1418 11791 12792
1418 3532 12954 15068
3532 4227 15161 15856

>FBtr0089680
0 86 12706 12792
86 2200 12954 15068
2200 2895 15161 15856

>FBtr0306390
0 810 1922 2732
810 1141 10621 10952
1141 1209 11563 11631
1209 2210 11791 12792
2210 4324 12954 15068
4324 5019 15161 15856

>R144.7a.1
0 121 1336 1457
121 176 1509 1564
176 369 4587 4780
369 941 4833 5405
941 1544 5534 6137
1544 1743 6189 6388
1743 2189 6871 7317
2189 2348 7394 7553
2348 2430 7598 7680
2430 2457 7729 7756

>R144.7b.1
0 388 210 598
388 717 702 1031
717 889 1285 1457
889 944 1509 1564
944 995 2841 2892
995 1188 4587 4780
1188 1760 4833 5405
1760 2363 5534 6137
2363 2562 6189 6388
2562 2739 6544 6721
2739 3185 6871 7317
3185 3344 7394 7553
3344 3426 7598 7680
3426 3453 7729 7756

>R144.7b.2
0 388 210 598
388 717 702 1031
717 889 1285 1457
889 944 1509 1564
944 995 2841 2892
995 1188 4587 4780
1188 1760 4833 5405
1760 2363 5534 6137
2363 2562 6189 6388
2562 2739 6544 6721
2739 3185 6871 7317
3185 3344 7394 7553
3344 3426 7598 7680
3426 3453 7729 7756

>ENSCSAVT00000015383
0 47 565 612
47 205 946 1104
205 350 1643 1788
350 460 2115 2225
460 588 2900 3028
588 693 3461 3566

