>ENSCCAT00000047840
0 244 0 244
244 261 2091 2108

>ENSANAT00000019523
0 196 0 196
196 213 1737 1754

>ENSMMUT00000068793
0 196 0 196
196 231 313 348

>ENSMFAT00000010272
0 196 0 196
196 231 313 348

>ENSMNET00000022228
0 196 0 196
196 231 313 348

>ENSMLET00000056793
0 196 0 196
196 231 313 348

>ENSCATT00000035201
0 193 0 193
193 228 310 345

>ENSPANT00000032539
0 193 0 193
193 228 310 345

>ENSTGET00000042091
0 196 0 196
196 231 313 348

>ENSPTET00000038373
0 196 0 196
196 231 313 348

>ENSCCNT00000005833
0 9 0 9
9 63 4500 4554
63 222 15236 15395

