>ENSCSAVT00000017695
0 138 77 215
138 234 2028 2124
234 316 3512 3594
316 472 4478 4634
472 548 4900 4976
548 591 6293 6336
591 755 6650 6814
755 893 7037 7175
893 1024 7612 7743
1024 1156 9069 9201
1156 1274 9660 9778
1274 1440 10175 10341
1440 1559 10429 10548
1559 1705 11747 11893
1705 1911 12687 12893

>ENSCSAVT00000017696
0 138 77 215
138 234 2028 2124
234 316 3512 3594
316 472 4478 4634
472 727 5035 5290
727 872 6636 6781
872 1010 7037 7175
1010 1141 7612 7743
1141 1273 9069 9201
1273 1391 9660 9778
1391 1557 10175 10341
1557 1676 10429 10548
1676 1822 11747 11893
1822 2025 12687 12890

>ENSCSAVT00000017697
0 138 77 215
138 234 2028 2124
234 316 3512 3594
316 479 4478 4641
479 533 5120 5174
533 576 6293 6336
576 740 6650 6814
740 878 7037 7175
878 1009 7612 7743
1009 1141 9069 9201
1141 1259 9660 9778
1259 1425 10175 10341
1425 1544 10429 10548
1544 1690 11747 11893
1690 1902 12687 12899

>ENSCSAVT00000017698
0 138 77 215
138 234 2028 2124
234 316 3512 3594
316 421 4478 4583
421 509 5031 5119
509 552 6293 6336
552 716 6650 6814
716 854 7037 7175
854 985 7612 7743
985 1117 9069 9201
1117 1235 9660 9778
1235 1401 10175 10341
1401 1520 10429 10548
1520 1666 11747 11893
1666 1866 12687 12887

>ENSCSAVT00000017699
0 138 77 215
138 249 2028 2139
249 331 3512 3594
331 487 4478 4634
487 540 6283 6336
540 704 6650 6814
704 842 7037 7175
842 973 7612 7743
973 1105 9069 9201
1105 1223 9660 9778
1223 1389 10175 10341
1389 1508 10429 10548
1508 1654 11747 11893
1654 1854 12687 12887

>FBtr0112835
0 142 29002 29144
142 348 38399 38605
348 465 38678 38795
465 546 38860 38941
546 677 39006 39137
677 806 39211 39340
806 1579 39398 40171
1579 1713 40248 40382
1713 1809 40443 40539

>FBtr0079615
0 142 29002 29144
142 348 38399 38605
348 465 38678 38795
465 546 38860 38941
546 677 39006 39137
677 806 39211 39340
806 1579 39398 40171
1579 1713 40248 40382
1713 1809 40443 40539

>FBtr0112836
0 252 2757 3009
252 348 16859 16955
348 544 17015 17211
544 691 17524 17671
691 897 38399 38605
897 1014 38678 38795
1014 1095 38860 38941
1095 1226 39006 39137
1226 1355 39211 39340
1355 2128 39398 40171
2128 2262 40248 40382
2262 2358 40443 40539

>FBtr0330693
0 48 38747 38795
48 129 38860 38941
129 260 39006 39137
260 389 39211 39340
389 1162 39398 40171
1162 1296 40248 40382
1296 1392 40443 40539

>FBtr0079618
0 142 29002 29144
142 348 38399 38605
348 465 38678 38795
465 546 38860 38941
546 677 39006 39137
677 806 39211 39340
806 1579 39398 40171
1579 1713 40248 40382
1713 1809 40443 40539

>FBtr0079617
0 252 2757 3009
252 348 16859 16955
348 544 17015 17211
544 691 17524 17671
691 897 38399 38605
897 1014 38678 38795
1014 1095 38860 38941
1095 1226 39006 39137
1226 1355 39211 39340
1355 2128 39398 40171
2128 2262 40248 40382
2262 2358 40443 40539

>FBtr0330692
0 28 35857 35885
28 234 38399 38605
234 351 38678 38795
351 432 38860 38941
432 563 39006 39137
563 692 39211 39340
692 1465 39398 40171
1465 1599 40248 40382
1599 1695 40443 40539

>FBtr0079616
0 252 2757 3009
252 348 16859 16955
348 544 17015 17211
544 691 17524 17671
691 897 38399 38605
897 1014 38678 38795
1014 1095 38860 38941
1095 1226 39006 39137
1226 1355 39211 39340
1355 2128 39398 40171
2128 2262 40248 40382
2262 2358 40443 40539

