>Y54G2A.13.1
0 7 92 99
7 112 1368 1473
112 211 1676 1775
211 301 1861 1951
301 364 2001 2064
364 465 2117 2218
465 1035 3420 3990
1035 1305 4223 4493
1305 1509 4545 4749
1509 1836 4839 5166

>Y69A2AR.12.1
0 73 0 73
73 250 618 795
250 304 950 1004
304 367 1045 1108
367 442 1164 1239
442 487 1434 1479
487 568 1530 1611
568 658 1663 1753
658 715 1812 1869
715 784 1913 1982
784 829 2029 2074
829 888 2126 2185
888 993 2342 2447
993 1209 2677 2893
1209 1413 2947 3151
1413 1590 3241 3418

>T28F12.1.1
0 100 119 219
100 213 268 381
213 296 618 701
296 537 1653 1894
537 738 2369 2570
738 1143 3510 3915

