>ENSMMUT00000084872
0 372 673 1045

>ENSCJAT00000114434
0 312 138 450
312 492 6741 6921

>ENSMMUT00000102994
0 420 869 1289

>ENSPTRT00000093465
0 56 0 56
56 270 71 285

>ENSPPAT00000053155
0 56 0 56
56 270 71 285

>ENSMLET00000047473
0 20 0 20
20 282 43 305

>ENSPANT00000046826
0 20 0 20
20 282 43 305

>ENSCATT00000023910
0 20 0 20
20 282 43 305

>ENSCJAT00000099406
0 60 465 525
60 252 1993 2185

>ENSTGET00000031882
0 4 0 4
4 327 145 468

>ENSMMUT00000031437
0 111 197 308
111 324 948 1161

>ENSMMUT00000100254
0 60 381 441
60 279 140602 140821

>ENSMMUT00000102534
0 366 970 1336

>ENSPPYT00000011341
0 78 0 78
78 98 1412 1432
98 116 1482 1500
116 137 1569 1590
137 168 1624 1655
168 306 6222 6360

>ENSCJAT00000105816
0 116 398 514
116 315 18076 18275

>ENSMMUT00000093219
0 54 718 772
54 288 3009 3243

>ENSPTET00000052686
0 95 0 95
95 429 3796 4130

>ENSMMUT00000098894
0 1056 0 1056

>ENSCJAT00000112113
0 94 0 94
94 216 696 818
216 375 132550 132709

>ENSCJAT00000116204
0 251 0 251
251 417 1515 1681

>ENSTGET00000011043
0 399 0 399

>ENSMMUT00000102125
0 256 26 282
256 309 416 469

>ENSMMUT00000089525
0 393 59 452

>ENSPTET00000036352
0 67 0 67
67 588 660 1181

>ENSMMUT00000101724
0 345 477 822

>ENSMMUT00000098289
0 426 1374 1800

>ENSMMUT00000086658
0 453 86587 87040

>ENSCJAT00000102086
0 419 0 419
419 573 19105 19259

>ENSMMUT00000103547
0 393 625 1018

>ENSMMUT00000095050
0 96 2277 2373
96 235 29390 29529
235 930 30047 30742

>ENSMMUT00000093836
0 1008 0 1008

>ENSMMUT00000088859
0 318 27 345

>ENSMMUT00000105878
0 411 35 446

>ENSMMUT00000092846
0 348 2624 2972

>ENSMMUT00000100545
0 219 19 238

>ENSMMUT00000085479
0 312 36 348

>ENSMMUT00000081271
0 336 318 654

>ENSMMUT00000092349
0 327 1533 1860

>ENSMMUT00000105840
0 1014 0 1014

>ENSCJAT00000091264
0 152 0 152
152 387 17351 17586

>ENSMMUT00000102586
0 606 923 1529

>ENSPPAT00000053045
0 267 0 267
267 314 4867 4914
314 407 5010 5103
407 519 5269 5381

>ENSRROT00000052187
0 162 0 162
162 444 199 481

