>ENSDCDT00000015434
0 18 413 431
18 84 1262 1328
84 209 2802 2927
209 408 3010 3209
408 600 4484 4676
600 903 4770 5073

>ENSCHAT00000042199
0 186 357 543
186 252 2175 2241
252 377 5227 5352
377 576 5781 5980
576 768 6984 7176
768 1044 7454 7730

>ENSCHAT00000042217
0 76 2081 2157
76 108 2209 2241
108 233 5227 5352
233 432 5781 5980
432 624 6984 7176
624 900 7454 7730

>ENSAMXT00000041153
0 18 289 307
18 84 7113 7179
84 209 12919 13044
209 408 13423 13622
408 600 14808 15000
600 885 16400 16685

