>ENSPFOT00000014573
0 129 189 318
129 288 858 1017

>ENSPLAT00000023436
0 129 493 622
129 288 1142 1301

>ENSPRET00000001212
0 129 0 129
129 288 452 611

>ENSPMET00000000402
0 129 721 850
129 288 1352 1511

>ENSGAFT00000031234
0 56 455 511
56 222 582 748
222 381 8817 8976

>ENSXMAT00000005363
0 36 0 36
36 120 4755 4839
120 279 5197 5356

>ENSXCOT00000008500
0 36 0 36
36 120 4748 4832
120 279 5194 5353

>ENSPRNT00000033734
0 129 341 470
129 288 1644 1803

>ENSPRNT00000033737
0 9 313 322
9 105 374 470
105 264 1644 1803

>ENSHCOT00000016821
0 126 330 456
126 285 1510 1669

