>ENSAHAT00000005282
0 54 0 54
54 100 42594 42640
100 237 45569 45706
237 358 48650 48771
358 418 49948 50008
418 509 55593 55684
509 699 59968 60158
699 780 65800 65881
780 941 70240 70401
941 1902 72211 73172
1902 2004 76398 76500
2004 2110 76762 76868
2110 2196 79027 79113
2196 2250 79179 79233
2250 2370 93382 93502
2370 2591 94811 95032
2591 2634 99198 99241

>ENSAHAT00000005283
0 54 0 54
54 100 42594 42640
100 237 45569 45706
237 358 48650 48771
358 418 49948 50008
418 509 55593 55684
509 699 59968 60158
699 780 65800 65881
780 941 70240 70401
941 1902 72211 73172
1902 2004 76398 76500
2004 2110 76762 76868
2110 2196 79027 79113
2196 2250 79179 79233
2250 2370 93382 93502
2370 2615 94811 95056
2615 2733 95436 95554

>ENSAHAT00000005285
0 54 0 54
54 100 42594 42640
100 237 45569 45706
237 358 48650 48771
358 418 49948 50008
418 509 55593 55684
509 699 59968 60158
699 780 65800 65881
780 941 70240 70401
941 1902 72211 73172
1902 2004 76398 76500
2004 2110 76762 76868
2110 2196 79027 79113
2196 2250 79179 79233
2250 2370 93382 93502
2370 2591 94811 95032
2591 2632 95318 95359
2632 2715 95395 95478

>ENSAHAT00000005287
0 54 0 54
54 100 42594 42640
100 237 45569 45706
237 358 48650 48771
358 418 49948 50008
418 509 55593 55684
509 699 59968 60158
699 780 65800 65881
780 941 70240 70401
941 1902 72211 73172
1902 2004 76398 76500
2004 2110 76762 76868
2110 2196 79027 79113
2196 2250 79179 79233
2250 2370 93382 93502
2370 2757 94811 95198

>ENSAHAT00000005288
0 54 0 54
54 100 42594 42640
100 237 45569 45706
237 358 48650 48771
358 418 49948 50008
418 509 55593 55684
509 699 59968 60158
699 780 65800 65881
780 941 70240 70401
941 1902 72211 73172
1902 2004 76398 76500
2004 2110 76762 76868
2110 2234 79027 79151
2234 2298 79250 79314

>ENSAOWT00000023058
0 54 0 54
54 100 38071 38117
100 237 41047 41184
237 358 44128 44249
358 418 45426 45486
418 509 51071 51162
509 699 55446 55636
699 780 61254 61335
780 941 65693 65854
941 1902 67664 68625
1902 2004 71851 71953
2004 2110 72215 72321
2110 2196 74481 74567
2196 2250 74633 74687
2250 2370 88838 88958
2370 2591 90267 90488
2591 2634 94653 94696

>ENSAOWT00000023061
0 54 0 54
54 100 38071 38117
100 237 41047 41184
237 358 44128 44249
358 418 45426 45486
418 509 51071 51162
509 699 55446 55636
699 780 61254 61335
780 941 65693 65854
941 1902 67664 68625
1902 2004 71851 71953
2004 2110 72215 72321
2110 2196 74481 74567
2196 2250 74633 74687
2250 2370 88838 88958
2370 2615 90267 90512
2615 2733 90892 91010

>ENSAOWT00000023069
0 54 0 54
54 100 38071 38117
100 237 41047 41184
237 358 44128 44249
358 418 45426 45486
418 509 51071 51162
509 699 55446 55636
699 780 61254 61335
780 941 65693 65854
941 1902 67664 68625
1902 2004 71851 71953
2004 2110 72215 72321
2110 2196 74481 74567
2196 2250 74633 74687
2250 2370 88838 88958
2370 2757 90267 90654

>ENSARWT00000024891
0 96 111 207
96 217 3146 3267
217 277 4439 4499
277 368 10084 10175
368 558 14462 14652
558 639 20304 20385
639 800 24743 24904
800 1830 26729 27759
1830 1936 31276 31382
1936 2060 33545 33669
2060 2163 41761 41864
2163 2283 47907 48027
2283 2670 49336 49723

>ENSDNVT00000027167
0 64 49173 49237
64 99 49745 49780
99 145 87383 87429
145 282 90336 90473
282 403 93434 93555
403 463 94745 94805
463 554 100360 100451
554 744 104741 104931
744 825 110532 110613
825 986 114973 115134
986 2013 116858 117885
2013 2115 121026 121128
2115 2221 121392 121498
2221 2345 123674 123798
2345 2448 131781 131884
2448 2571 136691 136814
2571 2691 137940 138060
2691 3078 139380 139767

>ENSDNVT00000027176
0 64 49173 49237
64 99 49745 49780
99 145 87383 87429
145 282 90336 90473
282 403 93434 93555
403 463 94745 94805
463 554 100360 100451
554 744 104741 104931
744 825 110532 110613
825 986 114973 115134
986 2013 116858 117885
2013 2115 121026 121128
2115 2221 121392 121498
2221 2345 123674 123798
2345 2448 131781 131884
2448 2571 136691 136814
2571 2691 137940 138060
2691 3078 139380 139767

>ENSDNVT00000027187
0 64 49173 49237
64 99 49745 49780
99 145 87383 87429
145 282 90336 90473
282 403 93434 93555
403 463 94745 94805
463 554 100360 100451
554 744 104741 104931
744 825 110532 110613
825 986 114973 115134
986 2013 116858 117885
2013 2119 121392 121498
2119 2243 123674 123798
2243 2346 131781 131884
2346 2469 136691 136814
2469 2589 137940 138060
2589 2976 139380 139767

>ENSDNVT00000027200
0 64 49173 49237
64 99 49745 49780
99 145 87383 87429
145 282 90336 90473
282 403 93434 93555
403 463 94745 94805
463 554 100360 100451
554 744 104741 104931
744 825 110532 110613
825 986 114973 115134
986 2013 116858 117885
2013 2115 121026 121128
2115 2221 121392 121498
2221 2345 123674 123798
2345 2448 131781 131884
2448 2568 137940 138060
2568 2955 139380 139767

>ENSDNVT00000027213
0 64 49173 49237
64 99 49745 49780
99 145 87383 87429
145 282 90336 90473
282 403 93434 93555
403 463 94745 94805
463 554 100360 100451
554 744 104741 104931
744 825 110532 110613
825 986 114973 115134
986 2013 116858 117885
2013 2119 121392 121498
2119 2243 123674 123798
2243 2346 131781 131884
2346 2466 137940 138060
2466 2853 139380 139767

>ENSDNVT00000027231
0 64 49173 49237
64 99 49745 49780
99 145 87383 87429
145 282 90336 90473
282 403 93434 93555
403 463 94745 94805
463 554 100360 100451
554 744 104741 104931
744 825 110532 110613
825 986 114973 115134
986 2013 116858 117885
2013 2115 121026 121128
2115 2221 121392 121498
2221 2345 123674 123798
2345 2448 131781 131884
2448 2571 136691 136814
2571 2691 137940 138060
2691 3078 139380 139767

>ENSDNVT00000027248
0 64 49173 49237
64 99 49745 49780
99 145 87383 87429
145 282 90336 90473
282 403 93434 93555
403 463 94745 94805
463 554 100360 100451
554 744 104741 104931
744 825 110532 110613
825 986 114973 115134
986 2013 116858 117885
2013 2115 121026 121128
2115 2221 121392 121498
2221 2345 123674 123798
2345 2448 131781 131884
2448 2571 136691 136814
2571 2691 137940 138060
2691 3078 139380 139767

