>C52B9.8.1
0 126 0 126
126 219 1233 1326
219 305 1368 1454
305 385 2079 2159
385 489 2418 2522
489 588 2949 3048
588 712 3096 3220
712 841 3271 3400
841 963 3447 3569
963 1083 3796 3916

>F52F12.9.1
0 21 0 21
21 72 898 949
72 182 996 1106
182 260 1289 1367
260 433 1420 1593
433 549 1817 1933
549 685 1980 2116
685 817 2159 2291
817 945 2561 2689
945 1041 2738 2834
1041 1056 2878 2893

>Y34B4A.7.1
0 50 72 122
50 135 171 256
135 215 308 388
215 391 436 612
391 459 900 968
459 597 1519 1657
597 733 1710 1846
733 856 1904 2027
856 912 2076 2132
912 1110 2175 2373

>Y34B4A.7.2
0 50 72 122
50 135 171 256
135 215 308 388
215 391 436 612
391 459 900 968
459 597 1519 1657
597 733 1710 1846
733 856 1904 2027
856 912 2076 2132
912 1110 2175 2373

>Y34B4A.7.3
0 50 72 122
50 135 171 256
135 215 308 388
215 391 436 612
391 459 900 968
459 597 1519 1657
597 733 1710 1846
733 856 1904 2027
856 912 2076 2132
912 1110 2175 2373

