>ENSCGOT00000013006
0 124 0 124
124 181 230 287
181 259 1446 1524
259 312 1615 1668
312 474 1965 2127
474 599 2319 2444
599 696 3267 3364
696 880 3703 3887
880 1191 4404 4715

>ENSCGOT00000013011
0 124 0 124
124 181 230 287
181 259 1446 1524
259 312 1615 1668
312 474 1965 2127
474 599 2319 2444
599 696 3267 3364
696 866 3703 3873
866 1050 4183 4367

>ENSCGOT00000013013
0 124 0 124
124 181 230 287
181 259 1446 1524
259 312 1615 1668
312 474 1965 2127
474 599 2319 2444
599 678 3267 3346
678 714 3630 3666
714 909 3703 3898

>ENSHCOT00000022172
0 124 0 124
124 181 233 290
181 259 1465 1543
259 312 1617 1670
312 474 1768 1930
474 599 2000 2125
599 678 2239 2318
678 864 2743 2929
864 1138 3813 4087
1138 1443 5455 5760

>ENSMMOT00000024792
0 133 0 133
133 202 493 562
202 255 668 721
255 417 1777 1939
417 542 2769 2894
542 621 3271 3350
621 837 3646 3862
837 915 4067 4145
915 973 4542 4600
973 1228 5241 5496
1228 1248 8403 8423

>ENSMMOT00000024794
0 169 0 169
169 211 520 562
211 264 668 721
264 426 1777 1939
426 551 2769 2894
551 630 3271 3350
630 846 3646 3862
846 924 4067 4145
924 990 8343 8409

>ENSMMOT00000024797
0 133 0 133
133 202 493 562
202 255 668 721
255 417 1777 1939
417 542 2769 2894
542 621 3271 3350
621 837 3646 3862
837 915 4067 4145
915 973 4542 4600
973 1929 5241 6197

