>ENSXETT00000042053
0 193 8303 8496
193 469 9262 9538
469 742 29313 29586
742 1018 34259 34535
1018 1291 39465 39738
1291 1567 42220 42496
1567 1840 44587 44860
1840 2116 45630 45906
2116 2389 60122 60395
2389 2665 61165 61441
2665 2938 62343 62616
2938 3214 62895 63171
3214 3487 65751 66024
3487 3636 74987 75136

>ENSXETT00000042061
0 193 8303 8496
193 469 9262 9538
469 742 29313 29586
742 1018 34259 34535
1018 1291 39465 39738
1291 1567 42220 42496
1567 1840 44587 44860
1840 2116 45630 45906
2116 2389 60122 60395
2389 2665 61165 61441
2665 2938 62343 62616
2938 3214 64832 65108
3214 3487 65751 66024
3487 3636 74987 75136

>ENSXETT00000042087
0 193 5377 5570
193 469 9262 9538
469 742 11871 12144
742 1018 12423 12699
1018 1291 13338 13611
1291 1567 15812 16088
1567 1840 29313 29586
1840 2116 31340 31616
2116 2389 44587 44860
2389 2665 45630 45906
2665 2938 60122 60395
2938 3214 62895 63171
3214 3487 65751 66024
3487 3636 74987 75136

>ENSXETT00000042112
0 193 5377 5570
193 469 9262 9538
469 742 11871 12144
742 1018 12423 12699
1018 1291 13338 13611
1291 1567 15812 16088
1567 1840 29313 29586
1840 2116 31340 31616
2116 2389 44587 44860
2389 2665 45630 45906
2665 2938 60122 60395
2938 3214 62895 63171
3214 3487 68274 68547
3487 3636 74987 75136

>ENSXETT00000042136
0 193 8303 8496
193 469 9262 9538
469 742 29313 29586
742 1018 34259 34535
1018 1291 39465 39738
1291 1567 42220 42496
1567 1840 44587 44860
1840 2113 60122 60395
2113 2389 61165 61441
2389 2662 62343 62616
2662 2938 62895 63171
2938 3211 65751 66024
3211 3360 74987 75136

>ENSXETT00000042156
0 193 5377 5570
193 469 9262 9538
469 742 11871 12144
742 1018 12423 12699
1018 1291 13338 13611
1291 1567 15812 16088
1567 1840 29313 29586
1840 2116 31340 31616
2116 2389 44587 44860
2389 2665 45630 45906
2665 2938 60122 60395
2938 3214 62895 63171
3214 3516 63789 64091

>ENSLOCT00000020035
0 55 0 55
55 457 1063 1465
457 481 4571 4595
481 732 5760 6011
732 1003 9412 9683
1003 1279 15195 15471
1279 1537 17011 17269
1537 1801 19022 19286
1801 2071 19480 19750
2071 2332 20818 21079
2332 2599 21292 21559
2599 2863 23592 23856
2863 3127 24351 24615
3127 3391 25300 25564
3391 3787 26439 26835
3787 3796 26993 27002
3796 3853 28815 28872
3853 3883 29545 29575
3883 4150 29807 30074
4150 4435 30419 30704
4435 4714 34944 35223
4714 4864 39541 39691
4864 5108 40482 40726
5108 5215 41119 41226
5215 5315 41596 41696
5315 5399 42848 42932
5399 5417 44197 44215
5417 5499 44334 44416
5499 5590 44533 44624
5590 5667 45774 45851
5667 5802 47026 47161
5802 5925 47435 47558
5925 6089 48929 49093
6089 6225 51176 51312
6225 6346 51948 52069
6346 6369 53902 53925

>ENSPVIT00000042583
0 76 0 76
76 475 2165 2564
475 717 12498 12740
717 994 26010 26287
994 1270 30380 30656
1270 1528 31669 31927
1528 1792 33278 33542
1792 2062 34977 35247
2062 2323 40999 41260
2323 2590 42511 42778
2590 2854 44524 44788
2854 3118 46316 46580
3118 3382 47523 47787
3382 3646 49163 49427
3646 3916 50587 50857
3916 4180 52881 53145
4180 4444 56052 56316
4444 4726 58730 59012
4726 5005 61102 61381
5005 5155 62773 62923
5155 5399 64659 64903
5399 5506 67178 67285
5506 5606 71980 72080
5606 5690 72729 72813
5690 5708 72905 72923
5708 5790 73031 73113
5790 5881 74242 74333
5881 5958 77194 77271
5958 6093 79777 79912
6093 6216 82456 82579
6216 6380 83151 83315
6380 6516 83689 83825
6516 6663 86476 86623

>ENSPVIT00000042584
0 76 0 76
76 475 2165 2564
475 717 12498 12740
717 994 26010 26287
994 1270 30380 30656
1270 1528 31669 31927
1528 1792 33278 33542
1792 2062 34977 35247
2062 2323 40999 41260
2323 2590 42511 42778
2590 2854 44524 44788
2854 3118 46316 46580
3118 3382 47523 47787
3382 3646 49163 49427
3646 3916 50587 50857
3916 4180 52881 53145
4180 4444 56052 56316
4444 4726 58730 59012
4726 5005 61102 61381
5005 5155 62773 62923
5155 5399 64659 64903
5399 5506 67178 67285
5506 5606 71980 72080
5606 5690 72729 72813
5690 5772 73031 73113
5772 5863 74242 74333
5863 5940 77194 77271
5940 6075 79777 79912
6075 6198 82456 82579
6198 6362 83151 83315
6362 6498 83689 83825
6498 6645 86476 86623

>ENSPVIT00000042586
0 289 2275 2564
289 531 12498 12740
531 808 26010 26287
808 1084 30380 30656
1084 1342 31669 31927
1342 1606 33278 33542
1606 1876 34977 35247
1876 2137 40999 41260
2137 2404 42511 42778
2404 2668 44524 44788
2668 2932 46316 46580
2932 3196 47523 47787
3196 3460 49163 49427
3460 3730 50587 50857
3730 3994 52881 53145
3994 4258 56052 56316
4258 4540 58730 59012
4540 4819 61102 61381
4819 4969 62773 62923
4969 5213 64659 64903
5213 5320 67178 67285
5320 5420 71980 72080
5420 5504 72729 72813
5504 5522 72905 72923
5522 5604 73031 73113
5604 5695 74242 74333
5695 5772 77194 77271
5772 5907 79777 79912
5907 6030 82456 82579
6030 6194 83151 83315
6194 6330 83689 83825
6330 6451 86476 86597
6451 6474 88942 88965

>ENSPVIT00000042588
0 289 2275 2564
289 531 12498 12740
531 808 26010 26287
808 1084 30380 30656
1084 1342 31669 31927
1342 1606 33278 33542
1606 1876 34977 35247
1876 2137 40999 41260
2137 2404 42511 42778
2404 2668 44524 44788
2668 2932 46316 46580
2932 3196 47523 47787
3196 3460 49163 49427
3460 3730 50587 50857
3730 3994 52881 53145
3994 4258 56052 56316
4258 4540 58730 59012
4540 4819 61102 61381
4819 4969 62773 62923
4969 5213 64659 64903
5213 5320 67178 67285
5320 5420 71980 72080
5420 5504 72729 72813
5504 5522 72905 72923
5522 5604 73031 73113
5604 5695 74242 74333
5695 5772 77194 77271
5772 5907 79777 79912
5907 6030 82456 82579
6030 6194 83151 83315
6194 6330 83689 83825
6330 6477 86476 86623

>ENSPVIT00000042591
0 63 25129 25192
63 340 26010 26287
340 616 30380 30656
616 874 31669 31927
874 1138 33278 33542
1138 1408 34977 35247
1408 1669 40999 41260
1669 1936 42511 42778
1936 2200 44524 44788
2200 2464 46316 46580
2464 2728 47523 47787
2728 2992 49163 49427
2992 3262 50587 50857
3262 3526 52881 53145
3526 3790 56052 56316
3790 4072 58730 59012
4072 4351 61102 61381
4351 4501 62773 62923
4501 4745 64659 64903
4745 4852 67178 67285
4852 4952 71980 72080
4952 5036 72729 72813
5036 5054 72905 72923
5054 5136 73031 73113
5136 5227 74242 74333
5227 5304 77194 77271
5304 5439 79777 79912
5439 5562 82456 82579
5562 5726 83151 83315
5726 5862 83689 83825
5862 6009 86476 86623

>ENSACAT00000001826
0 130 23 153
130 529 1609 2008
529 750 12271 12492
750 1027 22920 23197
1027 1303 27201 27477
1303 1561 28888 29146
1561 1825 30598 30862
1825 2095 34467 34737
2095 2356 41345 41606
2356 2623 43413 43680
2623 2887 45944 46208
2887 3151 47279 47543
3151 3415 49006 49270
3415 3679 49542 49806
3679 3949 52412 52682
3949 4213 53556 53820
4213 4477 55299 55563
4477 4759 57783 58065
4759 5038 59438 59717
5038 5188 61086 61236
5188 5432 62547 62791
5432 5539 65957 66064
5539 5639 70028 70128
5639 5723 70556 70640
5723 5741 70736 70754
5741 5823 70871 70953
5823 5914 72898 72989
5914 5991 75031 75108
5991 6126 77598 77733
6126 6249 81743 81866
6249 6413 83128 83292
6413 6549 83749 83885
6549 6670 89011 89132
6670 6693 93455 93478

>ENSNSUT00000004858
0 59 0 59
59 454 1169 1564
454 669 18790 19005
669 946 28726 29003
946 1222 33475 33751
1222 1480 34128 34386
1480 1744 35430 35694
1744 2014 36381 36651
2014 2275 38771 39032
2275 2542 40990 41257
2542 2806 44071 44335
2806 3070 46180 46444
3070 3334 48172 48436
3334 3598 49934 50198
3598 3868 50958 51228
3868 4132 53203 53467
4132 4396 55600 55864
4396 4704 56934 57242

>ENSNSUT00000004867
0 63 27937 28000
63 340 28726 29003
340 616 33475 33751
616 874 34128 34386
874 1138 35430 35694
1138 1408 36381 36651
1408 1669 38771 39032
1669 1936 40990 41257
1936 2200 44071 44335
2200 2464 46180 46444
2464 2728 48172 48436
2728 2992 49934 50198
2992 3262 50958 51228
3262 3526 53203 53467
3526 3790 55600 55864
3790 4072 56934 57216
4072 4351 58199 58478
4351 4501 59242 59392
4501 4745 59608 59852
4745 4852 61643 61750
4852 4952 63454 63554
4952 5033 63914 63995
5033 5051 64094 64112
5051 5133 64208 64290
5133 5224 64455 64546
5224 5301 64894 64971
5301 5436 65812 65947
5436 5559 71769 71892
5559 5723 72568 72732
5723 5859 72957 73093
5859 6030 75522 75693

