>ENSCINT00000025657
0 207 58 265
207 345 783 921
345 473 1436 1564
473 687 1851 2065

>ENSCINT00000006854
0 10 30 40
10 168 354 512
168 333 1280 1445
333 461 1776 1904
461 555 2326 2420

>ENSCSAVT00000014702
0 336 40 376
336 480 753 897
480 822 1048 1390

>T10B5.4a.1
0 201 89 290
201 440 360 599
440 555 659 774
555 714 1055 1214

>T10B5.4b.1
0 201 89 290
201 440 360 599
440 651 659 870

>T10B5.4c.1
0 135 1079 1214

>T10B5.4d.1
0 201 89 290
201 440 360 599
440 503 659 722
503 606 1055 1158

>FBtr0334669
0 43 200 243
43 96 305 358
96 285 854 1043
285 753 1097 1565

>FBtr0081564
0 43 200 243
43 96 305 358
96 285 854 1043
285 753 1097 1565

>FBtr0081350
0 666 30 696

>FBtr0086514
0 672 17 689

>FBtr0086562
0 666 0 666

>FBtr0300592
0 666 0 666

>FBtr0079243
0 648 17 665

>FBtr0340167
0 648 17 665

>FBtr0070832
0 648 54 702

>FBtr0072254
0 135 16280 16415
135 288 17334 17487
288 720 17551 17983

>FBtr0072255
0 66 15414 15480
66 240 16241 16415
240 393 17334 17487
393 825 17551 17983

>FBtr0302448
0 684 2082 2766

>FBtr0302447
0 684 2082 2766

>FBtr0070437
0 684 2082 2766

>FBtr0302449
0 684 2082 2766

>R05H10.1.1
0 102 9 111
102 331 209 438
331 753 650 1072

>ENSCINT00000025116
0 357 55 412
357 501 760 904
501 741 1046 1286

>FBtr0303649
0 81 115 196
81 166 266 351
166 654 496 984

>FBtr0081566
0 81 115 196
81 264 266 449
264 738 510 984

>ENSCSAVT00000019733
0 189 6 195
189 327 1666 1804
327 455 2404 2532
455 666 2612 2823

>ENSCSAVT00000019734
0 183 13 196
183 321 531 669
321 449 1504 1632
449 660 1716 1927

>ENSCSAVT00000015511
0 189 25 214
189 327 2264 2402
327 455 3134 3262
455 666 3664 3875

>M7.8.1
0 123 82 205
123 220 276 373
220 416 416 612
416 582 803 969
582 693 1012 1123

>M7.12.1
0 35 142 177
35 159 231 355
159 336 537 714
336 537 767 968
537 726 1016 1205

>ENSCINT00000031038
0 45 115 160
45 195 216 366
195 320 673 798
320 561 1412 1653

>ENSCSAVT00000012822
0 192 19 211
192 330 1298 1436
330 458 1645 1773
458 669 2434 2645

>ENSCINT00000004391
0 23 136 159
23 159 351 487
159 222 943 1006
222 363 1302 1443
363 491 2007 2135
491 732 2559 2800

>ENSCINT00000033011
0 162 20 182
162 312 379 529
312 437 935 1060
437 681 1413 1657

>R05H10.7.1
0 102 7 109
102 313 785 996
313 681 1053 1421

>W02D7.5.1
0 123 11 134
123 328 193 398
328 401 446 519
401 489 921 1009
489 567 1096 1174
567 699 1291 1423

>W02D7.4.1
0 123 82 205
123 328 250 455
328 401 499 572
401 489 615 703
489 567 749 827
567 699 871 1003

