>ENSVURT00010017824
0 73 493 566
73 248 4621 4796
248 406 5846 6004
406 1033 9834 10461
1033 1290 13671 13928

>ENSPCIT00000068272
0 76 0 76
76 251 3323 3498
251 409 4552 4710
409 1027 7994 8612
1027 1284 11311 11568

>ENSPCIT00000003724
0 76 0 76
76 251 3323 3498
251 409 4552 4710
409 1027 7994 8612
1027 1284 11311 11568

>ENSPCIT00000003731
0 76 0 76
76 251 3323 3498
251 409 4552 4710
409 1027 7994 8612
1027 1284 11311 11568

>ENSMEUT00000005059
0 76 0 76
76 251 2975 3150
251 328 3737 3814
328 409 3919 4000
409 868 7768 8227
868 897 8228 8257
897 909 8259 8271
909 970 8272 8333
970 1000 8334 8364
1000 1018 8365 8383
1018 1026 29114 29122
1026 1095 29125 29194

>ENSMODT00000004015
0 76 533 609
76 251 2418 2593
251 409 3156 3314
409 1036 5593 6220
1036 1293 8775 9032

>ENSTTRT00000010823
0 76 0 76
76 251 5677 5852
251 409 6750 6908
409 1066 9835 10492
1066 1326 11677 11937

