>C36F7.4a.1
0 75 1823 1898
75 216 1961 2102
216 295 2149 2228
295 424 6147 6276
424 576 6992 7144
576 712 7325 7461
712 757 7639 7684
757 843 8800 8886

>C36F7.4b.1
0 229 0 229
229 345 1782 1898
345 486 1961 2102
486 565 2149 2228
565 694 6147 6276
694 846 6992 7144
846 982 7325 7461
982 1027 7639 7684
1027 1123 8234 8330
1123 1209 8800 8886

>C36F7.4c.1
0 229 0 229
229 345 1782 1898
345 486 1961 2102
486 565 2149 2228
565 727 3192 3354
727 856 6147 6276
856 1008 6992 7144
1008 1144 7325 7461
1144 1189 7639 7684
1189 1285 8234 8330
1285 1371 8800 8886

>C36F7.4d.1
0 76 6200 6276
76 228 6992 7144
228 364 7325 7461
364 409 7639 7684
409 495 8800 8886

>C36F7.4e.1
0 229 0 229
229 345 1782 1898
345 486 1961 2102
486 565 2149 2228
565 727 3192 3354
727 856 6147 6276
856 1008 6992 7144
1008 1144 7325 7461
1144 1189 7639 7684
1189 1267 7925 8003
1267 1363 8234 8330
1363 1449 8800 8886

>C36F7.4f.1
0 76 443 519
76 192 1782 1898
192 333 1961 2102
333 412 2149 2228
412 574 3192 3354
574 703 6147 6276
703 855 6992 7144
855 991 7325 7461
991 1036 7639 7684
1036 1114 7925 8003
1114 1210 8234 8330
1210 1296 8800 8886

>C36F7.4g.1
0 229 0 229
229 345 1782 1898
345 486 1961 2102
486 565 2149 2228
565 727 3192 3354
727 856 6147 6276
856 1008 6992 7144
1008 1144 7325 7461
1144 1189 7639 7684
1189 1275 8800 8886

>FBtr0299901
0 247 15070 15317
247 417 15984 16154
417 603 22150 22336
603 796 25585 25778
796 925 26012 26141
925 1045 31035 31155
1045 1216 32083 32254
1216 1272 32554 32610
1272 1665 32755 33148

>FBtr0299900
0 247 15070 15317
247 570 15984 16307

>FBtr0299899
0 247 15070 15317
247 570 15984 16307

>FBtr0299898
0 247 15070 15317
247 417 15984 16154
417 603 22150 22336
603 796 25585 25778
796 925 26012 26141
925 1045 31035 31155
1045 1216 32083 32254
1216 1272 32554 32610
1272 1665 32755 33148

>FBtr0343091
0 247 15070 15317
247 354 16014 16121
354 540 22150 22336
540 733 25585 25778
733 862 26012 26141
862 982 31035 31155
982 1153 32083 32254
1153 1209 32554 32610
1209 1602 32755 33148

