>FBtr0342883
0 213 9156 9369
213 367 15596 15750
367 484 17005 17122
484 799 20982 21297
799 888 21353 21442
888 1069 23230 23411
1069 1203 23527 23661
1203 1347 24634 24778

>FBtr0342882
0 213 9156 9369
213 367 15596 15750
367 484 17005 17122
484 799 20982 21297
799 888 21353 21442
888 1069 23230 23411
1069 1203 23527 23661
1203 1314 23818 23929
1314 1458 24634 24778

>FBtr0347186
0 213 9156 9369
213 367 15596 15750
367 484 17005 17122
484 799 20982 21297
799 888 21353 21442
888 1069 23230 23411
1069 1203 23527 23661
1203 1347 24634 24778

>FBtr0112646
0 213 9156 9369
213 367 15596 15750
367 484 17005 17122
484 799 20982 21297
799 888 21353 21442
888 1069 23230 23411
1069 1203 23527 23661
1203 1347 24634 24778

>Y52B11A.4.1
0 158 0 158
158 282 13656 13780
282 368 19197 19283
368 470 20840 20942
470 717 21732 21979
717 811 22699 22793
811 984 22835 23008
984 1078 23183 23277
1078 1315 23743 23980
1315 1404 24187 24276

>Y52B11A.4.2
0 158 0 158
158 282 13656 13780
282 368 19197 19283
368 470 20840 20942
470 717 21732 21979
717 811 22699 22793
811 984 22835 23008
984 1078 23183 23277
1078 1315 23743 23980
1315 1404 24187 24276

