>ENSXETT00000004877
0 161 63 224
161 243 3297 3379
243 372 5751 5880
372 433 6226 6287
433 496 6416 6479
496 542 7731 7777
542 706 10227 10391
706 777 10580 10651
777 2148 11210 12581
2148 2210 26108 26170
2210 2316 30435 30541

>ENSXETT00000005191
0 161 63 224
161 243 3297 3379
243 372 5751 5880
372 433 6226 6287
433 496 6416 6479
496 542 7731 7777
542 706 10227 10391
706 777 10580 10651
777 1909 11210 12342
1909 1977 12440 12508

>ENSOANT00000004392
0 213 29 242
213 336 13017 13140
336 397 14026 14087
397 460 16983 17046
460 506 20854 20900
506 682 22751 22927
682 753 28805 28876
753 1749 29139 30135
1749 1909 30180 30340
1909 1977 30441 30509

