>ENSUMAT00000019883
0 9 0 9
9 127 814 932
127 326 6800 6999
326 436 7937 8047
436 573 9565 9702
573 720 10285 10432
720 792 13920 13992
792 864 17505 17577
864 1098 18517 18751

>ENSUAMT00000001420
0 100 0 100
100 237 1618 1755
237 304 2338 2405
304 441 5920 6057
441 522 9058 9139

>ENSAMET00000000788
0 9 0 9
9 127 807 925
127 144 1291 1308
144 164 1544 1564
164 329 4493 4658
329 439 5576 5686
439 576 7187 7324
576 723 7906 8053
723 761 11830 11868
761 787 12254 12280
787 873 14816 14902
873 1107 15849 16083

>ENSNVIT00000036064
0 105 0 105
105 248 714 857
248 271 1807 1830
271 415 5279 5423
415 552 7112 7249
552 699 8024 8171
699 771 11803 11875
771 843 15818 15890
843 1066 17031 17254
1066 1095 21587 21616

