>ENSGALT00000095891
0 9699 0 9699

>ENSCJPT00005014135
0 21 0 21
21 113 959 1051
113 271 4455 4613
271 2686 46903 49318
2686 3457 49615 50386
3457 3724 56301 56568
3724 4029 58967 59272
4029 4620 59410 60001

>ENSCJPT00005014136
0 21 0 21
21 113 959 1051
113 271 4455 4613
271 2472 46903 49104
2472 3063 59410 60001

>ENSCJPT00005014134
0 3763 492 4255
3763 3898 5043 5178
3898 5581 6445 8128
5581 5689 9362 9470
5689 5817 10038 10166
5817 5876 10941 11000
5876 5942 12087 12153
5942 6117 13021 13196

