>FBtr0074611
0 184 5 189
184 358 251 425
358 795 478 915
795 972 1485 1662

>FBtr0084634
0 393 29 422
393 885 478 970

>FBtr0080754
0 217 6 223
217 762 285 830

>ENSCSAVT00000008718
0 85 86 171
85 186 224 325

>ENSCINT00000033919
0 76 12 88
76 178 469 571
178 360 831 1013
360 475 1235 1350
475 599 1592 1716
599 769 1944 2114
769 1033 2358 2622
1033 1128 3068 3163

>ENSCSAVT00000005504
0 25 1010 1035
25 169 1087 1231
169 327 1678 1836
327 466 1991 2130
466 599 2185 2318
599 715 2559 2675
715 779 2731 2795
779 880 3109 3210
880 965 3764 3849
965 1063 3913 4011
1063 1109 4070 4116
1109 1203 4242 4336

>ENSCINT00000020884
0 121 1398 1519
121 279 1668 1826
279 418 2332 2471
418 551 2682 2815
551 633 3063 3145

>ENSEBUT00000020780
0 163 13727 13890
163 274 122399 122510
274 346 179277 179349
346 490 187745 187889
490 608 189479 189597
608 787 196324 196503
787 893 225441 225547
893 984 234349 234440

>ENSCINT00000013518
0 34 31 65
34 148 133 247
148 292 368 512
292 490 821 1019
490 654 1343 1507
654 657 1702 1705
657 793 1975 2111
793 951 2185 2343
951 1021 2621 2691
1021 1132 2920 3031
1132 1137 3515 3520

>ENSCINT00000013521
0 34 31 65
34 148 133 247
148 292 368 512
292 490 821 1019
490 654 1343 1507
654 790 1975 2111
790 948 2185 2343
948 1141 2621 2814
1141 1356 2827 3042

>ENSCSAVT00000015009
0 53 1104 1157
53 91 1207 1245
91 255 1511 1675
255 391 2002 2138
391 549 2239 2397
549 927 2655 3033

>ENSCSAVT00000015010
0 18 1657 1675
18 154 2002 2138
154 312 2239 2397
312 391 2655 2734
391 648 2815 3072

>ENSCSAVT00000015011
0 18 1657 1675
18 154 2002 2138
154 312 2239 2397
312 730 2655 3073
730 888 3156 3314

>ENSCSAVT00000003907
0 49 67 116
49 133 186 270
133 427 328 622
427 585 897 1055
585 721 1336 1472
721 860 1527 1666
860 949 1752 1841
949 1034 1903 1988
1034 1132 2551 2649
1132 1220 2709 2797
1220 1318 2867 2965
1318 1355 3591 3628
1355 1505 3704 3854
1505 1645 3910 4050
1645 1720 4099 4174
1720 1847 4240 4367
1847 2007 4544 4704

>ENSCSAVT00000003908
0 49 67 116
49 133 186 270
133 427 328 622
427 514 897 984
514 581 2730 2797
581 679 2867 2965
679 716 3591 3628
716 866 3704 3854
866 1006 3910 4050
1006 1081 4099 4174
1081 1208 4240 4367
1208 1368 4544 4704

