>ENSEBUT00000006931
0 78 421 499
78 198 80926 81046
198 321 112201 112324
321 458 116617 116754
458 535 149521 149598
535 669 156592 156726
669 750 174370 174451
750 809 186632 186691
809 919 204150 204260
919 1071 245553 245705
1071 1167 264471 264567
1167 1554 265516 265903

>ENSEBUT00000006945
0 78 421 499
78 198 80926 81046
198 321 112201 112324
321 458 116617 116754
458 535 149521 149598
535 669 156592 156726
669 728 186632 186691
728 838 204150 204260
838 990 245553 245705
990 1086 264471 264567
1086 1473 265516 265903

>ENSEBUT00000006967
0 78 421 499
78 198 80926 81046
198 321 112201 112324
321 458 116617 116754
458 535 149521 149598
535 669 156592 156726
669 750 174370 174451
750 809 186632 186691
809 919 204150 204260
919 1071 245553 245705
1071 1167 264471 264567
1167 1353 265516 265702
1353 1938 268313 268898

>ENSEBUT00000006998
0 78 421 499
78 198 80926 81046
198 321 112201 112324
321 458 116617 116754
458 535 149521 149598
535 555 173784 173804
555 636 174370 174451
636 695 186632 186691
695 805 204150 204260
805 957 245553 245705
957 1053 264471 264567
1053 1239 265516 265702
1239 1824 268313 268898

>ENSEBUT00000007026
0 33 70957 70990
33 153 80926 81046
153 276 112201 112324
276 413 116617 116754
413 490 149521 149598
490 624 156592 156726
624 705 174370 174451
705 764 186632 186691
764 874 204150 204260
874 1026 245553 245705
1026 1122 264471 264567
1122 1509 265516 265903

>ENSEBUT00000001105
0 48 89 137
48 168 34133 34253
168 291 83190 83313
291 428 109450 109587
428 475 129556 129603
475 555 139543 139623

>ENSEBUT00000009653
0 163 1416 1579
163 315 28272 28424
315 429 28999 29113

>ENSEBUT00000009664
0 45 116 161
45 104 1197 1256
104 214 1469 1579
214 366 28272 28424
366 480 28999 29113

