>ENSCLAT00000011946
0 1461 7184 8645
1461 1653 11553 11745
1653 1828 12027 12202
1828 1998 15818 15988

>ENSCLAT00000011947
0 1461 7184 8645
1461 1653 11553 11745
1653 1962 12027 12336
1962 1989 12338 12365

>ENSFDAT00000020395
0 1461 0 1461
1461 1653 4306 4498
1653 1962 4817 5126
1962 1989 5128 5155

>ENSFDAT00000020399
0 1461 0 1461
1461 1653 4306 4498
1653 1828 4817 4992
1828 1997 8283 8452
1997 1998 8457 8458

>MGP_SPRETEiJ_T0083633
0 1464 65185 66649
1464 1656 70122 70314
1656 1831 70598 70773
1831 1998 74465 74632

>MGP_SPRETEiJ_T0083634
0 1464 65185 66649
1464 1656 70122 70314
1656 1831 70598 70773
1831 1929 72689 72787
1929 1935 74465 74471

>MGP_SPRETEiJ_T0083635
0 1464 65185 66649
1464 1656 70122 70314
1656 1831 70598 70773
1831 1998 74465 74632

>MGP_SPRETEiJ_T0083636
0 1464 65185 66649
1464 1656 70122 70314
1656 1995 70598 70937

>MGP_SPRETEiJ_T0083637
0 93 65185 65278

>ENSMUST00000164056
0 1464 56263 57727
1464 1656 61137 61329
1656 1831 61620 61795
1831 2001 65521 65691

>ENSMUST00000166250
0 1464 56263 57727
1464 1656 61137 61329
1656 1831 61620 61795
1831 1929 63721 63819
1929 1938 65521 65530

>ENSMUST00000049680
0 1464 56263 57727
1464 1656 61137 61329
1656 1831 61620 61795
1831 2001 65521 65691

>ENSMUST00000206039
0 1464 56263 57727
1464 1656 61137 61329
1656 1998 61620 61962

>ENSMUST00000206104
0 93 56263 56356

>ENSMSIT00000026377
0 206 149 355
206 1698 66144 67636
1698 1890 71004 71196
1890 2065 71456 71631
2065 2235 75302 75472

>ENSMSIT00000026390
0 1464 66172 67636
1464 1656 71004 71196
1656 1831 71456 71631
1831 2001 75302 75472

>ENSMSIT00000026399
0 1464 66172 67636
1464 1656 71004 71196
1656 1831 71456 71631
1831 1929 73548 73646
1929 1938 75302 75311

>MGP_CAROLIEiJ_T0080286
0 1464 58216 59680
1464 1656 63298 63490
1656 1831 63691 63866
1831 1998 67587 67754

>MGP_CAROLIEiJ_T0080287
0 1464 58216 59680
1464 1656 63298 63490
1656 1831 63691 63866
1831 1929 65779 65877
1929 1935 67587 67593

>MGP_CAROLIEiJ_T0080288
0 1464 58216 59680
1464 1656 63298 63490
1656 1831 63691 63866
1831 1998 67587 67754

>MGP_CAROLIEiJ_T0080289
0 1464 58216 59680
1464 1656 63298 63490
1656 1995 63691 64030

>MGP_CAROLIEiJ_T0080290
0 93 58216 58309

>MGP_PahariEiJ_T0017136
0 1464 57969 59433
1464 1656 62788 62980
1656 1831 63315 63490
1831 1998 66942 67109

>MGP_PahariEiJ_T0017137
0 1464 57969 59433
1464 1656 62788 62980
1656 1831 63315 63490
1831 1929 65221 65319
1929 1935 66942 66948

>MGP_PahariEiJ_T0017138
0 1464 57969 59433
1464 1656 62788 62980
1656 1831 63315 63490
1831 1998 66942 67109

>MGP_PahariEiJ_T0017139
0 1464 57969 59433
1464 1656 62788 62980
1656 1980 63315 63639

>MGP_PahariEiJ_T0017140
0 93 57969 58062

>ENSMAUT00000001305
0 93 56491 56584

>ENSMAUT00000001306
0 1464 56491 57955
1464 1656 61054 61246
1656 1831 61541 61716
1831 2001 65711 65881

>ENSPANT00000003526
0 1464 28 1492
1464 1656 6281 6473
1656 1831 7309 7484
1831 2001 12201 12371

>ENSTGET00000010083
0 1464 64198 65662
1464 1656 70156 70348
1656 1831 71183 71358
1831 2001 76072 76242

>ENSTGET00000010086
0 1464 64198 65662
1464 1656 70156 70348
1656 1831 71183 71358
1831 2001 76072 76242

>ENSMLET00000035720
0 1464 0 1464
1464 1656 5950 6142
1656 1831 6977 7152
1831 2001 11864 12034

>ENSMMUT00000020808
0 1464 64842 66306
1464 1656 71095 71287
1656 1831 72121 72296
1831 2001 77015 77185

>ENSMFAT00000034335
0 1464 424 1888
1464 1656 6694 6886
1656 1831 7719 7894
1831 2001 12613 12783

>ENSMNET00000065881
0 1464 5685 7149
1464 1656 11646 11838
1656 1831 12664 12839
1831 2001 17558 17728

>ENSPTET00000052638
0 1464 28 1492
1464 1656 5935 6127
1656 1831 6953 7128
1831 2001 11867 12037

>ENSSHAT00000013897
0 663 0 663
663 1296 1014 1647
1296 1488 5324 5516
1488 1663 6301 6476
1663 1833 8952 9122

>ENSPMGT00000008520
0 24 0 24
24 1380 67 1423
1380 1572 1507 1699
1572 1747 2277 2452
1747 1935 2704 2892

