>ENSPTET00000011215
0 1407 0 1407

>ENSPTET00000016832
0 3768 213 3981

>FBtr0076605
0 178 1315 1493
178 362 1695 1879
362 550 1941 2129
550 1647 2188 3285
1647 1836 3339 3528
1836 2556 3587 4307
2556 3015 4366 4825

>FBtr0113153
0 307 609 916
307 586 1214 1493
586 770 1695 1879
770 958 1941 2129
958 2055 2188 3285
2055 2244 3339 3528
2244 2964 3587 4307
2964 3417 4366 4819
3417 3582 5206 5371

>F35H12.2a.1
0 45 47 92
45 114 404 473
114 191 523 600
191 320 647 776
320 387 835 902
387 603 953 1169
603 715 1228 1340
715 802 1588 1675
802 966 2005 2169
966 1120 3984 4138
1120 1311 4191 4382
1311 1677 4532 4898
1677 1821 5316 5460
1821 1910 5507 5596
1910 2085 5643 5818
2085 2457 5901 6273
2457 2594 6767 6904
2594 2705 6959 7070
2705 2793 7121 7209

>F35H12.2b.1
0 45 47 92
45 114 404 473
114 191 523 600
191 320 647 776
320 387 835 902
387 603 953 1169
603 715 1228 1340
715 802 1588 1675
802 966 2005 2169
966 1120 3984 4138
1120 1323 4191 4394
1323 1689 4532 4898
1689 1833 5316 5460
1833 1922 5507 5596
1922 2097 5643 5818
2097 2469 5901 6273
2469 2606 6767 6904
2606 2717 6959 7070
2717 2805 7121 7209

>F35H12.2c.1
0 43 4095 4138
43 234 4191 4382
234 600 4532 4898
600 744 5316 5460
744 833 5507 5596
833 1008 5643 5818
1008 1380 5901 6273
1380 1517 6767 6904
1517 1628 6959 7070
1628 1716 7121 7209

>F35H12.2c.2
0 43 4095 4138
43 234 4191 4382
234 600 4532 4898
600 744 5316 5460
744 833 5507 5596
833 1008 5643 5818
1008 1380 5901 6273
1380 1517 6767 6904
1517 1628 6959 7070
1628 1716 7121 7209

>YPL249C_mRNA
0 2685 0 2685

