>ENSLBET00000003825
0 65 321 386
65 233 493 661
233 351 797 915
351 546 1147 1342
546 710 1623 1787
710 825 1887 2002
825 936 2196 2307
936 1080 3598 3742
1080 1191 3844 3955
1191 1298 4230 4337
1298 1411 4480 4593
1411 1484 4689 4762
1484 1603 5408 5527
1603 1792 5612 5801
1792 1894 6943 7045
1894 2040 7191 7337
2040 2149 7418 7527
2149 2352 7626 7829

>ENSGACT00000026975
0 70 250 320
70 362 826 1118
362 530 1194 1362
530 648 1476 1594
648 843 1808 2003
843 1007 2089 2253
1007 1122 2363 2478
1122 1233 2656 2767
1233 1377 3111 3255
1377 1488 3351 3462
1488 1595 3637 3744
1595 1668 3866 3939

>ENSLCAT00010055395
0 70 299 369
70 365 665 960
365 533 1052 1220
533 651 1363 1481
651 846 1687 1882
846 1010 2172 2336
1010 1125 2437 2552
1125 1236 2742 2853
1236 1380 3464 3608
1380 1491 3705 3816
1491 1598 4083 4190
1598 1725 4292 4419

