>ENSPPAT00000046100
0 15 2922 2937
15 142 7179 7306
142 238 8194 8290
238 1959 13315 15036

>ENSPTRT00000075470
0 15 2690 2705
15 142 6956 7083
142 238 7981 8077
238 1959 13113 14834

>ENST00000594154
0 15 48870 48885
15 142 54132 54259
142 238 55155 55251
238 1959 60298 62019

>ENST00000221315
0 15 48870 48885
15 142 54132 54259
142 238 55155 55251
238 1959 60298 62019

>ENST00000600368
0 15 48870 48885
15 142 54132 54259
142 238 55155 55251
238 537 60298 60597

>ENST00000598745
0 15 48870 48885
15 142 54132 54259
142 238 55155 55251
238 372 60298 60432

>ENST00000597273
0 15 48870 48885
15 142 54132 54259
142 246 55155 55259

>ENST00000601310
0 15 48870 48885
15 108 54132 54225

