>F46A9.5.1
0 81 223 304
81 357 488 764
357 531 809 983

>F46A9.5.2
0 81 223 304
81 357 488 764
357 531 809 983

>F46A9.5.3
0 81 223 304
81 357 488 764
357 531 809 983

>F46A9.5.4
0 81 223 304
81 357 488 764
357 531 809 983

>F46A9.4.1
0 81 0 81
81 351 262 532
351 525 577 751

>F47H4.10.1
0 57 0 57
57 306 108 357
306 438 509 641

>Y37H2C.2.1
0 165 0 165
165 321 214 370

>F44G3.6.1
0 63 29 92
63 330 146 413
330 504 476 650

>Y60A3A.18.1
0 63 29 92
63 309 149 395
309 480 467 638

>C52D10.9.1
0 585 21 606

>C52D10.7.1
0 585 19 604

>Y105C5B.13.1
0 579 23 602

>Y47D7A.1.1
0 585 21 606

>F54D10.1.1
0 555 7 562

>C52D10.8.1
0 519 19 538

>C52D10.6.1
0 519 21 540

>C52D10.6.2
0 519 21 540

>Y47D7A.8.1
0 507 21 528

>Y47D7A.8.2
0 507 21 528

>Y47D7A.8.3
0 507 21 528

>C42D4.6.1
0 546 0 546

>C06A8.4.1
0 38 49 87
38 543 136 641

>F56B3.12.1
0 44 283 327
44 552 430 938

>R12H7.5.1
0 522 9 531

>FBtr0074796
0 474 72 546

>FBtr0074797
0 474 66 540

>FBtr0074806
0 501 81 582

>FBtr0072022
0 513 73 586

>FBtr0070129
0 486 996 1482

>FBtr0070126
0 486 996 1482

>FBtr0070128
0 486 996 1482

>FBtr0070124
0 486 996 1482

>FBtr0070127
0 486 996 1482

>FBtr0100530
0 486 996 1482

>FBtr0345314
0 486 996 1482

>FBtr0070123
0 486 996 1482

>FBtr0070125
0 486 996 1482

>FBtr0088020
0 483 305 788

