>ENSEBUT00000018282
0 657 0 657
657 709 12842 12894
709 947 38146 38384
947 1066 41776 41895
1066 1208 100364 100506
1208 1494 101076 101362

>ENSEBUT00000018291
0 27 0 27
27 510 174 657
510 562 12842 12894
562 800 38146 38384
800 919 41776 41895
919 1061 100364 100506
1061 1347 101076 101362

>ENSEBUT00000027519
0 417 0 417
417 469 2388 2440
469 708 17888 18127
708 745 35136 35173
745 887 37533 37675
887 1126 181289 181528
1126 1173 181564 181611

>ENSCHAT00000060760
0 48 621 669
48 495 1978 2425
495 547 2613 2665
547 619 4042 4114
619 842 6073 6296
842 961 7481 7600
961 1103 8765 8907
1103 1398 9186 9481

>ENSCHAT00000060766
0 48 621 669
48 495 1978 2425
495 547 2613 2665
547 770 6073 6296
770 889 7481 7600
889 1031 8765 8907
1031 1326 9186 9481

>ENSDCDT00000055709
0 30 45 75
30 489 2237 2696
489 538 2835 2884
538 761 3975 4198
761 880 5275 5394
880 1022 6038 6180
1022 1317 6283 6578

>ENSDCDT00000055716
0 48 1394 1442
48 507 2237 2696
507 758 3947 4198
758 877 5275 5394
877 1019 6038 6180
1019 1314 6283 6578

>ENSAMXT00000038273
0 36 360 396
36 495 5813 6272
495 544 7041 7090
544 761 12845 13062
761 880 16267 16386
880 1022 18953 19095
1022 1320 20748 21046

>ENSAMXT00000054168
0 48 4195 4243
48 507 5813 6272
507 556 7041 7090
556 773 12845 13062
773 892 16267 16386
892 1034 18953 19095
1034 1332 20748 21046

>ENSAMXT00000000922
0 48 4195 4243
48 547 5810 6309
547 764 12845 13062
764 883 16267 16386
883 1025 18953 19095
1025 1323 20748 21046

