>ENSLOCT00000010680
0 78 31 109
78 236 565 723
236 341 1870 1975
341 447 2097 2203
447 519 2631 2703
519 604 4062 4147
604 797 4668 4861
797 872 5714 5789
872 1003 6026 6157
1003 1077 7080 7154
1077 1208 7352 7483
1208 1305 8176 8273
1305 1454 9663 9812
1454 1547 13140 13233
1547 1683 13600 13736
1683 1764 14529 14610
1764 1903 14967 15106
1903 1943 15358 15398
1943 2283 16354 16694

>ENSECRT00000018306
0 48 0 48
48 245 921 1118
245 350 5794 5899
350 456 11490 11596
456 528 13362 13434
528 613 16394 16479
613 806 23065 23258
806 881 23978 24053
881 939 25762 25820
939 979 25852 25892
979 1053 26002 26076
1053 1184 26240 26371
1184 1274 28558 28648
1274 1418 32011 32155
1418 1511 33537 33630
1511 1647 40180 40316
1647 1728 40428 40509
1728 1899 41036 41207
1899 1998 42089 42188

>ENSCMIT00000016803
0 66 38 104
66 224 2333 2491
224 329 3292 3397
329 435 3477 3583
435 507 4418 4490
507 592 5836 5921
592 788 7133 7329
788 863 8144 8219
863 994 11853 11984
994 1068 12550 12624
1068 1199 13190 13321
1199 1342 14063 14206
1342 1387 16254 16299
1387 1535 17488 17636
1535 1671 19113 19249
1671 1752 19467 19548
1752 1891 20823 20962
1891 1931 22558 22598
1931 2078 23337 23484
2078 2142 24505 24569

>ENSCMIT00000016834
0 66 38 104
66 224 2333 2491
224 329 3292 3397
329 435 3477 3583
435 507 4418 4490
507 592 5836 5921
592 788 7133 7329
788 863 8144 8219
863 994 11853 11984
994 1068 12550 12624
1068 1199 13190 13321
1199 1296 14063 14160
1296 1430 15624 15758
1430 1523 17543 17636
1523 1659 19113 19249
1659 1740 19467 19548
1740 1879 20823 20962
1879 1919 22558 22598
1919 2388 23337 23806

>ENSCMIT00000016853
0 66 38 104
66 224 2333 2491
224 329 3292 3397
329 435 3477 3583
435 507 4418 4490
507 592 5836 5921
592 788 7133 7329
788 863 8144 8219
863 994 11853 11984
994 1068 12550 12624
1068 1199 13190 13321
1199 1336 14063 14200
1336 1392 16019 16075
1392 1415 16105 16128
1415 1508 17543 17636
1508 1644 19113 19249
1644 1725 19467 19548
1725 1864 20823 20962
1864 1904 22558 22598
1904 2373 23337 23806

>ENSCMIT00000016860
0 66 38 104
66 224 2333 2491
224 329 3292 3397
329 435 3477 3583
435 507 4418 4490
507 592 5836 5921
592 788 7133 7329
788 863 8144 8219
863 994 11853 11984
994 1068 12550 12624
1068 1199 13190 13321
1199 1334 14063 14198
1334 1463 15629 15758
1463 1556 17543 17636
1556 1692 19113 19249
1692 1773 19467 19548
1773 1912 20823 20962
1912 1952 22558 22598
1952 2146 23337 23531
2146 2172 24088 24114

>ENSDCDT00000064215
0 56 7655 7711
56 161 7799 7904
161 267 9879 9985
267 339 10073 10145
339 424 10387 10472
424 617 10651 10844
617 692 14232 14307
692 823 14499 14630
823 897 15850 15924
897 1028 16105 16236
1028 1166 16654 16792
1166 1331 18405 18570
1331 1424 18760 18853
1424 1560 19455 19591
1560 1641 20179 20260
1641 1780 20589 20728
1780 1820 20968 21008
1820 2083 23431 23694
2083 2151 23727 23795

>ENSDCDT00000064221
0 72 6928 7000
72 230 7553 7711
230 336 9879 9985
336 408 10073 10145
408 493 10387 10472
493 686 10651 10844
686 761 14232 14307
761 892 14499 14630
892 979 15850 15937
979 1097 16118 16236
1097 1231 16654 16788
1231 1292 18509 18570
1292 1385 18760 18853
1385 1521 19455 19591
1521 1602 20179 20260
1602 1741 20589 20728
1741 1781 20968 21008
1781 2064 23431 23714

>ENSDCDT00000064346
0 41 6928 6969
41 224 7528 7711
224 329 7799 7904
329 435 9879 9985
435 507 10073 10145
507 592 10387 10472
592 785 10651 10844
785 848 14232 14295
848 860 14358 14370
860 991 14499 14630
991 1065 15850 15924
1065 1196 16105 16236
1196 1307 16654 16765
1307 1400 18405 18498
1400 1508 18745 18853
1508 1644 19455 19591
1644 1725 20179 20260
1725 1831 20589 20695
1831 1871 20968 21008
1871 2154 23431 23714

>ENSDCDT00000064352
0 32 6928 6960
32 215 7528 7711
215 320 7799 7904
320 426 9879 9985
426 498 10073 10145
498 583 10387 10472
583 776 10651 10844
776 851 14232 14307
851 982 14499 14630
982 1056 15850 15924
1056 1187 16105 16236
1187 1337 16654 16804
1337 1445 18745 18853
1445 1581 19455 19591
1581 1662 20179 20260
1662 1801 20589 20728
1801 1841 20968 21008
1841 2124 23431 23714

>ENSDCDT00000064354
0 101 7327 7428
101 344 7468 7711
344 449 7799 7904
449 555 9879 9985
555 627 10073 10145
627 712 10387 10472
712 905 10651 10844
905 980 14232 14307
980 1111 14499 14630
1111 1185 15850 15924
1185 1316 16105 16236
1316 1454 16654 16792
1454 1541 18483 18570
1541 1634 18760 18853
1634 1770 19455 19591
1770 1851 20179 20260
1851 1990 20589 20728
1990 2030 20968 21008
2030 2313 23431 23714

>ENSCHAT00000009196
0 99 23618 23717
99 257 24149 24307
257 362 24514 24619
362 468 24912 25018
468 540 25151 25223
540 625 27466 27551
625 818 28188 28381
818 893 31460 31535
893 1024 32229 32360
1024 1098 33196 33270
1098 1229 33640 33771
1229 1315 34359 34445
1315 1364 34974 35023
1364 1526 36772 36934
1526 1662 38036 38172
1662 1743 39813 39894
1743 1907 41826 41990
1907 2121 44969 45183
2121 2307 46156 46342

>ENSCHAT00000009629
0 99 23618 23717
99 257 24149 24307
257 363 24912 25018
363 435 25151 25223
435 520 27466 27551
520 713 28188 28381
713 788 31460 31535
788 919 32229 32360
919 993 33196 33270
993 1124 33640 33771
1124 1210 34359 34445
1210 1397 36747 36934
1397 1533 38036 38172
1533 1614 39813 39894
1614 1796 41826 42008
1796 2040 44969 45213
2040 2064 46018 46042

>ENSCHAT00000010004
0 96 23618 23714
96 254 24149 24307
254 359 24514 24619
359 465 24912 25018
465 537 25151 25223
537 622 27466 27551
622 815 28188 28381
815 890 31460 31535
890 1021 32229 32360
1021 1095 33196 33270
1095 1226 33640 33771
1226 1323 34359 34456
1323 1427 35785 35889
1427 1520 36841 36934
1520 1656 38036 38172
1656 1737 39813 39894
1737 1901 41826 41990
1901 1929 42059 42087
1929 2188 45000 45259
2188 2370 45727 45909

>ENSCHAT00000010209
0 96 23618 23714
96 254 24149 24307
254 359 24514 24619
359 465 24912 25018
465 537 25151 25223
537 622 27466 27551
622 815 28188 28381
815 890 31460 31535
890 1021 32229 32360
1021 1095 33196 33270
1095 1226 33640 33771
1226 1398 34359 34531
1398 1556 36776 36934
1556 1692 38036 38172
1692 1773 39813 39894
1773 1887 41826 41940
1887 1925 41970 42008
1925 2200 44969 45244
2200 2274 45835 45909

>ENSCHAT00000010273
0 30 0 30
30 188 24149 24307
188 293 24514 24619
293 399 24912 25018
399 471 25151 25223
471 556 27466 27551
556 749 28188 28381
749 824 31460 31535
824 955 32229 32360
955 1029 33196 33270
1029 1160 33640 33771
1160 1257 34359 34456
1257 1469 35677 35889
1469 1562 36841 36934
1562 1698 38036 38172
1698 1779 39813 39894
1779 1918 41826 41965
1918 1958 42688 42728
1958 2259 44969 45270

>ENSCHAT00000010332
0 99 23618 23717
99 257 24149 24307
257 362 24514 24619
362 468 24912 25018
468 540 25151 25223
540 625 27466 27551
625 818 28188 28381
818 893 31460 31535
893 1024 32229 32360
1024 1098 33196 33270
1098 1229 33640 33771
1229 1326 34359 34456
1326 1538 35677 35889
1538 1631 36841 36934
1631 1767 38036 38172
1767 1848 39813 39894
1848 1987 41826 41965
1987 2027 42688 42728
2027 2328 44969 45270

>ENSCHAT00000010417
0 99 23618 23717
99 257 24149 24307
257 362 24514 24619
362 468 24912 25018
468 540 25151 25223
540 625 27466 27551
625 818 28188 28381
818 893 31460 31535
893 1024 32229 32360
1024 1098 33196 33270
1098 1229 33640 33771
1229 1315 34359 34445
1315 1502 36747 36934
1502 1638 38036 38172
1638 1719 39813 39894
1719 1858 41826 41965
1858 1898 42688 42728
1898 2187 44969 45259

>ENSCHAT00000010625
0 96 23618 23714
96 254 24149 24307
254 359 24514 24619
359 465 24912 25018
465 537 25151 25223
537 622 27466 27551
622 815 28188 28381
815 890 31460 31535
890 1021 32229 32360
1021 1095 33196 33270
1095 1226 33640 33771
1226 1323 34359 34456
1323 1523 35689 35889
1523 1616 36841 36934
1616 1752 38036 38172
1752 1833 39813 39894
1833 2015 41826 42008
2015 2147 44969 45101
2147 2283 45316 45452

>ENSAMXT00000018209
0 81 396 477
81 239 2190 2348
239 344 2573 2678
344 450 2781 2887
450 522 4162 4234
522 607 4325 4410
607 800 4522 4715
800 875 8809 8884
875 1006 12366 12497
1006 1080 13460 13534
1080 1211 13686 13817
1211 1308 15663 15760
1308 1463 19738 19893
1463 1556 21221 21314
1556 1692 23631 23767
1692 1773 25577 25658
1773 1912 27124 27263
1912 1952 27591 27631
1952 2253 33540 33841

>ENSAMXT00000035698
0 56 2292 2348
56 161 2573 2678
161 267 2781 2887
267 339 4162 4234
339 424 4325 4410
424 617 4522 4715
617 692 8809 8884
692 823 12366 12497
823 897 13460 13534
897 1028 13686 13817
1028 1125 15663 15760
1125 1280 19738 19893
1280 1373 21221 21314
1373 1509 23631 23767
1509 1590 25577 25658
1590 1729 27124 27263
1729 1769 27591 27631
1769 2070 33540 33841

