>ENSPCAT00000009841
0 105 0 105
105 234 323 452
234 240 453 459
240 311 461 532
311 532 846 1067
532 948 1167 1583

>ENSLAFT00000007224
0 105 0 105
105 305 321 521
305 484 920 1099
484 933 1164 1613

>ENSDNOT00000024731
0 105 0 105
105 314 321 530
314 532 900 1118
532 942 1221 1631

>ENSMMUT00000061742
0 102 0 102
102 332 327 557
332 553 888 1109
553 957 1204 1608

>ENSMNET00000037143
0 102 175 277
102 332 502 732
332 553 1063 1284
553 957 1379 1783

>ENSMFAT00000034062
0 102 176 278
102 332 503 733
332 553 1064 1285
553 957 1380 1784

>ENSPANT00000016032
0 102 0 102
102 332 327 557
332 553 891 1112
553 957 1207 1611

>ENSTGET00000009432
0 102 0 102
102 332 327 557
332 553 888 1109
553 957 1204 1608

>ENSMLET00000060502
0 102 165 267
102 332 492 722
332 553 1053 1274
553 957 1369 1773

>ENSCATT00000052265
0 102 0 102
102 332 327 557
332 525 888 1081
525 612 1209 1296
612 912 1308 1608

>ENSCSAT00000001971
0 577 583 1160
577 981 1254 1658

>ENSRROT00000034856
0 90 178 268
90 320 494 724
320 541 1055 1276
541 945 1377 1781

>ENSRBIT00000053466
0 15 0 15
15 99 17 101
99 329 328 558
329 550 887 1108
550 954 1209 1613

>ENSPTET00000020978
0 108 508 616
108 338 835 1065
338 559 1395 1616
559 963 1717 2121

