>ENSDCDT00000039091
0 698 1257 1955
698 869 2205 2376
869 1389 2453 2973

>ENSCHAT00000006959
0 858 0 858
858 880 897 919
880 994 1259 1373
994 1011 1403 1420
1011 1476 1733 2198

>ENSIPUT00000013134
0 757 109 866
757 1706 2467 3416
1706 1877 4344 4515
1877 2418 4915 5456

>ENSEEET00000050674
0 769 78 847
769 1251 1069 1551

>ENSAMXT00000009316
0 851 5305 6156
851 1022 6344 6515
1022 1538 7065 7581
1538 1617 11043 11122

>ENSAMXT00000037994
0 899 5257 6156
899 1070 6344 6515
1070 1590 7065 7585

>ENSAMXT00000055161
0 883 3262 4145
883 1826 5213 6156
1826 1997 6344 6515
1997 2517 7065 7585

