>R03A10.4a.1
0 113 20 133
113 424 213 524
424 742 577 895
742 1111 1105 1474
1111 1326 1548 1763

>R03A10.4a.2
0 113 20 133
113 424 213 524
424 742 577 895
742 1111 1105 1474
1111 1326 1548 1763

>R03A10.4b.1
0 62 71 133
62 373 213 524
373 691 577 895
691 1060 1105 1474
1060 1275 1548 1763

>R03A10.4b.2
0 62 71 133
62 373 213 524
373 691 577 895
691 1060 1105 1474
1060 1275 1548 1763

>F28H6.3.1
0 62 0 62
62 373 137 448
373 691 931 1249
691 1057 1297 1663
1057 1314 1714 1971

>YJL060W_mRNA
0 1335 0 1335

