>ENSCPGT00000029110
0 109 1857 1966
109 209 2228 2328
209 301 2661 2753
301 317 2837 2853
317 522 2934 3139
522 583 3822 3883
583 675 4112 4204
675 903 4325 4553
903 1068 5007 5172
1068 1125 5466 5523
1125 1189 7006 7070
1189 1266 7178 7255
1266 1335 7543 7612

>ENSCPUT00000009288
0 109 3231 3340
109 209 3602 3702
209 298 4042 4131
298 314 4215 4231
314 519 4312 4517
519 580 5200 5261
580 672 5490 5582
672 900 5704 5932
900 1065 6421 6586
1065 1122 6870 6927
1122 1186 8378 8442
1186 1263 8549 8626
1263 1332 8909 8978

