>T04F3.1a.1
0 159 165 324
159 258 785 884
258 528 1770 2040
528 818 2084 2374
818 1830 2571 3583
1830 2130 3805 4105
2130 7953 4473 10296
7953 8077 10394 10518
8077 8465 10577 10965
8465 8632 11035 11202
8632 8979 11247 11594
8979 9109 11642 11772
9109 9484 12122 12497
9484 9570 12543 12629
9570 10024 12769 13223
10024 10164 13304 13444
10164 10383 13742 13961

>T04F3.1b.1
0 57 827 884
57 327 1770 2040
327 617 2084 2374
617 1629 2571 3583
1629 1929 3805 4105
1929 7752 4473 10296
7752 7876 10394 10518
7876 8264 10577 10965
8264 8431 11035 11202
8431 8778 11247 11594
8778 8908 11642 11772
8908 9283 12122 12497
9283 9369 12543 12629
9369 9823 12769 13223
9823 9963 13304 13444
9963 10182 13742 13961

>ENSLBET00000001615
0 631 1 632
631 1374 947 1690
1374 1434 2206 2266
1434 1505 2377 2448
1505 1575 2556 2626
1575 1642 3702 3769
1642 1740 4990 5088
1740 1818 5225 5303
1818 1919 5506 5607
1919 2009 5943 6033
2009 2055 6149 6195
2055 2197 6327 6469
2197 2340 7307 7450
2340 2494 7565 7719
2494 2913 8029 8448

