>F55C9.7.1
0 77 11 88
77 206 140 269
206 831 315 940

>H11E01.1.1
0 53 0 53
53 702 669 1318

>Y113G7B.8.1
0 83 0 83
83 203 133 253
203 798 1018 1613

>F55C9.8.1
0 86 28 114
86 206 162 282
206 819 346 959

>C43D7.9.1
0 86 0 86
86 206 2426 2546
206 834 2610 3238

>F55C9.13.1
0 86 0 86
86 206 134 254
206 822 326 942

>F55C9.14.1
0 80 27 107
80 828 152 900

>C43D7.2.1
0 86 77 163
86 212 208 334
212 924 381 1093

>F55C9.10.1
0 86 0 86
86 209 129 252
209 858 298 947

>F55C9.11.1
0 86 0 86
86 174 130 218

>C43D7.8.1
0 77 0 77
77 197 121 241
197 315 287 405

>F55C9.4.1
0 80 94 174
80 203 225 348
203 867 471 1135

