>ENSMICT00000033679
0 367 0 367
367 399 2484 2516
399 408 2519 2528

>ENSMICT00000000600
0 367 0 367
367 375 1670 1678
375 393 1680 1698

>ENSPSMT00000002417
0 367 0 367
367 378 1642 1653
378 396 1656 1674

>ENSPPAT00000041328
0 367 244 611
367 411 2624 2668

>ENSPPAT00000041338
0 367 244 611
367 378 1830 1841
378 396 1844 1862

>ENSPTRT00000078187
0 367 1558 1925
367 381 3144 3158

>ENSGGOT00000067134
0 367 281 648
367 411 2661 2705

>ENSGGOT00000052167
0 367 281 648
367 378 1867 1878
378 396 1881 1899

>ENSGGOT00000062489
0 367 281 648
367 384 1302 1319

>ENST00000344545
0 423 221 644

>ENST00000381428
0 367 221 588
367 399 1807 1839

>ENST00000314556
0 367 221 588
367 411 2601 2645

>ENSPPYT00000022414
0 423 0 423

>ENSCSAT00000018577
0 420 0 420

>ENSMMUT00000003070
0 393 0 393
393 453 604 664

>ENSMFAT00000010229
0 367 0 367
367 369 2368 2370
369 408 2373 2412

>ENSMFAT00000010232
0 367 0 367
367 378 1574 1585
378 396 1588 1606

>ENSMNET00000042956
0 367 0 367
367 369 2368 2370
369 408 2373 2412

>ENSMNET00000042958
0 367 0 367
367 378 1574 1585
378 396 1588 1606

>ENSPANT00000034354
0 367 0 367
367 369 2362 2364
369 408 2367 2406

>ENSPANT00000013111
0 367 0 367
367 378 1567 1578
378 396 1581 1599

>ENSMLET00000038940
0 367 0 367
367 369 2368 2370
369 408 2373 2412

>ENSMLET00000038943
0 367 0 367
367 378 1574 1585
378 396 1588 1606

>ENSCATT00000058829
0 367 0 367
367 369 2368 2370
369 408 2373 2412

>ENSCATT00000058835
0 367 0 367
367 378 1574 1585
378 396 1588 1606

>ENSRROT00000061180
0 367 0 367
367 369 2375 2377
369 408 2380 2419

>ENSRROT00000061185
0 367 0 367
367 378 1575 1586
378 396 1589 1607

>ENSRBIT00000039427
0 367 0 367
367 369 2375 2377
369 408 2380 2419

>ENSRBIT00000039428
0 367 0 367
367 378 1575 1586
378 396 1589 1607

