>ENSCINT00000017684
0 177 62 239
177 309 641 773
309 364 1134 1189
364 481 1555 1672
481 657 2359 2535

>ENSCINT00000006356
0 255 75 330
255 387 841 973
387 442 1775 1830
442 487 2571 2616
487 787 2896 3196
787 877 3389 3479
877 953 3864 3940
953 1065 5236 5348

>ENSCINT00000017685
0 255 270 525
255 372 709 826
372 427 1105 1160
427 472 1662 1707
472 631 1850 2009
631 811 2117 2297
811 887 2383 2459
887 936 2540 2589

>ENSCSAVT00000017936
0 264 48 312
264 381 654 771
381 436 1163 1218
436 481 1722 1767
481 643 2219 2381
643 811 2887 3055
811 887 3663 3739
887 933 4368 4414

