>ENSPVIT00000027690
0 38 783 821
38 146 2547 2655
146 255 3233 3342
255 372 4328 4445
372 548 4642 4818
548 660 5421 5533
660 770 5867 5977
770 960 7234 7424
960 1098 7697 7835
1098 1182 8241 8325
1182 1287 8418 8523
1287 1335 11425 11473

>ENSPVIT00000027691
0 38 783 821
38 146 2547 2655
146 255 3233 3342
255 372 4328 4445
372 548 4642 4818
548 660 5421 5533
660 770 5867 5977
770 797 6245 6272
797 987 7234 7424
987 1125 7697 7835
1125 1209 8241 8325
1209 1314 8418 8523
1314 1413 8931 9030

>ENSNSUT00000009708
0 26 14 40
26 134 152 260
134 243 437 546
243 360 973 1090
360 536 2269 2445
536 648 3101 3213
648 758 3518 3628
758 945 5216 5403
945 1083 6264 6402
1083 1167 6895 6979
1167 1272 7052 7157
1272 1371 7494 7593

>ENSNSUT00000009709
0 26 14 40
26 135 437 546
135 252 973 1090
252 428 2269 2445
428 540 3101 3213
540 650 3518 3628
650 837 5216 5403
837 975 6264 6402
975 1059 6895 6979
1059 1164 7052 7157
1164 1263 7494 7593

