>ENSDNOT00000035003
0 408 335 743
408 440 1056 1088
440 504 1302 1366
504 636 1981 2113

>ENSDNOT00000038319
0 261 0 261
261 352 265 356
352 371 1155 1174
371 448 1422 1499
448 486 1564 1602
486 618 1654 1786

>ENSOCUT00000025589
0 411 0 411
411 507 2098 2194
507 751 3171 3415
751 847 5248 5344
847 1341 7389 7883

>ENSOCUT00000021485
0 411 0 411
411 507 1406 1502
507 751 2479 2723
751 847 4555 4651
847 1341 6696 7190

>ENSOCUT00000031794
0 411 0 411
411 507 1387 1483
507 751 3082 3326
751 847 5156 5252
847 1341 7856 8350

>ENSOCUT00000029329
0 468 0 468
468 712 3082 3326
712 805 5159 5252
805 1299 7856 8350

>ENSOPRT00000018233
0 243 0 243
243 252 247 256
252 273 258 279
273 294 280 301
294 402 303 411
402 498 1269 1365
498 525 1609 1636
525 717 2342 2534
717 740 3427 3450
740 841 4665 4766
841 1314 5282 5755

>ENSOPRT00000018965
0 264 0 264
264 315 265 316
315 408 318 411
408 504 1168 1264
504 525 1486 1507
525 717 2243 2435
717 740 3338 3361
740 841 4582 4683
841 1194 5181 5534
1194 1314 5535 5655

>ENSOPRT00000019138
0 279 0 279
279 315 280 316
315 408 318 411
408 504 1113 1209
504 525 1431 1452
525 717 2187 2379
717 740 3293 3316
740 841 4625 4726
841 1314 5244 5717

>ENSOPRT00000018459
0 279 0 279
279 315 280 316
315 338 318 341
338 351 348 361
351 393 363 405
393 489 1061 1157
489 501 1395 1407
501 513 1409 1421
513 705 2145 2337
705 728 3535 3558
728 829 4763 4864
829 843 5390 5404
843 849 5406 5412
849 1120 5413 5684
1120 1296 5685 5861

>ENSUPAT00010009826
0 411 0 411
411 511 1203 1303
511 732 2005 2226
732 755 2913 2936
755 896 3797 3938
896 1198 5077 5379
1198 1296 8811 8909

>ENSUPAT00010009980
0 411 0 411
411 504 1203 1296
504 774 1995 2265
774 865 3804 3895
865 1344 4962 5441

>ENSUPAT00010010016
0 411 0 411
411 504 1203 1296
504 735 1995 2226
735 758 2913 2936
758 856 3797 3895
856 1335 4962 5441

