>ENSOPRT00000002294
0 96 0 96
96 102 97 103
102 165 105 168
165 210 170 215
210 222 217 229
222 259 231 268
259 261 273 275
261 522 278 539
522 594 24649 24721
594 667 24835 24908
667 851 33414 33598
851 1126 34101 34376
1126 1381 34456 34711
1381 1483 35286 35388
1483 1567 36698 36782
1567 1650 36806 36889

>ENSOCUT00000031811
0 232 0 232
232 416 10130 10314
416 691 10797 11072
691 931 11148 11388
931 1030 12667 12766
1030 1191 14146 14307

>ENSTBET00000007573
0 528 0 528
528 600 36903 36975
600 673 37174 37247
673 857 59433 59617
857 961 60572 60676
961 1138 60826 61003
1138 1393 61116 61371
1393 1492 62846 62945
1492 1653 64746 64907

>ENSPSMT00000029564
0 29 0 29
29 177 334 482
177 588 512 923

>ENSPTRT00000050104
0 12 2983 2995
12 552 3043 3583
552 624 34187 34259
624 697 34457 34530
697 881 51129 51313
881 1159 52460 52738
1159 1414 52864 53119
1414 1516 54440 54542
1516 1680 56927 57091

>ENSPPAT00000055586
0 579 0 579
579 651 31223 31295
651 881 48424 48654
881 1159 49801 50079
1159 1414 50205 50460
1414 1516 51781 51883
1516 1680 54275 54439

>ENST00000346246
0 552 2760 3312
552 624 31685 31757
624 697 31955 32028
697 881 48643 48827
881 1165 49974 50258
1165 1420 50383 50638
1420 1519 51961 52060
1519 1683 54434 54598

