>ENSAOCT00000022848
0 162 0 162
162 255 639 732

>ENSSPAT00000026328
0 16 0 16
16 228 2438 2650

>ENSAPOT00000029786
0 122 0 122
122 201 2025 2104

>ENSAPET00000031659
0 162 0 162
162 231 1093 1162

>ENSAOCT00000020780
0 162 0 162
162 285 3927 4050

>ENSAPOT00000007082
0 162 0 162
162 216 255 309

>ENSAPOT00000011736
0 183 0 183

>ENSAPOT00000011720
0 183 0 183

>ENSAPOT00000020501
0 16 0 16
16 176 4232 4392
176 199 6551 6574
199 273 6616 6690

>ENSAPOT00000011538
0 176 0 176
176 237 4509 4570

>ENSAOCT00000003253
0 122 0 122
122 228 549 655

>ENSAPOT00000017914
0 122 0 122
122 207 256 341

