>ENSMSIT00000041181
0 83 10 93
83 235 390 542
235 291 4315 4371
291 357 4684 4750
357 468 5924 6035
468 2575 6848 8955
2575 2625 9460 9510

>MGP_SPRETEiJ_T0087811
0 10 86 96
10 162 399 551
162 218 4288 4344
218 284 4656 4722
284 395 5893 6004
395 2502 6821 8928
2502 2547 9430 9477

>ENSMUST00000095326
0 10 86 96
10 157 399 546
157 213 4296 4352
213 279 4674 4740
279 390 5913 6024
390 2497 6845 8952
2497 2547 9454 9504

>MGP_CAROLIEiJ_T0084337
0 10 86 96
10 162 399 551
162 218 4378 4434
218 284 4771 4837
284 395 5721 5832
395 2529 6678 8812
2529 2574 9316 9363

>MGP_PahariEiJ_T0047228
0 10 86 96
10 162 399 551
162 218 7799 7855
218 284 8183 8249
284 395 9433 9544
395 2529 10423 12557
2529 2574 13064 13111

>ENSRNOT00000074490
0 27 459 486
27 138 1760 1871
138 2257 3183 5302
2257 2292 11929 11964

>ENSRNOT00000081642
0 27 640 667
27 138 1942 2053
138 2257 3365 5484
2257 2292 12111 12146

