>ENSLACT00000002092
0 103 468 571
103 166 2157 2220
166 346 3313 3493
346 484 4141 4279
484 585 4969 5070
585 678 5506 5599

>ENSXETT00000042605
0 145 0 145
145 208 1350 1413
208 394 2277 2463
394 526 2979 3111
526 627 3385 3486
627 717 5119 5209

>ENSCHAT00000007651
0 88 0 88
88 151 181 244
151 331 383 563
331 463 723 855
463 564 1409 1510
564 675 1876 1987

>ENSDCDT00000070913
0 169 46 215
169 232 427 490
232 406 579 753
406 529 1238 1361
529 630 1590 1691
630 717 2445 2532

>ENSAMXT00000011872
0 97 616 713
97 160 1287 1350
160 340 2308 2488
340 472 2982 3114
472 573 3363 3464
573 635 5717 5779
635 732 18407 18504

>ENSAMXT00000048255
0 97 616 713
97 160 1287 1350
160 340 2308 2488
340 472 2982 3114
472 573 3363 3464
573 639 5717 5783

>ENSAMXT00000034499
0 97 616 713
97 160 1287 1350
160 292 2982 3114
292 393 3363 3464
393 459 5717 5783

