>ENSCINT00000014265
0 3 1889 1892
3 46 2536 2579
46 82 2999 3035
82 246 3290 3454
246 360 3779 3893
360 552 4428 4620
552 621 5632 5701

>ENSCSAVT00000006492
0 84 30 114
84 276 1690 1882
276 345 2450 2519

>ENSSFOT00015021210
0 46 64 110
46 82 273 309
82 246 644 808
246 363 1004 1121
363 555 1244 1436
555 624 2118 2187

>ENSSFOT00015021222
0 228 580 808
228 345 1004 1121
345 537 1244 1436
537 606 2118 2187

>ENSPKIT00000002025
0 7 41 48
7 43 2306 2342
43 207 4087 4251
207 324 5999 6116
324 528 6207 6411

>ENSPKIT00000002038
0 7 41 48
7 43 2306 2342
43 207 4087 4251
207 324 5999 6116
324 516 6207 6399
516 585 7318 7387

>ENSPKIT00000002063
0 76 1049 1125
76 240 4087 4251
240 357 5999 6116
357 549 6207 6399
549 618 7318 7387

