>ZK697.2a.1
0 75 43 118
75 226 779 930
226 301 977 1052
301 606 2174 2479
606 803 3204 3401
803 929 3450 3576
929 1045 3621 3737
1045 1296 3859 4110

>ZK697.2b.1
0 13 917 930
13 88 977 1052
88 393 2174 2479
393 590 3204 3401
590 716 3450 3576
716 832 3621 3737
832 1083 3859 4110

>ZK697.2c.1
0 179 3222 3401
179 305 3450 3576
305 421 3621 3737
421 672 3859 4110

>T26H2.9a.1
0 75 7 82
75 166 237 328
166 232 376 442
232 343 1128 1239
343 553 1283 1493
553 699 2008 2154
699 831 2662 2794
831 896 2987 3052
896 1025 3292 3421
1025 1141 3472 3588
1141 1392 3895 4146

>T26H2.9b.1
0 75 7 82
75 166 237 328
166 232 376 442
232 343 1128 1239
343 553 1283 1493
553 699 2008 2154
699 831 2662 2794
831 942 3292 3403

