>ENSPKIT00000037787
0 159 100 259
159 264 2010 2115
264 369 4607 4712
369 426 5486 5543
426 570 5631 5775
570 655 7158 7243
655 716 7397 7458
716 807 7643 7734
807 866 7844 7903
866 915 8795 8844
915 1011 8929 9025
1011 1078 10432 10499
1078 1110 10758 10790

>ENSPKIT00000037816
0 159 100 259
159 264 2010 2115
264 321 5486 5543
321 462 5634 5775
462 547 7158 7243
547 608 7397 7458
608 699 7643 7734
699 758 7844 7903
758 807 8795 8844
807 903 8929 9025
903 970 10432 10499
970 1002 10758 10790

>ENSSFOT00015010300
0 159 777 936
159 264 2238 2343
264 369 6996 7101
369 426 9794 9851
426 570 9952 10096
570 655 10314 10399
655 716 10550 10611
716 807 10730 10821
807 866 10984 11043
866 915 11321 11370
915 1011 11469 11565
1011 1078 13746 13813
1078 1110 14183 14215

>ENSSFOT00015010324
0 159 777 936
159 264 2238 2343
264 369 6996 7101
369 426 9794 9851
426 570 9952 10096
570 655 10314 10399
655 716 10550 10611
716 807 10730 10821
807 866 10984 11043
866 915 11321 11370
915 1011 11469 11565
1011 1078 13746 13813
1078 1110 14183 14215

>ENSSFOT00015010329
0 159 777 936
159 264 2238 2343
264 321 9794 9851
321 462 9955 10096
462 547 10314 10399
547 608 10550 10611
608 699 10730 10821
699 758 10984 11043
758 807 11321 11370
807 903 11469 11565
903 970 13746 13813
970 1002 14183 14215

