>F20D6.4a.1
0 278 2296 2574
278 457 2620 2799
457 780 2848 3171
780 936 3218 3374
936 1101 3588 3753

>F20D6.4b.1
0 278 2296 2574
278 457 2620 2799
457 780 2848 3171
780 936 3218 3374
936 1101 3900 4065

>F20D6.4c.1
0 278 2296 2574
278 457 2620 2799
457 780 2848 3171
780 936 3218 3374
936 1098 4150 4312

>F20D6.4d.1
0 20 82 102
20 299 2295 2574
299 478 2620 2799
478 801 2848 3171
801 957 3218 3374
957 1122 3588 3753

>F20D6.3.1
0 20 0 20
20 299 665 944
299 478 992 1171
478 801 1217 1540
801 957 1582 1738
957 1119 1881 2043

>C03G6.19.1
0 26 103 129
26 305 556 835
305 484 881 1060
484 807 1125 1448
807 963 1498 1654
963 1128 1701 1866

