>ENSUMAT00000021078
0 25 41 66
25 208 66031 66214
208 338 78993 79123
338 512 82141 82315
512 641 84222 84351
641 667 85027 85053
667 700 85254 85287
700 824 99379 99503
824 974 100689 100839
974 1044 101822 101892
1044 1155 103011 103122
1155 1251 105443 105539
1251 1386 108911 109046
1386 1522 109156 109292
1522 1674 117825 117977
1674 1800 119733 119859
1800 1932 119945 120077
1932 2000 120802 120870
2000 2089 133920 134009
2089 2187 135363 135461
2187 2275 144398 144486
2275 2374 144907 145006
2374 2505 147187 147318
2505 2979 147996 148470

>ENSUMAT00000021081
0 25 41 66
25 208 66031 66214
208 338 78993 79123
338 512 82141 82315
512 641 84222 84351
641 667 85027 85053
667 791 99379 99503
791 941 100689 100839
941 1011 101822 101892
1011 1122 103011 103122
1122 1218 105443 105539
1218 1353 108911 109046
1353 1489 109156 109292
1489 1641 117825 117977
1641 1767 119733 119859
1767 1899 119945 120077
1899 1967 120802 120870
1967 2056 133920 134009
2056 2154 135363 135461
2154 2242 144398 144486
2242 2341 144907 145006
2341 2472 147187 147318
2472 2946 147996 148470

>ENSUMAT00000021089
0 25 41 66
25 208 66031 66214
208 338 78993 79123
338 467 84222 84351
467 493 85027 85053
493 526 85254 85287
526 650 99379 99503
650 800 100689 100839
800 870 101822 101892
870 981 103011 103122
981 1077 105443 105539
1077 1212 108911 109046
1212 1348 109156 109292
1348 1500 117825 117977
1500 1626 119733 119859
1626 1758 119945 120077
1758 1826 120802 120870
1826 1915 133920 134009
1915 2013 135363 135461
2013 2101 144398 144486
2101 2200 144907 145006
2200 2331 147187 147318
2331 2805 147996 148470

>ENSUAMT00000013172
0 267 3848 4115
267 393 5651 5777
393 525 5863 5995
525 593 6717 6785
593 682 19388 19477
682 780 20829 20927
780 868 30157 30245
868 967 30667 30766
967 1098 32947 33078
1098 1572 33756 34230

>ENSAMET00000005684
0 25 0 25
25 208 67005 67188
208 338 79664 79794
338 512 82850 83024
512 641 84926 85055
641 667 85725 85751
667 791 98991 99115
791 941 100357 100507
941 1011 101465 101535
1011 1122 102651 102762
1122 1218 104832 104928
1218 1353 108236 108371
1353 1489 108481 108617
1489 1641 117252 117404
1641 1767 118927 119053
1767 1899 119139 119271
1899 1967 119990 120058
1967 2056 133062 133151
2056 2154 134496 134594
2154 2242 143661 143749
2242 2341 144147 144246
2341 2472 146520 146651
2472 2943 147323 147794

