>ENSCSAVT00000018173
0 57 24643 24700
57 453 24786 25182

>ENSCSAVT00000018174
0 423 32939 33362

>ENSCSAVT00000018175
0 57 27016 27073
57 327 30402 30672
327 648 33041 33362

>ENSCSAVT00000018176
0 3 9320 9323
3 347 14152 14496
347 369 28381 28403

>ENSCSAVT00000018177
0 57 16869 16926
57 404 24786 25133
404 429 28383 28408

>ENSCSAVT00000018178
0 57 19583 19640
57 256 19725 19924
256 401 22618 22763
401 423 28381 28403

>ENSCSAVT00000018179
0 3 102 105
3 202 9408 9607
202 399 22618 22815

>ENSCSAVT00000018180
0 57 11641 11698
57 301 14152 14396
301 453 22663 22815

>ENSCSAVT00000018181
0 3 9320 9323
3 237 9408 9642
237 399 14872 15034

>ENSCSAVT00000018182
0 57 2417 2474
57 426 9408 9777

>ENSCSAVT00000011487
0 57 47 104
57 529 189 661
529 648 6092 6211

>ENSCSAVT00000018194
0 57 47 104
57 453 189 585

>ENSCSAVT00000018193
0 57 47 104
57 453 4669 5065

>ENSCSAVT00000018170
0 57 47 104
57 453 7297 7693

>ENSCSAVT00000018168
0 57 44 101
57 453 186 582

