>ENSVURT00010020571
0 139 203 342
139 217 1319 1397
217 312 5989 6084
312 486 8678 8852
486 721 10336 10571
721 868 11035 11182
868 978 15921 16031
978 1077 16552 16651

>ENSSHAT00000007686
0 7 116 123
7 256 1643 1892
256 331 3253 3328
331 426 19110 19205
426 600 21907 22081
600 835 22550 22785
835 982 23149 23296
982 1092 29373 29483
1092 1191 30097 30196

>ENSMODT00000044445
0 7 128 135
7 256 1673 1922
256 334 2812 2890
334 432 6706 6804
432 606 15565 15739
606 841 16239 16474
841 988 18138 18285
988 1098 23011 23121
1098 1197 23609 23708

>ENSSHAT00000009010
0 7 437 444
7 238 1765 1996
238 451 7677 7890
451 531 8525 8605
531 705 18204 18378
705 940 19904 20139
940 1096 20567 20723
1096 1206 31961 32071
1206 1305 38181 38280

>ENSVURT00010020603
0 63 6045 6108
63 298 9852 10087
298 505 10617 10824
505 714 18071 18280

>ENSDNOT00000001795
0 7 683 690
7 259 1577 1829
259 322 3573 3636
322 406 3806 3890
406 501 9384 9479
501 675 9890 10064
675 910 11567 11802
910 1057 12234 12381
1057 1167 17394 17504
1167 1266 17864 17963

>ENSCHOT00000000559
0 7 0 7
7 119 958 1070
119 135 1072 1088
135 256 1092 1213
256 429 4063 4236
429 588 5377 5536
588 654 5539 5605
654 658 5608 5612
658 808 5876 6026
808 846 9454 9492
846 915 9494 9563
915 1014 9925 10024

>ENSPCAT00000007640
0 7 0 7
7 96 924 1013
96 102 1015 1021
102 161 1022 1081
161 253 1082 1174
253 295 15359 15401
295 426 15402 15533
426 661 16121 16356
661 805 17983 18127
805 915 33081 33191

>ENSETET00000010263
0 7 0 7
7 259 861 1113
259 432 5210 5383
432 667 5483 5718
667 806 6475 6614
806 808 7685 7687
808 918 7746 7856
918 1017 8250 8349

>ENSPTRT00000055218
0 7 1957 1964
7 259 2903 3155
259 432 7820 7993
432 667 8902 9137
667 817 9779 9929
817 927 13015 13125
927 1026 13513 13612

>ENSPPAT00000056237
0 7 257 264
7 259 1203 1455
259 432 6160 6333
432 667 7242 7477
667 817 8109 8259
817 927 11340 11450
927 1026 11838 11937

>ENST00000422698
0 7 256 263
7 259 1202 1454
259 372 6167 6280
372 429 6283 6340
429 664 7266 7501
664 814 8147 8297
814 924 11365 11475
924 1023 11858 11957

>ENSGGOT00000012117
0 7 257 264
7 259 1201 1453
259 432 6114 6287
432 667 7203 7438
667 817 8046 8196
817 927 11289 11399
927 1026 11787 11886

>ENSPPYT00000004547
0 220 35 255
220 286 1835 1901
286 364 2065 2143
364 459 6213 6308
459 633 6704 6878
633 868 7775 8010
868 1018 8541 8691
1018 1128 11854 11964
1128 1227 12355 12454

>ENSCATT00000041830
0 220 1228 1448
220 286 3025 3091
286 364 3259 3337
364 459 8093 8188
459 633 8584 8758
633 868 9676 9911
868 1018 10501 10651
1018 1128 13810 13920
1128 1227 14309 14408

>ENSCATT00000041833
0 220 1228 1448
220 286 3025 3091
286 364 3259 3337
364 459 8093 8188
459 633 8584 8758
633 868 9676 9911
868 1018 10501 10651
1018 1053 10764 10799

>ENSTGET00000021820
0 220 49 269
220 286 1846 1912
286 364 2080 2158
364 459 6933 7028
459 633 7424 7598
633 868 8518 8753
868 1018 9333 9483
1018 1128 12737 12847
1128 1227 13236 13335

>ENSPANT00000014171
0 220 39 259
220 286 1825 1891
286 364 2059 2137
364 459 6899 6994
459 633 7390 7564
633 868 8493 8728
868 1018 9308 9458
1018 1128 12800 12910
1128 1227 13299 13398

>ENSPANT00000040730
0 220 39 259
220 286 1825 1891
286 364 2059 2137
364 459 6899 6994
459 633 7390 7564
633 868 8493 8728
868 1018 9308 9458
1018 1053 9571 9606

>ENSMFAT00000053683
0 220 39 259
220 286 1836 1902
286 364 2070 2148
364 459 6870 6965
459 633 7361 7535
633 868 8459 8694
868 1018 9284 9434
1018 1218 13682 13882

>ENSMFAT00000053779
0 220 39 259
220 286 1836 1902
286 364 2070 2148
364 459 6870 6965
459 633 7361 7535
633 868 8459 8694
868 1018 9284 9434
1018 1128 13682 13792
1128 1227 14181 14280

>ENSMFAT00000053987
0 220 39 259
220 286 1836 1902
286 364 2070 2148
364 459 6870 6965
459 633 7361 7535
633 868 8459 8694
868 1018 9284 9434
1018 1053 9547 9582

>ENSMNET00000041090
0 220 1396 1616
220 286 3193 3259
286 364 3427 3505
364 459 8275 8370
459 633 8766 8940
633 868 9868 10103
868 1018 10695 10845
1018 1128 14746 14856
1128 1227 15245 15344

>ENSMNET00000041101
0 220 1396 1616
220 286 3193 3259
286 364 3427 3505
364 459 8275 8370
459 633 8766 8940
633 868 9868 10103
868 1018 10695 10845
1018 1047 10958 10987

>ENSMMUT00000055572
0 7 26 33
7 259 1135 1387
259 325 2964 3030
325 403 3198 3276
403 498 7993 8088
498 672 8484 8658
672 907 9579 9814
907 1057 10398 10548
1057 1167 14243 14353
1167 1266 14742 14841

>ENSMMUT00000023241
0 7 26 33
7 259 1135 1387
259 325 2964 3030
325 403 3198 3276
403 498 7993 8088
498 672 8484 8658
672 907 9579 9814
907 1057 10398 10548
1057 1167 14243 14353
1167 1224 15454 15511

>ENSMMUT00000082067
0 220 1167 1387
220 286 2964 3030
286 364 3198 3276
364 459 7993 8088
459 633 8484 8658
633 868 9579 9814
868 1018 10398 10548
1018 1128 14243 14353
1128 1227 14742 14841

>ENSMMUT00000078926
0 220 1167 1387
220 286 2964 3030
286 364 3198 3276
364 459 7993 8088
459 633 8484 8658
633 868 9579 9814
868 1018 10398 10548
1018 1128 14243 14353
1128 1293 15115 15280

>ENSCSAT00000001112
0 220 112 332
220 286 1915 1981
286 364 2149 2227
364 459 6855 6950
459 633 7346 7520
633 868 8435 8670
868 1018 9259 9409
1018 1128 12605 12715
1128 1227 13104 13203

