>Y56A3A.5.1
0 108 0 108
108 304 844 1040
304 424 1093 1213
424 510 2246 2332
510 1224 2384 3098
1224 1543 4101 4420
1543 1932 4531 4920

>Y56A3A.12a.1
0 9 510 519
9 105 599 695
105 298 768 961
298 507 2359 2568
507 1218 4116 4827
1218 1531 5830 6143
1531 1944 7427 7840

>Y56A3A.12a.2
0 9 510 519
9 105 599 695
105 298 768 961
298 507 2359 2568
507 1218 4116 4827
1218 1531 5830 6143
1531 1944 7427 7840

>Y56A3A.12b.1
0 9 510 519
9 202 768 961
202 411 2359 2568
411 1122 4116 4827
1122 1435 5830 6143
1435 1848 7427 7840

