>ENSSDAT00000027734
0 6 0 6
6 42 2446 2482
42 153 2579 2690
153 300 2848 2995
300 511 3360 3571
511 613 3699 3801
613 694 3877 3958
694 757 4634 4697
757 877 5774 5894
877 1000 6226 6349
1000 1062 6970 7032

>ENSSDAT00000027736
0 6 0 6
6 117 2579 2690
117 264 2848 2995
264 475 3360 3571
475 577 3699 3801
577 658 3877 3958
658 721 4634 4697
721 841 5774 5894
841 964 6226 6349
964 1026 6970 7032

>ENSSDAT00000027740
0 6 0 6
6 117 2579 2690
117 264 2848 2995
264 475 3360 3571
475 577 3699 3801
577 658 3877 3958
658 721 4634 4697
721 844 6226 6349
844 906 6970 7032

>ENSUPAT00010025239
0 6 0 6
6 42 2641 2677
42 153 2774 2885
153 300 3043 3190
300 511 3549 3760
511 613 3887 3989
613 694 4067 4148
694 757 4814 4877
757 877 5940 6060
877 1000 6404 6527
1000 1062 7134 7196

>ENSUPAT00010025249
0 6 0 6
6 117 2774 2885
117 264 3043 3190
264 475 3549 3760
475 577 3887 3989
577 658 4067 4148
658 721 4814 4877
721 841 5940 6060
841 964 6404 6527
964 1026 7134 7196

>ENSUPAT00010025250
0 6 0 6
6 117 2774 2885
117 264 3043 3190
264 475 3549 3760
475 577 3887 3989
577 658 4067 4148
658 721 4814 4877
721 844 6404 6527
844 906 7134 7196

>ENSSTOT00000041363
0 6 319 325
6 42 2947 2983
42 153 3080 3191
153 300 3349 3496
300 511 3857 4068
511 613 4196 4298
613 694 4374 4455
694 757 5117 5180
757 877 6260 6380
877 1000 6722 6845
1000 1062 7471 7533

>ENSSTOT00000033462
0 6 319 325
6 117 3080 3191
117 264 3349 3496
264 475 3857 4068
475 577 4196 4298
577 658 4374 4455
658 721 5117 5180
721 841 6260 6380
841 964 6722 6845
964 1026 7471 7533

>ENSSTOT00000006201
0 6 319 325
6 117 3080 3191
117 264 3349 3496
264 475 3857 4068
475 577 4196 4298
577 658 4374 4455
658 721 5117 5180
721 844 6722 6845
844 906 7471 7533

