>ENSEBUT00000024424
0 269 0 269
269 302 9237 9270
302 408 15292 15398
408 502 32878 32972
502 611 44132 44241
611 744 44489 44622
744 804 59298 59358
804 1022 69388 69606
1022 1108 70745 70831
1108 1200 70864 70956

>ENSPCIT00000019960
0 82 0 82
82 284 88064 88266
284 373 98731 98820
373 456 99072 99155
456 548 128204 128296
548 659 140664 140775
659 792 143553 143686
792 860 156070 156138
860 957 159684 159781
957 1000 164619 164662
1000 1175 166577 166752
1175 1377 170219 170421

>ENSVURT00010014062
0 82 167 249
82 284 89300 89502
284 373 98803 98892
373 456 99145 99228
456 548 131203 131295
548 659 148526 148637
659 792 151526 151659
792 860 161238 161306
860 957 164183 164280
957 1000 168901 168944
1000 1175 170831 171006
1175 1377 174543 174745

>ENSMEUT00000010049
0 79 0 79
79 281 43820 44022
281 370 54187 54276
370 453 54530 54613
453 545 86253 86345
545 656 94225 94336
656 789 99746 99879
789 857 109604 109672
857 954 112288 112385
954 1038 120933 121017
1038 1050 121020 121032
1050 1155 121035 121140
1155 1326 121151 121322

>ENSSHAT00000015666
0 67 365 432
67 269 84494 84696
269 358 96014 96103
358 441 96441 96524
441 533 124772 124864
533 644 134297 134408
644 777 136930 137063
777 845 146778 146846
845 942 150038 150135
942 985 152860 152903
985 1160 154652 154827
1160 1362 158262 158464

>ENSMODT00000020223
0 79 0 79
79 275 83871 84067
275 364 93108 93197
364 447 93564 93647
447 539 122996 123088
539 650 135577 135688
650 783 138841 138974
783 851 148871 148939
851 948 154465 154562
948 991 157363 157406
991 1166 159493 159668
1166 1365 162382 162581

>ENSCCNT00000010026
0 91 14 105
91 293 59848 60050
293 382 67815 67904
382 465 68318 68401
465 557 87952 88044
557 668 107923 108034
668 801 112844 112977
801 869 119715 119783
869 966 121337 121434
966 1009 130054 130097
1009 1184 131114 131289
1184 1371 132644 132831

>ENSDORT00000030315
0 94 45 139
94 296 42501 42703
296 385 51271 51360
385 468 51905 51988
468 560 71701 71793
560 671 77245 77356
671 804 79031 79164
804 872 85529 85597
872 969 88948 89045
969 1012 90841 90884
1012 1187 92641 92816
1187 1374 94213 94400

>ENSDORT00000012687
0 46 41538 41584
46 248 42501 42703
248 337 51271 51360
337 420 51905 51988
420 512 71701 71793
512 623 77245 77356
623 756 79031 79164
756 824 85529 85597
824 921 88948 89045
921 964 90841 90884
964 1139 92641 92816
1139 1326 94213 94400

>ENSNGAT00000020938
0 1116 0 1116

>ENSNGAT00000031378
0 90 0 90
90 167 71938 72015
167 256 82936 83025
256 339 83545 83628
339 431 107557 107649
431 542 123570 123681
542 675 124467 124600
675 743 132194 132262
743 840 135321 135418
840 883 145280 145323
883 1058 146404 146579
1058 1245 147709 147896

