>ENSSPUT00000005120
0 23 0 23
23 211 908 1096
211 314 3642 3745
314 325 6957 6968
325 454 14063 14192
454 564 34266 34376
564 801 35109 35346
801 853 35929 35981
853 925 46174 46246
925 1029 55636 55740
1029 1095 66747 66813
1095 1165 80066 80136
1165 1272 83341 83448
1272 1359 83810 83897
1359 1449 96300 96390
1449 1573 116592 116716
1573 1701 136269 136397
1701 1791 138046 138136

>ENSPVIT00000030519
0 23 0 23
23 211 3836 4024
211 303 11233 11325
303 328 16562 16587
328 457 17958 18087
457 564 25786 25893
564 804 28086 28326
804 856 29417 29469
856 928 31198 31270
928 1032 32633 32737
1032 1098 35694 35760
1098 1168 48070 48140
1168 1275 50155 50262
1275 1362 51141 51228
1362 1455 55422 55515
1455 1594 56663 56802
1594 1722 64142 64270
1722 1812 66250 66340

>ENSCCNT00000009158
0 66 0 66
66 84 98 116
84 109 5693 5718
109 238 7032 7161
238 342 8765 8869
342 579 18355 18592
579 631 20880 20932
631 703 23128 23200
703 807 25778 25882
807 873 28933 28999
873 943 31993 32063
943 1050 32588 32695
1050 1137 33759 33846
1137 1224 36998 37085
1224 1363 45093 45232
1363 1491 48747 48875
1491 1581 53573 53663

>ENSTSYT00000038172
0 46 2487 2533
46 312 2546 2812
312 1140 3093 3921
1140 1302 8624 8786

>ENSTSYT00000037427
0 46 2487 2533
46 312 2546 2812
312 1305 3093 4086
1305 1470 4124 4289
1470 1812 4324 4666

>ENSTSYT00000026174
0 46 2487 2533
46 300 2558 2812
300 1293 3093 4086
1293 1458 4124 4289
1458 1800 4324 4666

>ENSTSYT00000048310
0 154 2899 3053
154 1131 3109 4086
1131 1296 4124 4289
1296 1638 4324 4666

>ENSUAMT00000027421
0 53 9 62
53 198 448 593
198 316 6315 6433
316 420 8684 8788
420 663 10269 10512
663 769 15650 15756
769 873 17668 17772
873 939 21063 21129
939 1009 29032 29102
1009 1116 29702 29809
1116 1203 30887 30974
1203 1290 34796 34883
1290 1429 35869 36008
1429 1557 45088 45216
1557 1647 53748 53838

>ENSUAMT00000027422
0 47 116 163
47 192 448 593
192 310 6315 6433
310 414 8684 8788
414 657 10269 10512
657 763 15650 15756
763 867 17668 17772
867 933 21063 21129
933 1003 29032 29102
1003 1110 29702 29809
1110 1197 30887 30974
1197 1284 34796 34883
1284 1423 35869 36008
1423 1551 45088 45216
1551 1641 53748 53838

