>ENSSFOT00015017831
0 97 511 608
97 178 7404 7485
178 315 10248 10385
315 444 15237 15366
444 612 18344 18512
612 669 18650 18707
669 868 22894 23093
868 1048 23371 23551
1048 1116 24337 24405
1116 1241 24749 24874
1241 1319 25124 25202
1319 1440 26146 26267
1440 1569 26640 26769
1569 1687 27597 27715
1687 1886 28206 28405
1886 1958 28714 28786
1958 2032 29149 29223
2032 2161 29672 29801
2161 2249 30091 30179
2249 3396 30447 31594

>ENSSFOT00015017858
0 120 488 608
120 201 7404 7485
201 369 18344 18512
369 426 18650 18707
426 625 22894 23093
625 805 23371 23551
805 873 24337 24405
873 998 24749 24874
998 1076 25124 25202
1076 1197 26146 26267
1197 1326 26640 26769
1326 1444 27597 27715
1444 1643 28206 28405
1643 1715 28714 28786
1715 1789 29149 29223
1789 1918 29672 29801
1918 2006 30091 30179
2006 3153 30447 31594

>ENSSFOT00015017904
0 97 511 608
97 178 7404 7485
178 315 10248 10385
315 444 15237 15366
444 612 18344 18512
612 811 22894 23093
811 991 23371 23551
991 1059 24337 24405
1059 1184 24749 24874
1184 1262 25124 25202
1262 1383 26146 26267
1383 1512 26640 26769
1512 1630 27597 27715
1630 1829 28206 28405
1829 1901 28714 28786
1901 1975 29149 29223
1975 2104 29672 29801
2104 2192 30091 30179
2192 3339 30447 31594

>ENSPKIT00000001550
0 97 393 490
97 178 4029 4110
178 315 5545 5682
315 444 6664 6793
444 618 7467 7641
618 675 7773 7830
675 874 10068 10267
874 1054 10559 10739
1054 1122 10839 10907
1122 1247 11302 11427
1247 1325 11885 11963
1325 1446 12192 12313
1446 1575 12770 12899
1575 1693 13190 13308
1693 1892 14153 14352
1892 1964 14574 14646
1964 2038 15034 15108
2038 2167 15343 15472
2167 2255 15802 15890
2255 3390 16145 17280

>ENSPKIT00000001589
0 97 393 490
97 178 4029 4110
178 315 5545 5682
315 444 6664 6793
444 618 7467 7641
618 817 10068 10267
817 997 10559 10739
997 1065 10839 10907
1065 1190 11302 11427
1190 1268 11885 11963
1268 1389 12192 12313
1389 1518 12770 12899
1518 1636 13190 13308
1636 1835 14153 14352
1835 1907 14574 14646
1907 1981 15034 15108
1981 2110 15343 15472
2110 2198 15802 15890
2198 3333 16145 17280

