>ENSEBUT00000010226
0 246 366 612
246 312 3993 4059
312 450 4240 4378
450 597 4611 4758
597 682 10675 10760
682 749 10864 10931
749 876 11119 11246
876 1053 25104 25281
1053 1221 25394 25562
1221 1420 26112 26311
1420 1487 26566 26633
1487 1614 27738 27865
1614 1819 28945 29150
1819 1974 42303 42458
1974 2130 42605 42761
2130 2330 42875 43075
2330 2457 47126 47253
2457 2559 47612 47714
2559 2703 49683 49827
2703 2862 51121 51280
2862 3029 51419 51586
3029 3224 51712 51907
3224 3354 52053 52183

>ENSEBUT00000003744
0 30 1008 1038
30 207 3189 3366
207 336 3882 4011
336 474 8330 8468
474 603 11209 11338
603 665 13380 13442
665 834 13611 13780
834 968 13881 14015
968 1146 14131 14309
1146 1401 15185 15440
1401 1467 15835 15901
1467 1605 16311 16449
1605 1752 16762 16909
1752 1837 17850 17935
1837 1904 21639 21706
1904 2031 23373 23500
2031 2208 24635 24812
2208 2376 25020 25188
2376 2560 32749 32933
2560 2636 33176 33252
2636 2754 33346 33464
2754 2953 33710 33909
2953 3108 34121 34276
3108 3264 34404 34560
3264 3464 34906 35106
3464 3591 35257 35384
3591 3693 35594 35696
3693 3837 35885 36029
3837 3996 36386 36545
3996 4163 36889 37056
4163 4358 37306 37501
4358 4476 40493 40611

