>ENSOART00000016982
0 70 0 70
70 169 98 197
169 288 215 334
288 459 335 506
459 567 528 636
567 719 710 862
719 762 877 920
762 1047 922 1207

>ENSOART00000018002
0 75 0 75
75 337 2643 2905
337 624 2920 3207
624 876 3209 3461
876 1044 3462 3630
1044 1083 3634 3673
1083 1247 3675 3839
1247 1443 3871 4067

>ENSOART00000002875
0 42 0 42
42 344 44 346
344 535 387 578
535 606 614 685
606 685 686 765
685 1104 901 1320

>ENSOART00000000054
0 195 0 195
195 415 196 416
415 609 427 621
609 657 787 835
657 933 837 1113
933 1449 1115 1631

>ENSOART00000000055
0 195 0 195
195 352 196 353
352 543 430 621
543 657 724 838
657 930 840 1113
930 1149 1115 1334

>ENSOART00000012685
0 59 0 59
59 276 71 288
276 731 396 851
731 885 863 1017
885 957 1018 1090
957 1017 1095 1155
1017 1218 1156 1357

>ENSOART00000016337
0 309 0 309
309 517 363 571
517 586 598 667
586 671 790 875
671 751 900 980
751 1020 1004 1273

>ENSOART00000015969
0 351 0 351
351 658 364 671
658 768 789 899
768 839 920 991
839 1107 1003 1271

>ENSOART00000021673
0 310 0 310
310 346 329 365
346 597 902 1153
597 684 1329 1416
684 1077 1428 1821

>ENSOART00000016146
0 48 0 48
48 342 49 343
342 369 3123 3150
369 521 8705 8857
521 699 9028 9206
699 803 9218 9322
803 1035 9342 9574

>ENSOART00000016125
0 240 0 240
240 444 256 460
444 569 519 644
569 885 677 993

>ENSOART00000004573
0 442 0 442
442 604 459 621
604 666 794 856
666 703 860 897
703 876 909 1082
876 949 1086 1159
949 1022 1171 1244
1022 1104 1257 1339

>ENSOART00000010322
0 159 0 159
159 397 186 424
397 707 717 1027
707 1122 1039 1454

>ENSOART00000010501
0 225 0 225
225 327 227 329
327 585 442 700
585 631 772 818
631 699 833 901
699 1023 902 1226
1023 1179 1227 1383
1179 1348 1395 1564
1348 1497 1602 1751

>ENSOART00000010504
0 225 0 225
225 337 227 339
337 582 509 754
582 627 856 901
627 951 902 1226
951 1114 1227 1390
1114 1155 1591 1632

>ENSSSCT00000070322
0 1137 0 1137

>ENSSSCT00000077937
0 1137 0 1137

>ENSSSCT00000090571
0 1083 2028 3111

>ENSCJAT00000105478
0 1623 0 1623

>ENSMMUT00000083204
0 1113 0 1113

