>ENSEBUT00000016926
0 12 992 1004
12 353 4077 4418
353 624 4697 4968
624 747 5102 5225
747 891 6094 6238
891 1049 7037 7195
1049 1104 7334 7389
1104 1218 42491 42605
1218 1290 42749 42821
1290 1418 43839 43967
1418 1530 44267 44379
1530 1668 47260 47398

>ENSEBUT00000016947
0 81 3421 3502
81 422 4077 4418
422 693 4697 4968
693 816 5102 5225
816 960 6094 6238
960 1118 7037 7195
1118 1173 7334 7389
1173 1287 42491 42605
1287 1359 42749 42821
1359 1487 43839 43967
1487 1599 44267 44379
1599 1737 47260 47398

>ENSACIT00000031106
0 226 0 226
226 306 5895 5975
306 406 9694 9794
406 492 9873 9959
492 618 11210 11336
618 792 13132 13306
792 815 13357 13380
815 838 15022 15045
838 939 15470 15571
939 1154 17194 17409
1154 1354 21264 21464
1354 1512 22786 22944
1512 1664 23220 23372
1664 1813 24137 24286
1813 1992 24389 24568
1992 2093 26776 26877
2093 2240 27202 27349
2240 2352 27434 27546
2352 2571 27622 27841
2571 2607 31847 31883

>F46H6.2a.1
0 133 290 423
133 249 629 745
249 336 1817 1904
336 425 1956 2045
425 558 7019 7152
558 846 7559 7847
846 936 7918 8008
936 1011 8058 8133
1011 1139 8240 8368
1139 1311 8588 8760
1311 1496 8811 8996
1496 1611 9048 9163

>F46H6.2b.1
0 3 7149 7152
3 291 7559 7847
291 435 7918 8062

>F46H6.2b.2
0 3 7149 7152
3 291 7559 7847
291 435 7918 8062

>F46H6.2c.1
0 3 7149 7152
3 291 7559 7847
291 381 7918 8008
381 456 8058 8133
456 584 8240 8368
584 756 8588 8760
756 941 8811 8996
941 1056 9048 9163

>F46H6.2c.2
0 3 7149 7152
3 291 7559 7847
291 381 7918 8008
381 456 8058 8133
456 584 8240 8368
584 756 8588 8760
756 941 8811 8996
941 1056 9048 9163

>F46H6.2c.3
0 3 7149 7152
3 291 7559 7847
291 381 7918 8008
381 456 8058 8133
456 584 8240 8368
584 756 8588 8760
756 941 8811 8996
941 1056 9048 9163

>FBtr0339705
0 159 199 358
159 1167 416 1424
1167 1485 1480 1798
1485 1602 1853 1970

>FBtr0087853
0 159 199 358
159 1167 416 1424
1167 1485 1480 1798
1485 1602 1853 1970

