>FBtr0072745
0 252 2806 3058
252 418 3111 3277
418 677 3343 3602
677 1017 3788 4128
1017 1092 4365 4440
1092 1177 4499 4584
1177 1209 4813 4845

>FBtr0072746
0 252 2806 3058
252 418 3111 3277
418 677 3343 3602
677 1017 3788 4128
1017 1092 4365 4440
1092 1177 4499 4584
1177 1209 4813 4845

>FBtr0345367
0 252 2806 3058
252 418 3111 3277
418 677 3343 3602
677 1017 3788 4128
1017 1092 4365 4440
1092 1177 4499 4584
1177 1458 5807 6088

>FBtr0113122
0 252 2806 3058
252 418 3111 3277
418 677 3343 3602
677 1017 3788 4128
1017 1092 4365 4440
1092 1177 4499 4584
1177 1458 5807 6088

