>ENSAPET00000024135
0 250 1865 2115
250 326 2208 2284
326 543 2388 2605
543 930 2909 3296
930 1065 3380 3515
1065 1195 3603 3733
1195 1324 4182 4311
1324 1429 5451 5556
1429 1587 5655 5813
1587 1738 5909 6060
1738 2065 6521 6848
2065 2175 6938 7048
2175 2314 7528 7667
2314 2415 7764 7865
2415 2577 7955 8117

>ENSAPET00000024143
0 250 1865 2115
250 326 2208 2284
326 543 2388 2605
543 930 2909 3296
930 1065 3380 3515
1065 1195 3603 3733
1195 1324 4182 4311
1324 1429 5451 5556
1429 1587 5655 5813
1587 1738 5909 6060
1738 2065 6521 6848
2065 2175 6938 7048
2175 2314 7528 7667
2314 2415 7764 7865
2415 2577 7955 8117

>ENSAOCT00000031091
0 250 1852 2102
250 326 2195 2271
326 543 2375 2592
543 930 2896 3283
930 1065 3367 3502
1065 1195 3590 3720
1195 1324 4169 4298
1324 1429 5438 5543
1429 1587 5642 5800
1587 1738 5895 6046
1738 2065 6512 6839
2065 2175 6929 7039
2175 2314 7521 7660
2314 2415 7757 7858
2415 2577 7948 8110

>YAR019C_mRNA
0 2925 0 2925

