>ENSPTRT00000050326
0 6 0 6
6 59 5713 5766
59 193 6342 6476
193 387 6582 6776

>ENSPPAT00000061405
0 8 12546 12554
8 75 17113 17180
75 128 18408 18461
128 262 19037 19171
262 456 19277 19471

>ENST00000433452
0 8 50 58
8 75 2727 2794
75 128 4013 4066
128 262 4639 4773
262 456 4879 5073

>ENST00000463201
0 8 50 58
8 75 2727 2794
75 128 4013 4066
128 235 4639 4746
235 429 4879 5073

>ENSGGOT00000004736
0 8 259 267
8 75 3927 3994
75 128 5102 5155
128 259 5731 5862
259 453 5968 6162

>ENSRROT00000045136
0 8 437 445
8 75 3875 3942
75 128 6597 6650
128 259 7234 7365
259 465 7471 7677

>ENSRBIT00000036900
0 8 351 359
8 75 3853 3920
75 128 5550 5603
128 259 6187 6318
259 465 6424 6630

