>ENSPCIT00000004992
0 243 313 556
243 323 1003 1083
323 481 1308 1466
481 610 5806 5935
610 714 6091 6195
714 851 6370 6507
851 1077 6698 6924

>ENSVURT00010037118
0 243 160 403
243 323 861 941
323 481 1172 1330
481 610 5704 5833
610 714 5994 6098
714 851 6273 6410
851 1077 6614 6840

>ENSSHAT00000010591
0 120 0 120
120 222 140 242
222 302 636 716
302 460 993 1151
460 589 4746 4875
589 693 5048 5152
693 830 5317 5454
830 1056 5654 5880

>ENSMODT00000067111
0 243 954 1197
243 323 1690 1770
323 481 2004 2162
481 610 3033 3162
610 714 3305 3409
714 851 3603 3740
851 1077 3938 4164

>ENSMUST00000087721
0 435 101 536
435 521 678 764
521 679 981 1139
679 808 1245 1374
808 912 4000 4104
912 1049 4197 4334
1049 1275 4428 4654

>ENSMUST00000162117
0 414 101 515
414 500 678 764
500 658 981 1139
658 787 1245 1374
787 891 4000 4104
891 1028 4197 4334
1028 1254 4428 4654

>MGP_SPRETEiJ_T0045795
0 435 101 536
435 521 678 764
521 679 981 1139
679 808 1242 1371
808 912 3890 3994
912 1049 4087 4224
1049 1272 4318 4541

>MGP_SPRETEiJ_T0045796
0 414 101 515
414 500 678 764
500 658 981 1139
658 787 1242 1371
787 891 3890 3994
891 1028 4087 4224
1028 1251 4318 4541

>ENSMSIT00000008282
0 435 0 435
435 521 577 663
521 679 880 1038
679 808 1144 1273
808 912 4039 4143
912 1049 4236 4373
1049 1275 4467 4693

>MGP_CAROLIEiJ_T0043883
0 427 101 528
427 434 528 535
434 520 677 763
520 678 980 1138
678 807 1264 1393
807 911 4176 4280
911 1048 4373 4510
1048 1269 4604 4827

>MGP_CAROLIEiJ_T0043884
0 414 101 515
414 500 677 763
500 658 980 1138
658 787 1264 1393
787 891 4176 4280
891 1028 4373 4510
1028 1251 4604 4827

>MGP_PahariEiJ_T0043447
0 440 100 540
440 554 654 768
554 712 985 1143
712 841 1265 1394
841 945 3826 3930
945 1082 4023 4160
1082 1305 4254 4477

>MGP_PahariEiJ_T0043448
0 420 100 520
420 506 682 768
506 664 985 1143
664 793 1265 1394
793 897 3826 3930
897 1034 4023 4160
1034 1257 4254 4477

>ENSRNOT00000038961
0 408 24 432
408 494 592 678
494 652 907 1065
652 781 1172 1301
781 885 4321 4425
885 1022 4517 4654
1022 1248 4748 4974

>ENSMUGT00000006976
0 411 0 411
411 497 568 654
497 655 991 1149
655 784 1296 1425
784 888 4021 4125
888 1025 4215 4352
1025 1251 4445 4671

