>C04G2.9.1
0 268 60 328
268 750 377 859
750 1116 906 1272

>Y69E1A.2.1
0 268 111 379
268 735 427 894
735 1101 944 1310

>Y59E9AL.3.1
0 277 0 277
277 777 381 881
777 1146 929 1298

>Y59E9AL.2.1
0 277 0 277
277 777 381 881
777 1146 929 1298

>T04A6.4.1
0 111 0 111
111 195 199 283
195 564 330 699

>ZK265.3.1
0 332 36 368
332 519 416 603
519 1023 899 1403

>K08F8.5a.1
0 30 15 45
30 189 112 271
189 255 454 520
255 525 649 919
525 695 961 1131
695 830 1304 1439
830 936 1488 1594
936 1027 1642 1733
1027 1158 1992 2123

>K08F8.5b.1
0 30 15 45
30 189 112 271
189 459 649 919
459 629 961 1131
629 764 1304 1439
764 870 1488 1594
870 961 1642 1733
961 1092 1992 2123

