>ENSPTRT00000025189
0 85 0 85
85 226 4158 4299
226 393 4393 4560
393 567 4920 5094
567 672 5097 5202

>ENSPPAT00000054226
0 232 0 232
232 399 326 493
399 557 853 1011
557 633 1059 1135

>ENSGGOT00000003022
0 85 0 85
85 226 4161 4302
226 393 4396 4563
393 675 4923 5205

>ENST00000307971
0 85 89 174
85 226 4397 4538
226 393 4632 4799
393 675 5159 5441

>ENST00000372789
0 85 89 174
85 226 4397 4538
226 367 4632 4773
367 372 5159 5164

>ENSPPYT00000012820
0 85 0 85
85 226 4151 4292
226 367 4385 4526
367 372 4913 4918

>ENSNLET00000008515
0 85 444 529
85 226 4565 4706
226 367 4799 4940
367 372 5327 5332

>ENSMFAT00000031040
0 85 83 168
85 226 4251 4392
226 367 4485 4626
367 372 5013 5018

>ENSMMUT00000018539
0 85 79 164
85 226 4239 4380
226 367 4473 4614
367 372 5001 5006

>ENSCATT00000053659
0 85 88 173
85 226 4276 4417
226 367 4510 4651
367 372 5037 5042

>ENSRROT00000037973
0 85 89 174
85 226 4218 4359
226 367 4452 4593
367 372 4980 4985

>ENSRBIT00000048120
0 85 123 208
85 226 4263 4404
226 367 4497 4638
367 372 5025 5030

>ENSTGET00000030898
0 85 0 85
85 226 4181 4322
226 393 4415 4582
393 501 4943 5051
501 672 5054 5225

>ENSMLET00000045600
0 85 427 512
85 226 4567 4708
226 367 4801 4942
367 372 5329 5334

>ENSMLET00000045601
0 85 427 512
85 226 4567 4708
226 393 4801 4968
393 503 5329 5439
503 579 5534 5610

>ENSMNET00000055811
0 85 0 85
85 226 4173 4314
226 393 4407 4574
393 501 4939 5047
501 672 5050 5221

>ENSPANT00000022492
0 85 0 85
85 226 4136 4277
226 393 4370 4537
393 501 4898 5006
501 672 5009 5180

>ENSCSAT00000012378
0 85 0 85
85 226 4168 4309
226 369 4402 4545

