>F59E11.6.1
0 159 89 248
159 267 420 528
267 390 597 720
390 450 762 822
450 567 1032 1149
567 669 1199 1301

>F59E11.5.1
0 171 1 172
171 279 487 595
279 450 641 812
450 561 858 969
561 639 1015 1093

>F59E11.5.2
0 171 1 172
171 279 487 595
279 450 641 812
450 561 858 969
561 639 1015 1093

>T13F3.6.1
0 78 14 92
78 186 147 255
186 360 302 476
360 507 743 890

>T13F3.6.2
0 78 14 92
78 186 147 255
186 360 302 476
360 507 743 890

>F59E11.7a.1
0 150 375 525
150 258 567 675
258 369 720 831
369 432 877 940
432 534 1089 1191
534 588 1265 1319

>F59E11.7b.1
0 150 375 525
150 258 567 675
258 369 720 831
369 519 877 1027

>C54F6.12.1
0 126 0 126
126 237 177 288
237 411 339 513
411 588 814 991

