>ENSPCIT00000032594
0 270 0 270
270 383 18154 18267
383 526 33017 33160
526 723 41097 41294
723 748 60590 60615
748 1006 60639 60897
1006 1203 61719 61916

>ENSVURT00010021689
0 270 0 270
270 383 16427 16540
383 526 32420 32563
526 723 41194 41391
723 748 60042 60067
748 1006 60091 60349
1006 1203 61158 61355

>ENSMEUT00000006668
0 264 0 264
264 377 6419 6532
377 520 17950 18093
520 717 26441 26638
717 732 39746 39761
732 744 39765 39777
744 1000 39797 40053
1000 1197 40910 41107

>ENSSHAT00000008579
0 270 0 270
270 383 16948 17061
383 526 30439 30582
526 723 41892 42089
723 804 52212 52293
804 895 60855 60946
895 1156 60964 61225
1156 1353 62054 62251

>ENSCHOT00000005095
0 57 0 57
57 267 59 269
267 380 10577 10690
380 523 11488 11631
523 720 18960 19157
720 1003 24700 24983
1003 1200 26090 26287

>ENSECAT00000017512
0 270 0 270
270 383 10083 10196
383 526 20726 20869
526 723 27957 28154
723 1006 32258 32541
1006 1203 33673 33870

>ENSECAT00000038562
0 270 0 270
270 383 10083 10196
383 526 20726 20869
526 723 27957 28154
723 859 32258 32394
859 907 32493 32541
907 1104 33673 33870

