>F18A12.4a.1
0 204 84 288
204 337 333 466
337 429 511 603
429 547 648 766
547 687 815 955
687 789 1000 1102
789 960 1151 1322
960 1077 1466 1583
1077 1332 1629 1884
1332 1495 1944 2107
1495 1746 2150 2401
1746 1905 2447 2606
1905 2061 2798 2954

>F18A12.4b.1
0 204 84 288
204 337 333 466
337 429 511 603
429 547 648 766
547 687 815 955
687 789 1000 1102
789 960 1151 1322
960 1215 1629 1884
1215 1378 1944 2107
1378 1629 2150 2401
1629 1788 2447 2606
1788 1944 2798 2954

>F18A12.4c.1
0 138 817 955
138 240 1000 1102
240 411 1151 1322
411 528 1466 1583
528 783 1629 1884
783 946 1944 2107
946 1197 2150 2401
1197 1356 2447 2606
1356 1512 2798 2954

>F18A12.4d.1
0 138 817 955
138 240 1000 1102
240 411 1151 1322
411 666 1629 1884
666 829 1944 2107
829 1080 2150 2401
1080 1239 2447 2606
1239 1395 2798 2954

>F18A12.3.1
0 210 196 406
210 343 448 581
343 435 622 714
435 544 757 866
544 675 907 1038
675 777 1096 1198
777 960 1245 1428
960 1074 1480 1594
1074 1155 1816 1897
1155 1318 1976 2139
1318 1446 2182 2310

>F18A12.6.1
0 267 34 301
267 403 351 487
403 495 535 627
495 610 673 788
610 741 869 1000
741 840 1047 1146
840 1026 1200 1386
1026 1152 1448 1574
1152 1407 1617 1872
1407 1570 2246 2409
1570 1803 2458 2691
1803 1962 2741 2900
1962 2136 2955 3129

>Y116A8C.4.1
0 264 170 434
264 394 505 635
394 489 682 777
489 604 831 946
604 834 988 1218
834 1017 1264 1447
1017 1146 1535 1664
1146 1401 2431 2686
1401 1564 2729 2892
1564 1812 2936 3184
1812 1971 3235 3394
1971 2145 3557 3731

>Y116A8C.4.2
0 264 170 434
264 394 505 635
394 489 682 777
489 604 831 946
604 834 988 1218
834 1017 1264 1447
1017 1146 1535 1664
1146 1401 2431 2686
1401 1564 2729 2892
1564 1812 2936 3184
1812 1971 3235 3394
1971 2145 3557 3731

>F18A12.1.1
0 291 0 291
291 424 353 486
424 516 532 624
516 631 1298 1413
631 765 1459 1593
765 867 1639 1741
867 1053 1791 1977
1053 1182 2032 2161
1182 1437 2328 2583
1437 1597 2626 2786
1597 1848 2953 3204
1848 2007 3438 3597
2007 2181 3645 3819

>C49D10.10.1
0 222 90 312
222 358 363 499
358 450 543 635
450 559 704 813
559 687 863 991
687 789 1048 1150
789 906 1713 1830
906 1161 1875 2130
1161 1321 2176 2336
1321 1572 2383 2634
1572 1731 3305 3464
1731 1905 3513 3687

>F39E9.4.1
0 5 66 71
5 288 117 400
288 424 443 579
424 516 2172 2264
516 631 2310 2425
631 786 2469 2624
786 888 2681 2783
888 1068 2832 3012
1068 1455 3060 3447
1455 1618 3637 3800
1618 2028 3851 4261
2028 2199 4309 4480

