>ENSVURT00010001821
0 51 52667 52718
51 277 59229 59455
277 464 67645 67832
464 555 69230 69321
555 693 75349 75487
693 812 76672 76791
812 1062 77946 78196
1062 1181 79237 79356
1181 1292 80564 80675
1292 1371 81338 81417
1371 1533 82414 82576

>ENSVURT00010001862
0 45 155 200
45 108 52655 52718
108 334 59229 59455
334 521 67645 67832
521 612 69230 69321
612 750 75349 75487
750 869 76672 76791
869 1119 77946 78196
1119 1238 79237 79356
1238 1349 80564 80675
1349 1428 81338 81417
1428 1590 82414 82576

>ENSVURT00010001888
0 45 155 200
45 271 59229 59455
271 458 67645 67832
458 549 69230 69321
549 687 75349 75487
687 806 76672 76791
806 1056 77946 78196
1056 1175 79237 79356
1175 1286 80564 80675
1286 1365 81338 81417
1365 1527 82414 82576

>ENSVURT00010001906
0 51 34348 34399
51 114 52655 52718
114 340 59229 59455
340 527 67645 67832
527 618 69230 69321
618 756 75349 75487
756 875 76672 76791
875 1125 77946 78196
1125 1244 79237 79356
1244 1355 80564 80675
1355 1434 81338 81417
1434 1596 82414 82576

>ENSPCIT00000021960
0 51 52762 52813
51 277 59313 59539
277 464 65608 65795
464 555 66657 66748
555 693 72674 72812
693 812 74028 74147
812 1062 75301 75551
1062 1181 76506 76625
1181 1292 77817 77928
1292 1371 78584 78663
1371 1533 79621 79783

>ENSPCIT00000021964
0 45 564 609
45 147 34138 34240
147 210 52750 52813
210 436 59313 59539
436 623 65608 65795
623 714 66657 66748
714 852 72674 72812
852 971 74028 74147
971 1221 75301 75551
1221 1340 76506 76625
1340 1451 77817 77928
1451 1530 78584 78663
1530 1692 79621 79783

>ENSPCIT00000021969
0 45 564 609
45 147 34138 34240
147 373 59313 59539
373 560 65608 65795
560 651 66657 66748
651 789 72674 72812
789 908 74028 74147
908 1158 75301 75551
1158 1277 76506 76625
1277 1388 77817 77928
1388 1467 78584 78663
1467 1629 79621 79783

>ENSPCIT00000021973
0 45 564 609
45 108 52750 52813
108 334 59313 59539
334 521 65608 65795
521 612 66657 66748
612 750 72674 72812
750 869 74028 74147
869 1119 75301 75551
1119 1238 76506 76625
1238 1349 77817 77928
1349 1428 78584 78663
1428 1590 79621 79783

>ENSPCIT00000021978
0 45 564 609
45 271 59313 59539
271 458 65608 65795
458 549 66657 66748
549 687 72674 72812
687 806 74028 74147
806 1056 75301 75551
1056 1175 76506 76625
1175 1286 77817 77928
1286 1365 78584 78663
1365 1527 79621 79783

>ENSSHAT00000014688
0 51 38595 38646
51 277 43172 43398
277 464 48525 48712
464 555 49577 49668
555 693 55591 55729
693 812 56463 56582
812 1062 57745 57995
1062 1181 58612 58731
1181 1292 59575 59686
1292 1371 60323 60402
1371 1533 61180 61342

>ENSMODT00000055345
0 45 0 45
45 108 66542 66605
108 334 74614 74840
334 521 83686 83873
521 612 85008 85099
612 750 91718 91856
750 869 93861 93980
869 1119 95224 95474
1119 1238 96494 96613
1238 1349 98037 98148
1349 1428 98786 98865
1428 1590 99858 100020

>ENSMODT00000079372
0 51 66554 66605
51 277 74614 74840
277 464 83686 83873
464 555 85008 85099
555 693 91718 91856
693 812 93861 93980
812 1062 95224 95474
1062 1181 96494 96613
1181 1292 98037 98148
1292 1371 98786 98865
1371 1533 99858 100020

>ENSMODT00000070175
0 45 27105 27150
45 108 66542 66605
108 334 74614 74840
334 521 83686 83873
521 612 85008 85099
612 750 91718 91856
750 869 93861 93980
869 1119 95224 95474
1119 1238 96494 96613
1238 1349 98037 98148
1349 1428 98786 98865
1428 1590 99858 100020

>ENSMODT00000008181
0 45 0 45
45 147 35568 35670
147 210 66542 66605
210 436 74614 74840
436 623 83686 83873
623 714 85008 85099
714 852 91718 91856
852 971 93861 93980
971 1221 95224 95474
1221 1340 96494 96613
1340 1451 98037 98148
1451 1530 98786 98865
1530 1692 99858 100020

>ENSETET00000004638
0 45 0 45
45 147 22680 22782
147 373 110105 110331
373 560 127556 127743
560 651 128820 128911
651 789 137873 138011
789 908 153793 153912
908 1158 155861 156111
1158 1277 160978 161097
1277 1388 163941 164052
1388 1467 164902 164981
1467 1629 165805 165967

>ENSLAFT00000006467
0 45 0 45
45 147 40563 40665
147 210 85908 85971
210 436 89266 89492
436 623 99384 99571
623 714 100469 100560
714 852 111599 111737
852 971 114097 114216
971 1221 116485 116735
1221 1340 119165 119284
1340 1451 120460 120571
1451 1530 121492 121571
1530 1689 122565 122724

>ENSPCOT00000021791
0 45 373 418
45 108 74031 74094
108 334 77567 77793
334 521 87253 87440
521 612 88616 88707
612 750 96763 96901
750 869 108093 108212
869 1119 110013 110263
1119 1238 112959 113078
1238 1349 114945 115056
1349 1428 116037 116116
1428 1590 117175 117337

>ENSPCOT00000021792
0 45 373 418
45 271 77567 77793
271 458 87253 87440
458 549 88616 88707
549 687 96763 96901
687 806 108093 108212
806 1056 110013 110263
1056 1175 112959 113078
1175 1286 114945 115056
1286 1365 116037 116116
1365 1527 117175 117337

>ENSPCOT00000021794
0 45 373 418
45 147 39124 39226
147 373 77567 77793
373 560 87253 87440
560 651 88616 88707
651 789 96763 96901
789 908 108093 108212
908 1158 110013 110263
1158 1277 112959 113078
1277 1388 114945 115056
1388 1467 116037 116116
1467 1629 117175 117337

>ENSPSMT00000028353
0 45 0 45
45 147 42853 42955
147 373 84478 84704
373 560 93749 93936
560 651 94781 94872
651 789 102644 102782
789 908 113439 113558
908 1158 115242 115492
1158 1277 120570 120689
1277 1388 122541 122652
1388 1467 123590 123669
1467 1629 124732 124894

>ENSPSMT00000028356
0 45 0 45
45 108 81266 81329
108 334 84478 84704
334 521 93749 93936
521 612 94781 94872
612 750 102644 102782
750 869 113439 113558
869 1119 115242 115492
1119 1238 120570 120689
1238 1349 122541 122652
1349 1428 123590 123669
1428 1590 124732 124894

>ENSPSMT00000028359
0 45 0 45
45 271 84478 84704
271 458 93749 93936
458 549 94781 94872
549 687 102644 102782
687 806 113439 113558
806 1056 115242 115492
1056 1175 120570 120689
1175 1286 122541 122652
1286 1365 123590 123669
1365 1527 124732 124894

>ENSMICT00000004513
0 45 373 418
45 147 38653 38755
147 373 81995 82221
373 560 91295 91482
560 651 92319 92410
651 789 100276 100414
789 908 115912 116031
908 1158 117869 118119
1158 1277 121502 121621
1277 1388 123479 123590
1388 1467 124595 124674
1467 1629 125732 125894

>ENSMICT00000042544
0 45 373 418
45 108 78347 78410
108 334 81995 82221
334 521 91295 91482
521 612 92319 92410
612 750 100276 100414
750 869 115912 116031
869 1119 117869 118119
1119 1238 121502 121621
1238 1349 123479 123590
1349 1428 124595 124674
1428 1590 125732 125894

>ENSMICT00000051999
0 45 373 418
45 271 81995 82221
271 458 91295 91482
458 549 92319 92410
549 687 100276 100414
687 806 115912 116031
806 1056 117869 118119
1056 1175 121502 121621
1175 1286 123479 123590
1286 1365 124595 124674
1365 1527 125732 125894

>ENSMICT00000060467
0 33 78119 78152
33 96 78347 78410
96 322 81995 82221
322 509 91295 91482
509 600 92319 92410
600 738 100276 100414
738 857 115912 116031
857 1107 117869 118119
1107 1226 121502 121621
1226 1337 123479 123590
1337 1416 124595 124674
1416 1578 125732 125894

>ENST00000296933
0 45 371 416
45 108 92468 92531
108 334 96076 96302
334 521 106773 106960
521 612 107779 107870
612 750 115269 115407
750 869 128744 128863
869 1119 130339 130589
1119 1238 133883 134002
1238 1349 136015 136126
1349 1428 137066 137145
1428 1590 138077 138239

>ENST00000265094
0 45 371 416
45 147 49175 49277
147 373 96076 96302
373 560 106773 106960
560 651 107779 107870
651 789 115269 115407
789 908 128744 128863
908 1158 130339 130589
1158 1277 133883 134002
1277 1388 136015 136126
1388 1467 137066 137145
1467 1629 138077 138239

>ENST00000393802
0 45 371 416
45 271 96076 96302
271 458 106773 106960
458 549 107779 107870
549 687 115269 115407
687 806 128744 128863
806 1056 130339 130589
1056 1175 133883 134002
1175 1286 136015 136126
1286 1365 137066 137145
1365 1527 138077 138239

