>ENSMODT00000026759
0 56 76406 76462
56 138 92845 92927
138 265 108332 108459
265 344 111754 111833
344 480 116083 116219
480 557 121108 121185
557 724 130426 130593
724 762 137299 137337
762 846 154919 155003
846 978 161410 161542
978 1069 165565 165656
1069 1132 166179 166242
1132 1218 178131 178217
1218 1267 186602 186651
1267 1341 188341 188415
1341 1420 192833 192912
1420 1518 196005 196103
1518 1583 203999 204064
1583 1599 204789 204805

>ENSMODT00000070346
0 56 76406 76462
56 138 92845 92927
138 265 108332 108459
265 344 111754 111833
344 480 116083 116219
480 557 121108 121185
557 724 130426 130593
724 762 137299 137337
762 846 154919 155003
846 978 161410 161542
978 1069 165565 165656
1069 1132 166179 166242
1132 1218 178131 178217
1218 1297 192833 192912
1297 1395 196005 196103
1395 1460 203999 204064
1460 1476 204789 204805

>ENSMODT00000077194
0 56 76406 76462
56 138 92845 92927
138 265 108332 108459
265 344 111754 111833
344 480 116083 116219
480 557 121108 121185
557 724 130426 130593
724 762 137299 137337
762 846 154919 155003
846 937 165565 165656
937 1000 166179 166242
1000 1086 178131 178217
1086 1135 186602 186651
1135 1209 188341 188415
1209 1288 192833 192912
1288 1386 196005 196103
1386 1451 203999 204064
1451 1467 204789 204805

>ENSMODT00000023415
0 169 0 169
169 621 232 684
621 1318 776 1473
1318 1389 5250 5321

>ENSPCIT00000005710
0 56 31957 32013
56 138 49228 49310
138 265 58744 58871
265 344 64016 64095
344 480 67804 67940
480 557 71464 71541
557 724 80749 80916
724 762 92317 92355
762 846 112344 112428
846 990 118432 118576
990 1081 121764 121855
1081 1144 122574 122637
1144 1230 129532 129618
1230 1279 140683 140732
1279 1353 142488 142562
1353 1432 146882 146961
1432 1530 149902 150000
1530 1595 154592 154657
1595 1770 175323 175498

>ENSPCIT00000005716
0 56 31957 32013
56 138 49228 49310
138 265 58744 58871
265 344 64016 64095
344 480 67804 67940
480 557 71464 71541
557 724 80749 80916
724 762 92317 92355
762 846 112344 112428
846 990 118432 118576
990 1081 121764 121855
1081 1144 122574 122637
1144 1230 129532 129618
1230 1279 140683 140732
1279 1353 142488 142562
1353 1432 146882 146961
1432 1530 149902 150000
1530 1572 175323 175365

>ENSPCIT00000005724
0 56 31957 32013
56 138 49228 49310
138 265 58744 58871
265 344 64016 64095
344 480 67804 67940
480 557 71464 71541
557 724 80749 80916
724 762 92317 92355
762 846 112344 112428
846 990 118432 118576
990 1081 121764 121855
1081 1144 122574 122637
1144 1230 129532 129618
1230 1279 140683 140732
1279 1353 142488 142562
1353 1432 146882 146961
1432 1530 149902 150000
1530 1595 154592 154657
1595 1611 155610 155626

>ENSPCIT00000005729
0 56 31957 32013
56 138 49228 49310
138 265 58744 58871
265 344 64016 64095
344 480 67804 67940
480 557 71464 71541
557 724 80749 80916
724 762 92317 92355
762 906 118432 118576
906 997 121764 121855
997 1060 122574 122637
1060 1146 129532 129618
1146 1195 140683 140732
1195 1269 142488 142562
1269 1348 146882 146961
1348 1446 149902 150000
1446 1511 154592 154657
1511 1527 155610 155626

>ENSPCIT00000052521
0 56 31957 32013
56 138 49228 49310
138 265 58744 58871
265 344 64016 64095
344 480 67804 67940
480 557 71464 71541
557 724 80749 80916
724 762 92317 92355
762 846 112344 112428
846 990 118432 118576
990 1081 121764 121855
1081 1144 122574 122637
1144 1230 129532 129618
1230 1309 146882 146961
1309 1407 149902 150000
1407 1472 154592 154657
1472 1488 155610 155626

>ENSVURT00010034717
0 56 29911 29967
56 138 50779 50861
138 265 61379 61506
265 344 69809 69888
344 480 73592 73728
480 557 77207 77284
557 724 86350 86517
724 762 97829 97867
762 846 108699 108783
846 990 114732 114876
990 1081 117870 117961
1081 1144 118482 118545
1144 1230 125616 125702
1230 1279 138087 138136
1279 1353 139915 139989
1353 1432 144311 144390
1432 1530 147379 147477
1530 1595 158611 158676
1595 1611 159420 159436

>ENSVURT00010034721
0 56 29911 29967
56 138 50779 50861
138 265 61379 61506
265 344 69809 69888
344 480 73592 73728
480 557 77207 77284
557 724 86350 86517
724 762 97829 97867
762 906 114732 114876
906 997 117870 117961
997 1060 118482 118545
1060 1146 125616 125702
1146 1195 138087 138136
1195 1269 139915 139989
1269 1348 144311 144390
1348 1446 147379 147477
1446 1511 158611 158676
1511 1527 159420 159436

>ENSVURT00010034727
0 56 29911 29967
56 138 50779 50861
138 265 61379 61506
265 344 69809 69888
344 480 73592 73728
480 557 77207 77284
557 724 86350 86517
724 762 97829 97867
762 846 108699 108783
846 990 114732 114876
990 1081 117870 117961
1081 1144 118482 118545
1144 1230 125616 125702
1230 1309 144311 144390
1309 1407 147379 147477
1407 1472 158611 158676
1472 1488 159420 159436

>ENSMEUT00000010976
0 56 0 56
56 138 5858 5940
138 271 8463 8596
271 350 8966 9045
350 486 12518 12654
486 563 21125 21202
563 730 24250 24417
730 768 30277 30315
768 852 38312 38396
852 984 44048 44180
984 1075 47802 47893
1075 1138 48410 48473
1138 1224 53170 53256
1224 1273 64885 64934
1273 1347 65034 65108
1347 1426 66350 66429
1426 1524 67809 67907

>ENSSHAT00000018532
0 56 25400 25456
56 138 33371 33453
138 265 43225 43352
265 344 51077 51156
344 480 55445 55581
480 557 58947 59024
557 724 66727 66894
724 762 87664 87702
762 846 99559 99643
846 978 103512 103644
978 1065 107359 107446
1065 1132 107935 108002
1132 1218 111580 111666
1218 1267 117291 117340
1267 1341 119134 119208
1341 1420 123783 123862
1420 1518 126563 126661
1518 1583 128169 128234
1583 1599 128963 128979

>ENSPPAT00000044870
0 56 4406 4462
56 138 11726 11808
138 271 20654 20787
271 350 21440 21519
350 486 25486 25622
486 563 28374 28451
563 730 29440 29607
730 768 33124 33162
768 849 40066 40147
849 981 46782 46914
981 1072 50016 50107
1072 1135 51814 51877
1135 1221 52697 52783
1221 1270 53815 53864
1270 1344 54982 55056
1344 1423 56357 56436
1423 1521 62637 62735
1521 1586 67666 67731
1586 1602 68272 68288

>ENSPPAT00000044880
0 56 4406 4462
56 138 11726 11808
138 271 20654 20787
271 350 21440 21519
350 486 25486 25622
486 563 28374 28451
563 730 29440 29607
730 768 33124 33162
768 849 40066 40147
849 981 46782 46914
981 1072 50016 50107
1072 1135 51814 51877
1135 1221 52697 52783
1221 1332 54945 55056
1332 1411 56357 56436
1411 1509 62637 62735
1509 1574 67666 67731
1574 1590 68272 68288

>ENSPTRT00000026010
0 56 4601 4657
56 138 11919 12001
138 271 20857 20990
271 350 21643 21722
350 486 25705 25841
486 563 28594 28671
563 730 29660 29827
730 768 33344 33382
768 849 40314 40395
849 981 46936 47068
981 1072 50376 50467
1072 1135 52174 52237
1135 1221 53057 53143
1221 1270 54175 54224
1270 1344 55342 55416
1344 1423 56717 56796
1423 1521 63687 63785
1521 1586 68658 68723
1586 1602 69263 69279

>ENSPTRT00000083502
0 56 4601 4657
56 138 11919 12001
138 271 20857 20990
271 350 21643 21722
350 486 25705 25841
486 563 28594 28671
563 730 29660 29827
730 768 33344 33382
768 849 40314 40395
849 981 46936 47068
981 1072 50376 50467
1072 1135 52174 52237
1135 1221 53057 53143
1221 1332 55305 55416
1332 1411 56717 56796
1411 1509 63687 63785
1509 1574 68658 68723
1574 1590 69263 69279

