>ENSPCAT00000012722
0 20 0 20
20 24 30 34
24 25 37 38
25 51 46 72
51 178 6157 6284
178 274 6384 6480
274 781 6756 7263
781 1614 7264 8097

>ENSETET00000017500
0 5 0 5
5 26 6 27
26 39 46 59
39 54 60 75
54 181 41329 41456
181 277 41556 41652
277 751 46389 46863
751 760 46864 46873
760 1509 47304 48053
1509 1527 48480 48498
1527 1539 48499 48511
1539 1986 48512 48959

>ENSCHOT00000003322
0 18 0 18
18 28 28 38
28 54 46 72
54 121 651 718
121 217 1500 1596
217 864 4635 5282
864 1272 5501 5909
1272 1332 5913 5973
1332 1362 5975 6005
1362 1899 6007 6544
1899 1902 6546 6549

