>ENSPKIT00000006202
0 282 421 703
282 450 15578 15746
450 627 16934 17111
627 645 17866 17884
645 743 18809 18907
743 893 20370 20520
893 1015 21061 21183
1015 1177 22989 23151
1177 1264 23624 23711
1264 1435 24031 24202
1435 1611 24304 24480

>ENSPKIT00000006225
0 282 421 703
282 450 15578 15746
450 627 16934 17111
627 725 18809 18907
725 875 20370 20520
875 997 21061 21183
997 1159 22989 23151
1159 1246 23624 23711
1246 1417 24031 24202
1417 1593 24304 24480

>ENSPKIT00000006254
0 282 421 703
282 450 15578 15746
450 627 16934 17111
627 645 17866 17884
645 743 18809 18907
743 893 20370 20520
893 1015 21061 21183
1015 1177 22989 23151
1177 1348 24031 24202
1348 1524 24304 24480

>ENSPKIT00000006274
0 282 421 703
282 450 15578 15746
450 627 16934 17111
627 725 18809 18907
725 875 20370 20520
875 997 21061 21183
997 1512 21357 21872

>ENSSFOT00015009947
0 117 96 213
117 285 18455 18623
285 462 22356 22533
462 480 23200 23218
480 578 24364 24462
578 728 27607 27757
728 850 29650 29772
850 1087 30449 30686
1087 1249 32237 32399
1249 1336 32948 33035
1336 1510 33745 33919
1510 1686 34028 34204

>ENSSFOT00015009970
0 117 96 213
117 285 18455 18623
285 462 22356 22533
462 560 24364 24462
560 710 27607 27757
710 832 29650 29772
832 1069 30449 30686
1069 1231 32237 32399
1231 1318 32948 33035
1318 1492 33745 33919
1492 1668 34028 34204

>ENSSFOT00015009983
0 117 96 213
117 285 18455 18623
285 462 22356 22533
462 480 23200 23218
480 578 24364 24462
578 728 27607 27757
728 850 29650 29772
850 1087 30449 30686
1087 1249 32237 32399
1249 1423 33745 33919
1423 1599 34028 34204

>ENSSFOT00015009996
0 117 96 213
117 285 18455 18623
285 462 22356 22533
462 480 23200 23218
480 578 24364 24462
578 728 27607 27757
728 850 29650 29772
850 1012 32237 32399
1012 1099 32948 33035
1099 1273 33745 33919
1273 1449 34028 34204

>ENSPKIT00000041698
0 117 0 117
117 285 17580 17748
285 462 18713 18890
462 480 19154 19172
480 578 19877 19975
578 728 21989 22139
728 853 23528 23653
853 1093 24309 24549
1093 1252 26434 26593
1252 1333 27198 27279
1333 1510 28282 28459
1510 1686 28577 28753

>ENSPKIT00000041721
0 117 0 117
117 285 17580 17748
285 462 18713 18890
462 560 19877 19975
560 710 21989 22139
710 832 23531 23653
832 1072 24309 24549
1072 1231 26434 26593
1231 1408 28282 28459
1408 1584 28577 28753

>ENSPKIT00000041750
0 117 0 117
117 285 17580 17748
285 462 18713 18890
462 480 19154 19172
480 578 19877 19975
578 728 21989 22139
728 850 23531 23653
850 1009 26434 26593
1009 1090 27198 27279
1090 1267 28282 28459
1267 1443 28577 28753

>ENSPKIT00000041783
0 117 0 117
117 285 17580 17748
285 462 18713 18890
462 560 19877 19975
560 710 21989 22139
710 835 23528 23653
835 951 28856 28972

>ENSPKIT00000041807
0 93 15963 16056
93 261 17580 17748
261 438 18713 18890
438 456 19154 19172
456 554 19877 19975
554 704 21989 22139
704 715 23642 23653
715 955 24309 24549
955 1114 26434 26593
1114 1195 27198 27279
1195 1372 28282 28459
1372 1548 28577 28753

>ENSSFOT00015027596
0 117 0 117
117 285 16414 16582
285 462 18784 18961
462 560 20328 20426
560 710 22632 22782
710 793 24804 24887
793 1027 25708 25942
1027 1189 27918 28080
1189 1279 28545 28635
1279 1441 29187 29349
1441 1538 29630 29727
1538 1593 29913 29968

>ENSSFOT00015027637
0 117 0 117
117 285 16414 16582
285 474 18784 18973
474 572 20328 20426
572 779 22632 22839
779 906 25736 25863
906 1141 27845 28080
1141 1303 29187 29349
1303 1479 29630 29806

>ENSSDUT00000017288
0 117 364 481
117 285 9521 9689
285 462 14635 14812
462 566 16606 16710
566 719 19887 20040
719 844 21934 22059
844 1128 22824 23108

>ENSSDUT00000017307
0 117 364 481
117 285 9521 9689
285 465 14635 14815
465 557 16618 16710
557 710 19887 20040
710 835 21934 22059
835 1000 22824 22989
1000 1186 23420 23606
1186 1362 24322 24498

