>ENSCSAVT00000003582
0 91 37 128
91 212 1376 1497
212 323 4100 4211
323 433 5362 5472
433 585 6363 6515
585 649 7193 7257
649 704 7877 7932
704 875 8139 8310
875 1013 8540 8678
1013 1213 8745 8945
1213 1357 9683 9827
1357 1505 10608 10756
1505 1704 11085 11284
1704 1759 11376 11431
1759 1838 11699 11778
1838 1909 11855 11926
1909 2095 12863 13049
2095 2216 13365 13486
2216 2395 14489 14668
2395 2531 16097 16233
2531 2684 17099 17252
2684 2773 22183 22272
2773 2899 22947 23073
2899 2963 23586 23650
2963 3219 24954 25210

>FBtr0078917
0 850 662 1512
850 2536 1564 3250
2536 2703 3585 3752
2703 3576 3815 4688
3576 3745 4744 4913
3745 3879 4974 5108
3879 4170 5163 5454

