>ENSMUST00000060501
0 126 12542 12668
126 467 17668 18009
467 507 19879 19919

>ENSMUST00000107131
0 190 130 320
190 510 17668 17988

>MGP_SPRETEiJ_T0065413
0 126 15444 15570
126 467 20458 20799
467 504 22673 22710

>MGP_SPRETEiJ_T0065414
0 190 130 320
190 507 20458 20775

>ENSMSIT00000023769
0 126 12169 12295
126 467 17167 17508
467 507 19386 19426

>ENSMSIT00000023779
0 190 496 686
190 510 17167 17487

>MGP_CAROLIEiJ_T0062931
0 126 13135 13261
126 467 18202 18543
467 504 20384 20421

>MGP_CAROLIEiJ_T0062932
0 190 130 320
190 507 18202 18519

>MGP_PahariEiJ_T0078061
0 126 12043 12169
126 467 17065 17406
467 504 19216 19253

>MGP_PahariEiJ_T0078062
0 190 131 321
190 507 17065 17382

>ENSRNOT00000084293
0 126 8815 8941
126 153 15752 15779
153 237 15780 15864
237 440 15865 16068
440 456 17631 17647
456 480 17648 17672

>ENSRNOT00000079251
0 190 23 213
190 216 15752 15778
216 300 15779 15863
300 483 15864 16047

