>ENSCSAVT00000005675
0 354 82 436
354 372 3525 3543

>Y95B8A.12a.1
0 45 7740 7785
45 262 7882 8099
262 286 8940 8964
286 489 9464 9667
489 725 10471 10707
725 825 10798 10898
825 1236 12059 12470
1236 1422 12528 12714
1422 1531 12767 12876
1531 1733 14051 14253
1733 1866 14304 14437

>Y95B8A.12b.1
0 45 7740 7785
45 262 7882 8099
262 465 9464 9667
465 701 10471 10707
701 801 10798 10898
801 1212 12059 12470
1212 1398 12528 12714
1398 1507 12767 12876
1507 1709 14051 14253
1709 1842 14304 14437

>Y95B8A.12c.1
0 66 0 66
66 283 7882 8099
283 307 8940 8964
307 510 9464 9667
510 746 10471 10707
746 846 10798 10898
846 1257 12059 12470
1257 1443 12528 12714
1443 1552 12767 12876
1552 1754 14051 14253
1754 1887 14304 14437

>Y95B8A.12d.1
0 48 315 363
48 265 7882 8099
265 289 8940 8964
289 492 9464 9667
492 728 10471 10707
728 828 10798 10898
828 1239 12059 12470
1239 1425 12528 12714
1425 1534 12767 12876
1534 1736 14051 14253
1736 1869 14304 14437

>Y95B8A.12e.1
0 48 315 363
48 265 7882 8099
265 468 9464 9667
468 704 10471 10707
704 804 10798 10898
804 1215 12059 12470
1215 1401 12528 12714
1401 1510 12767 12876
1510 1712 14051 14253
1712 1845 14304 14437

>Y95B8A.12f.1
0 66 0 66
66 283 7882 8099
283 486 9464 9667
486 722 10471 10707
722 822 10798 10898
822 1233 12059 12470
1233 1419 12528 12714
1419 1528 12767 12876
1528 1730 14051 14253
1730 1863 14304 14437

