>ENSCSAVT00000014092
0 169 0 169
169 352 1063 1246
352 535 2005 2188
535 576 3284 3325
576 680 3762 3866
680 781 4384 4485
781 976 5603 5798
976 1096 6902 7022
1096 1232 8130 8266
1232 1348 8728 8844
1348 1515 9313 9480
1515 1675 10103 10263
1675 1809 11808 11942

>ENSCSAVT00000014093
0 169 0 169
169 352 1063 1246
352 495 2005 2148
495 580 3577 3662
580 698 3748 3866
698 799 4384 4485
799 997 5603 5801
997 1117 6902 7022
1117 1253 8130 8266
1253 1369 8728 8844
1369 1536 9313 9480
1536 1696 10103 10263
1696 1824 11808 11936

