>ENSEEET00000010805
0 63 13 76
63 174 980 1091
174 246 1243 1315
246 327 1419 1500
327 413 1652 1738
413 575 1862 2024
575 679 2185 2289
679 855 2388 2564
855 1009 2839 2993
1009 1047 3047 3085
1047 1198 3270 3421
1198 1332 3640 3774
1332 1545 3880 4093
1545 1725 4262 4442
1725 1808 4558 4641
1808 1883 4728 4803
1883 1967 4889 4973
1967 2139 5063 5235
2139 2244 5343 5448
2244 2436 5557 5749
2436 2625 5983 6172
2625 2765 6491 6631
2765 2973 6858 7066
2973 3128 7371 7526
3128 3189 7631 7692
3189 3318 8015 8144
3318 3425 8240 8347
3425 3531 8460 8566
3531 3597 8649 8715
3597 3732 8848 8983

>ENSEEET00000010809
0 63 13 76
63 174 980 1091
174 246 1243 1315
246 327 1419 1500
327 413 1652 1738
413 575 1862 2024
575 679 2185 2289
679 855 2388 2564
855 1009 2839 2993
1009 1047 3047 3085
1047 1202 3270 3425
1202 1377 3599 3774
1377 1590 3880 4093
1590 1770 4262 4442
1770 1853 4558 4641
1853 1928 4728 4803
1928 2012 4889 4973
2012 2184 5063 5235
2184 2289 5343 5448
2289 2481 5557 5749
2481 2670 5983 6172
2670 2810 6491 6631
2810 3018 6858 7066
3018 3173 7371 7526
3173 3234 7631 7692
3234 3363 8015 8144
3363 3470 8240 8347
3470 3576 8460 8566
3576 3642 8649 8715
3642 3765 8848 8971
3765 3780 9547 9562

>ENSEEET00000010810
0 63 13 76
63 174 980 1091
174 246 1243 1315
246 327 1419 1500
327 413 1652 1738
413 575 1862 2024
575 679 2185 2289
679 855 2388 2564
855 1009 2839 2993
1009 1047 3047 3085
1047 1202 3270 3425
1202 1329 3647 3774
1329 1542 3880 4093
1542 1722 4262 4442
1722 1805 4558 4641
1805 1880 4728 4803
1880 1968 5654 5742

>ENSEEET00000010813
0 63 13 76
63 174 980 1091
174 246 1243 1315
246 327 1419 1500
327 413 1652 1738
413 575 1862 2024
575 679 2185 2289
679 855 2388 2564
855 1009 2839 2993
1009 1047 3047 3085
1047 1202 3270 3425
1202 1329 3647 3774
1329 1542 3880 4093
1542 1722 4262 4442
1722 1805 4558 4641
1805 1860 4728 4783
1860 1923 5306 5369

>ENSIPUT00000026033
0 63 497 560
63 174 1514 1625
174 246 2653 2725
246 327 2840 2921
327 413 3124 3210
413 575 3314 3476
575 679 3628 3732
679 855 3822 3998
855 1013 4352 4510
1013 1098 4966 5051
1098 1246 5136 5284
1246 1383 5400 5537
1383 1596 5656 5869
1596 1776 6005 6185
1776 1859 6318 6401
1859 1934 6503 6578
1934 2018 6665 6749
2018 2190 6875 7047
2190 2295 7147 7252
2295 2487 7353 7545
2487 2676 7662 7851
2676 2816 8907 9047
2816 3021 9468 9673
3021 3176 9790 9945
3176 3237 10049 10110
3237 3366 11146 11275
3366 3473 11364 11471
3473 3579 11574 11680
3579 3645 11766 11832
3645 3780 11909 12044

>ENSIPUT00000026109
0 63 497 560
63 174 1514 1625
174 246 2653 2725
246 359 3097 3210
359 521 3314 3476
521 625 3628 3732
625 801 3822 3998
801 959 4352 4510
959 1044 4966 5051
1044 1192 5136 5284
1192 1329 5400 5537
1329 1542 5656 5869
1542 1722 6005 6185
1722 1805 6318 6401
1805 1880 6503 6578
1880 1964 6665 6749
1964 2136 6875 7047
2136 2241 7147 7252
2241 2433 7353 7545
2433 2622 7662 7851
2622 2762 8907 9047
2762 2967 9468 9673
2967 3122 9790 9945
3122 3183 10049 10110
3183 3312 11146 11275
3312 3419 11364 11471
3419 3525 11574 11680
3525 3591 11766 11832
3591 3726 11909 12044

