>ENSEBUT00000005230
0 122 209 331
122 196 16353 16427
196 305 20157 20266
305 397 34930 35022
397 471 39975 40049
471 582 41272 41383

>ENSPMAT00000000389
0 118 13 131
118 190 1612 1684
190 302 2011 2123
302 394 3215 3307
394 468 3720 3794
468 579 4402 4513

>ENSAHAT00000005635
0 169 0 169
169 217 1269 1317
217 326 3416 3525
326 418 7905 7997
418 492 11626 11700
492 603 12980 13091

>ENSAOWT00000010775
0 724 0 724
724 772 1823 1871
772 881 3973 4082
881 973 8463 8555
973 1047 12184 12258
1047 1158 13537 13648

>ENSARWT00000023754
0 28 52 80
28 137 2175 2284
137 229 6656 6748
229 303 10383 10457
303 414 11737 11848

>ENSDNVT00000026682
0 28 0 28
28 137 2159 2268
137 229 6645 6737
229 303 10368 10442
303 414 11726 11837

>ENSNPET00000015242
0 154 0 154
154 202 1155 1203
202 311 3110 3219
311 403 7366 7458
403 477 10954 11028
477 588 12321 12432

