>T27A1.5a.1
0 299 18 317
299 655 876 1232
655 929 1812 2086
929 1035 2339 2445
1035 1099 2620 2684
1099 1350 3011 3262

>T27A1.5a.2
0 299 18 317
299 655 876 1232
655 929 1812 2086
929 1035 2339 2445
1035 1099 2620 2684
1099 1350 3011 3262

>T27A1.5b.1
0 340 892 1232
340 614 1812 2086
614 720 2339 2445
720 784 2620 2684
784 1035 3011 3262

>Y43F4B.7.1
0 159 6 165
159 240 229 310
240 329 367 456
329 422 1207 1300
422 507 1348 1433
507 685 1484 1662
685 783 1993 2091
783 899 2226 2342
899 959 3154 3214
959 1065 4596 4702
1065 1129 4754 4818
1129 1236 5344 5451
1236 1368 5517 5649

