>ENSPVIT00000031894
0 153 875 1028
153 239 2428 2514
239 343 3311 3415
343 467 3840 3964
467 666 4991 5190

>ENSPVIT00000031895
0 153 875 1028
153 239 2428 2514
239 343 3311 3415
343 927 3840 4424

>ENSPVIT00000031896
0 290 2224 2514
290 394 3311 3415
394 978 3840 4424

>ENSEBUT00000005092
0 150 31069 31219
150 227 33790 33867
227 331 44757 44861
331 455 47069 47193
455 654 48639 48838

>ENSEBUT00000005105
0 150 31069 31219
150 227 33790 33867
227 331 44757 44861
331 455 47069 47193
455 654 48639 48838

>ENSPMAT00000006156
0 153 6241 6394
153 239 11489 11575
239 343 12009 12113
343 464 13332 13453
464 657 14883 15076

>ENSEBUT00000009046
0 153 46739 46892
153 230 52532 52609
230 334 52700 52804
334 458 58747 58871
458 645 62497 62684

>ENSEBUT00000009053
0 153 46739 46892
153 230 52532 52609
230 334 52700 52804
334 458 58747 58871
458 645 62497 62684

