>C50H11.13.1
0 289 0 289
289 387 545 643
387 575 692 880
575 768 1017 1210
768 861 1257 1350
861 927 1408 1474
927 1022 1523 1618
1022 1053 1693 1724

>C54E10.3.1
0 289 0 289
289 387 447 545
387 575 655 843
575 777 1511 1713
777 870 2240 2333
870 957 2390 2477

>ZK863.1.1
0 244 0 244
244 416 781 953
416 536 999 1119
536 732 1164 1360
732 825 1458 1551
825 891 1595 1661
891 986 1716 1811
986 1113 1860 1987

>C04C3.6.1
0 274 0 274
274 372 935 1033
372 443 1081 1152
443 777 1371 1705
777 936 2345 2504
936 1035 2696 2795

>T01B11.1.1
0 226 2 228
226 426 284 484
426 518 580 672
518 632 880 994
632 968 1314 1650
968 1032 1699 1763

