>ENSNPET00000008895
0 167 0 167
167 298 4745 4876
298 371 5273 5346
371 488 6437 6554
488 577 8052 8141
577 682 9363 9468
682 818 11537 11673
818 969 12211 12362
969 1071 14274 14376

>ENSDNVT00000031286
0 159 0 159
159 237 4665 4743
237 305 5203 5271
305 422 6362 6479
422 526 8034 8138
526 631 9173 9278
631 767 11153 11289
767 898 11811 11942
898 1026 14126 14254

>ENSDNVT00000031295
0 91 0 91
91 132 172 213
132 210 4665 4743
210 278 5203 5271
278 382 8034 8138
382 481 9179 9278
481 617 11153 11289
617 748 11811 11942
748 876 14126 14254

>ENSDNVT00000031301
0 91 0 91
91 132 172 213
132 201 4674 4743
201 269 5203 5271
269 386 6362 6479
386 490 8034 8138
490 595 9173 9278
595 731 11153 11289
731 884 11811 11964
884 996 13567 13679

>ENSAOWT00000008799
0 114 0 114
114 238 328 452
238 270 915 947
270 407 2049 2186
407 496 3763 3852
496 601 4820 4925
601 731 6812 6942
731 875 7467 7611
875 1047 9660 9832

>ENSAHAT00000000131
0 114 0 114
114 238 328 452
238 270 915 947
270 407 2053 2190
407 496 3767 3856
496 601 4824 4929
601 731 6821 6951
731 875 7477 7621
875 1047 9670 9842

>ENSARWT00000010948
0 114 0 114
114 232 335 453
232 305 916 989
305 416 2079 2190
416 505 3765 3854
505 610 4811 4916
610 743 6808 6941
743 887 7466 7610
887 1059 9667 9839

