>ENSOCUT00000035096
0 205 0 205
205 319 17563 17677
319 828 18294 18803

>ENSOCUT00000000910
0 205 0 205
205 319 367 481
319 1680 2438 3799

>ENSOCUT00000015410
0 196 17044 17240
196 310 17563 17677
310 819 18294 18803

>ENSOCUT00000050154
0 196 17044 17240
196 705 18294 18803

>ENSOCUT00000041413
0 196 17044 17240
196 310 17563 17677
310 327 17731 17748

>ENSDORT00000024455
0 205 33 238
205 319 423 537
319 1497 3159 4337

>ENSDORT00000034529
0 205 33 238
205 319 423 537
319 666 3159 3506
666 1077 3926 4337

