>ENSDCDT00000031088
0 178 0 178
178 229 895 946
229 670 1395 1836
670 690 2084 2104
690 784 2222 2316
784 858 3022 3096
858 1014 3281 3437
1014 1168 5876 6030
1168 1230 6233 6295
1230 1328 6383 6481
1328 1470 6954 7096
1470 1605 7211 7346
1605 1678 7701 7774
1678 1835 8191 8348
1835 1990 8723 8878
1990 2097 9387 9494
2097 2218 9630 9751
2218 2286 10292 10360

>ENSDCDT00000031162
0 141 1715 1856
141 235 2222 2316
235 309 3022 3096
309 465 3281 3437
465 619 5876 6030
619 681 6233 6295
681 779 6383 6481
779 921 6954 7096
921 1029 7557 7665
1029 1102 7701 7774
1102 1259 8191 8348
1259 1414 8723 8878
1414 1521 9387 9494
1521 1642 9630 9751
1642 1710 10292 10360

>ENSDCDT00000031166
0 141 1715 1856
141 235 2222 2316
235 309 3022 3096
309 465 3281 3437
465 619 5876 6030
619 681 6233 6295
681 779 6383 6481
779 921 6954 7096
921 1056 7211 7346
1056 1129 7701 7774
1129 1286 8191 8348
1286 1441 8723 8878
1441 1548 9387 9494
1548 1718 9630 9800
1718 1746 10085 10113

>ENSCHAT00000016178
0 144 0 144
144 238 901 995
238 312 1253 1327
312 468 1759 1915
468 622 2500 2654
622 684 2783 2845
684 782 3376 3474
782 924 3871 4013
924 1059 4205 4340
1059 1132 4761 4834
1132 1289 5414 5571
1289 1444 5814 5969
1444 1551 7723 7830
1551 1674 8850 8973
1674 1705 9985 10016
1705 1740 10049 10084

>ENSCHAT00000016363
0 144 0 144
144 238 901 995
238 312 1253 1327
312 468 1759 1915
468 622 2500 2654
622 684 2783 2845
684 782 3376 3474
782 936 3871 4025
936 1059 4217 4340
1059 1132 4761 4834
1132 1289 5414 5571
1289 1444 5814 5969
1444 1551 7723 7830
1551 1695 8850 8994
1695 1734 9576 9615

>ENSCHAT00000016473
0 144 0 144
144 238 901 995
238 312 1253 1327
312 468 1759 1915
468 622 2500 2654
622 684 2783 2845
684 782 3376 3474
782 924 3871 4013
924 1059 4205 4340
1059 1132 4761 4834
1132 1289 5414 5571
1289 1444 5814 5969
1444 1551 7723 7830
1551 1857 8850 9156

>ENSCHAT00000016552
0 90 0 90
90 184 901 995
184 258 1253 1327
258 414 1759 1915
414 560 2500 2646
560 583 2712 2735
583 645 2783 2845
645 743 3376 3474
743 885 3871 4013
885 1020 4205 4340
1020 1093 4761 4834
1093 1250 5414 5571
1250 1405 5814 5969
1405 1512 7723 7830
1512 1818 8850 9156

