>F52G2.3.1
0 110 8 118
110 416 554 860
416 563 911 1058
563 698 1616 1751
698 902 1977 2181
902 1025 2225 2348
1025 1128 2398 2501
1128 1305 2543 2720
1305 1551 3159 3405
1551 1956 4378 4783

>K04G11.3.1
0 110 0 110
110 410 155 455
410 554 675 819
554 653 1143 1242
653 737 1323 1407
737 806 1449 1518
806 995 1566 1755
995 1107 2092 2204

>F52G2.2a.1
0 119 6 125
119 416 613 910
416 554 957 1095
554 689 1597 1732
689 822 2589 2722
822 965 2777 2920
965 1331 5636 6002
1331 1508 7457 7634
1508 1787 7681 7960
1787 2004 8426 8643
2004 2168 9228 9392
2168 2274 9445 9551
2274 2402 10508 10636
2402 2578 10686 10862
2578 2687 10912 11021
2687 2843 13982 14138
2843 2946 14190 14293
2946 3123 14358 14535
3123 3363 15675 15915
3363 3924 16838 17399
3924 3960 18141 18177

>F52G2.2b.1
0 119 1613 1732
119 252 2589 2722
252 395 2777 2920
395 761 5636 6002
761 938 7457 7634
938 1217 7681 7960
1217 1434 8426 8643
1434 1598 9228 9392
1598 1704 9445 9551
1704 1832 10508 10636
1832 2008 10686 10862
2008 2117 10912 11021
2117 2273 13982 14138
2273 2376 14190 14293
2376 2553 14358 14535
2553 2793 15675 15915
2793 3354 16838 17399
3354 3390 18141 18177

>F52G2.2b.2
0 119 1613 1732
119 252 2589 2722
252 395 2777 2920
395 761 5636 6002
761 938 7457 7634
938 1217 7681 7960
1217 1434 8426 8643
1434 1598 9228 9392
1598 1704 9445 9551
1704 1832 10508 10636
1832 2008 10686 10862
2008 2117 10912 11021
2117 2273 13982 14138
2273 2376 14190 14293
2376 2553 14358 14535
2553 2793 15675 15915
2793 3354 16838 17399
3354 3390 18141 18177

>F52G2.2c.1
0 137 14001 14138
137 240 14190 14293
240 417 14358 14535
417 657 15675 15915
657 1218 16838 17399
1218 1254 18141 18177

>F52G2.2d.1
0 164 7470 7634
164 443 7681 7960
443 660 8426 8643
660 824 9228 9392
824 930 9445 9551
930 1058 10508 10636
1058 1234 10686 10862
1234 1343 10912 11021
1343 1499 13982 14138
1499 1602 14190 14293
1602 1779 14358 14535
1779 2019 15675 15915
2019 2580 16838 17399
2580 2616 18141 18177

