>ENSCSAVT00000002894
0 48 31 79
48 153 149 254
153 294 577 718
294 374 1317 1397
374 424 1947 1997
424 615 2347 2538
615 729 4115 4229
729 879 4283 4433
879 1017 4571 4709
1017 1182 4858 5023
1182 1340 5272 5430
1340 1459 5837 5956
1459 1488 7264 7293

>ENSCSAVT00000002900
0 75 643 718
75 155 1317 1397
155 205 1947 1997
205 396 2347 2538
396 510 4115 4229
510 674 4283 4447
674 717 4499 4542
717 855 4571 4709
855 1020 4858 5023
1020 1178 5272 5430
1178 1302 5837 5961

>ENSCINT00000032815
0 48 34 82
48 153 167 272
153 294 805 946
294 374 1219 1299
374 424 1410 1460
424 615 1943 2134
615 729 4529 4643
729 879 5002 5152
879 1017 5344 5482
1017 1182 6290 6455
1182 1340 7083 7241
1340 1455 7552 7667
1455 1488 7995 8028

