>C25A1.8.1
0 151 24 175
151 518 225 592
518 702 641 825

>K10B2.3a.1
0 136 55 191
136 503 260 627
503 687 672 856

>K10B2.3a.2
0 136 55 191
136 503 260 627
503 687 672 856

>K10B2.3b.1
0 136 55 191
136 732 260 856

>K10B2.3b.2
0 136 55 191
136 732 260 856

>ZK858.3.1
0 124 71 195
124 494 247 617
494 678 675 859

>C25B8.4a.1
0 8 76 84
8 70 4202 4264
70 162 4411 4503
162 306 4555 4699
306 434 4962 5090
434 639 5157 5362

>C25B8.4b.1
0 178 4086 4264
178 270 4411 4503
270 414 4555 4699
414 542 4962 5090
542 747 5157 5362

>C25B8.4c.1
0 8 76 84
8 70 4202 4264
70 162 4411 4503
162 306 4555 4699
306 438 4962 5094

