>FBtr0083610
0 1704 476 2180

>FBtr0336471
0 1704 476 2180

>C37A2.8a.1
0 126 97 223
126 231 271 376
231 592 423 784
592 790 846 1044
790 885 1093 1188
885 1011 1279 1405

>C37A2.8b.1
0 126 97 223
126 235 271 380
235 282 423 470

>ENSPMAT00000001653
0 48 0 48
48 150 889 991
150 251 1884 1985
251 310 2918 2977
310 530 3801 4021
530 629 4854 4953
629 766 5232 5369
766 861 5675 5770
861 1000 6437 6576
1000 1144 7211 7355
1144 1395 8284 8535

>ENSVURT00010022230
0 42 121 163
42 147 7426 7531
147 248 8093 8194
248 307 9274 9333
307 488 10433 10614
488 584 14259 14355
584 718 14805 14939
718 813 15389 15484
813 946 17835 17968
946 1087 18900 19041
1087 1371 22063 22347

>ENSPCIT00000024128
0 42 171 213
42 147 4736 4841
147 248 5411 5512
248 307 6540 6599
307 488 7609 7790
488 584 11681 11777
584 718 12224 12358
718 813 12998 13093
813 946 15403 15536
946 1084 16444 16582
1084 1558 37191 37665
1558 1675 38945 39062
1675 1801 44332 44458
1801 1935 49935 50069

>ENSPCIT00000024199
0 42 171 213
42 147 4736 4841
147 248 5411 5512
248 307 6540 6599
307 488 7609 7790
488 584 11681 11777
584 718 12224 12358
718 813 12998 13093
813 946 15403 15536
946 1084 16444 16582
1084 1368 19670 19954

>ENSSHAT00000020480
0 222 0 222
222 327 46430 46535
327 428 47106 47207
428 487 48150 48209
487 668 49218 49399
668 764 52961 53057
764 898 53446 53580
898 993 53976 54071
993 1126 56135 56268
1126 1264 57779 57917
1264 1548 60700 60984

>ENSMODT00000009080
0 216 118 334
216 321 7972 8077
321 422 10028 10129
422 481 11133 11192
481 662 12207 12388
662 758 16545 16641
758 892 17111 17245
892 987 17667 17762
987 1120 20169 20302
1120 1261 21422 21563
1261 1545 24247 24531

