>ENSSFOT00015028475
0 678 0 678
678 717 1928 1967
717 815 2314 2412
815 867 2544 2596
867 903 3150 3186
903 987 3406 3490
987 1152 3591 3756
1152 1231 4122 4201
1231 1367 4832 4968
1367 2001 5340 5974

>ENSPKIT00000018451
0 183 1726 1909
183 222 2234 2273
222 320 2447 2545
320 372 2712 2764
372 408 2920 2956
408 492 3209 3293
492 657 3373 3538
657 736 3737 3816
736 872 4754 4890
872 1539 5517 6184

>ENSPKIT00000018496
0 183 1726 1909
183 222 2234 2273
222 320 2447 2545
320 372 2712 2764
372 408 2920 2956
408 492 3209 3293
492 657 3373 3538
657 736 3737 3816
736 872 4754 4890
872 1495 5517 6140
1495 1521 7201 7227

>ENSPKIT00000018537
0 183 1726 1909
183 222 2234 2273
222 320 2447 2545
320 372 2712 2764
372 456 3209 3293
456 621 3373 3538
621 700 3737 3816
700 836 4754 4890
836 1503 5517 6184

>ENSDCDT00000044385
0 204 165 369
204 243 434 473
243 341 557 655
341 393 743 795
393 429 1224 1260
429 513 1411 1495
513 678 1574 1739
678 757 1820 1899
757 896 1978 2117
896 1551 3561 4216

>ENSCHAT00000062319
0 201 713 914
201 296 1523 1618
296 348 1772 1824
348 432 2710 2794
432 631 3200 3399
631 770 4792 4931
770 1470 5537 6237

>ENSCHAT00000062331
0 201 713 914
201 305 1520 1624
305 315 2679 2689
315 369 2740 2794
369 594 3200 3425
594 719 4806 4931
719 1419 5537 6237

>ENSCHAT00000062342
0 201 713 914
201 285 1523 1607
285 369 2710 2794
369 612 3200 3443
612 692 4851 4931
692 1392 5537 6237

>ENSCHAT00000062349
0 201 713 914
201 246 1354 1399

