>F49E11.9.1
0 168 15 183
168 306 328 466
306 524 513 731
524 624 786 886

>F49E11.5.1
0 49 39 88
49 438 137 526
438 539 1101 1202
539 639 1279 1379

>C39E9.5.1
0 174 0 174
174 530 232 588
530 630 643 743

>C39E9.6.1
0 174 0 174
174 533 218 577
533 633 625 725

>F02E11.5.1
0 177 0 177
177 524 475 822
524 624 867 967

>Y51H7C.2.1
0 177 0 177
177 524 242 589
524 741 634 851

>ZK384.2.1
0 180 0 180
180 318 526 664
318 539 753 974
539 639 1495 1595

>ZK384.1.1
0 174 16 190
174 318 236 380
318 503 425 610
503 624 661 782

