>ENSMLET00000013117
0 187 0 187
187 239 203 255
239 457 274 492
457 481 515 539
481 552 552 623

>ENSPANT00000042154
0 187 0 187
187 247 203 263
247 430 309 492
430 454 515 539
454 525 552 623

>ENSMFAT00000070897
0 187 0 187
187 239 203 255
239 457 274 492
457 481 515 539
481 552 552 623

>ENSMNET00000069840
0 187 0 187
187 239 203 255
239 457 274 492
457 481 515 539
481 552 552 623

>ENSCATT00000050932
0 115 0 115
115 227 143 255
227 445 274 492
445 469 515 539
469 540 552 623

>ENSPTRT00000098940
0 115 0 115
115 227 143 255
227 576 274 623

>ENSGGOT00000060986
0 158 0 158
158 564 217 623

>ENSNLET00000045086
0 158 0 158
158 435 217 494
435 478 512 555
478 564 1216 1302

>ENSRBIT00000032802
0 189 0 189
189 363 203 377
363 484 416 537
484 555 552 623

