>ENSSPAT00000006944
0 16 279 295
16 328 3577 3889
328 481 5222 5375
481 592 9830 9941
592 729 10038 10175

>ENSSPAT00000007099
0 319 3570 3889
319 457 4362 4500
457 568 9830 9941
568 705 10038 10175

>ENSSPAT00000007130
0 287 3570 3857
287 442 5381 5536
442 553 9830 9941
553 690 10038 10175

>ENSSPAT00000007146
0 319 3570 3889
319 391 3924 3996
391 436 4029 4074
436 547 9830 9941
547 684 10038 10175

>ENSSPAT00000007315
0 161 0 161
161 371 3647 3857
371 442 4429 4500
442 598 5359 5515
598 735 5602 5739

>ENSSPAT00000007379
0 29 2071 2100
29 343 3575 3889
343 676 5203 5536
676 768 5647 5739

>ENSSPAT00000007574
0 319 3570 3889
319 343 4597 4621
343 676 5182 5515
676 813 5602 5739

>ENSSPAT00000007582
0 319 3570 3889
319 652 5182 5515
652 789 5602 5739

