>ENSMMOT00000024910
0 318 0 318
318 422 1473 1577
422 577 2390 2545
577 743 4306 4472
743 882 4554 4693
882 956 5214 5288
956 1171 5357 5572
1171 1280 5683 5792
1280 1515 6697 6932

>ENSTNIT00000007896
0 327 0 327
327 437 501 611
437 592 1863 2018
592 761 2089 2258
761 885 2328 2452
885 995 2804 2914
995 1210 3177 3392
1210 1319 3521 3630
1319 1536 3785 4002

>ENSSMAT00000034761
0 306 0 306
306 410 930 1034
410 565 1284 1439
565 734 1761 1930
734 858 2025 2149
858 968 2411 2521
968 1183 2597 2812
1183 1292 2930 3039
1292 1499 3538 3745
1499 1587 4137 4225

>ENSORLT00000001197
0 366 103 469
366 470 1760 1864
470 625 9872 10027
625 794 10111 10280
794 918 10361 10485
918 1028 11421 11531
1028 1243 11621 11836
1243 1352 13101 13210
1352 1559 14711 14918
1559 1647 15247 15335

