>ENSMMUT00000011282
0 128 0 128
128 226 3033 3131
226 349 3299 3422
349 487 3916 4054
487 586 4360 4459
586 762 4614 4790
762 909 5240 5387
909 1122 7722 7935
1122 1209 17345 17432
1209 1286 17530 17607
1286 1452 17868 18034
1452 1519 18210 18277
1519 1788 20141 20410
1788 1895 23299 23406
1895 2190 24089 24384

>ENSMFAT00000029442
0 128 141 269
128 226 3160 3258
226 349 3426 3549
349 487 4043 4181
487 586 4487 4586
586 762 4741 4917
762 909 5367 5514
909 1122 7849 8062
1122 1209 17936 18023
1209 1286 18121 18198
1286 1452 18459 18625
1452 1519 18801 18868
1519 1788 20723 20992
1788 1895 23881 23988
1895 2190 24671 24966

>ENSMNET00000033907
0 128 271 399
128 226 3303 3401
226 349 3569 3692
349 487 4186 4324
487 586 4630 4729
586 762 4884 5060
762 909 5510 5657
909 1122 7992 8205
1122 1209 17656 17743
1209 1286 17841 17918
1286 1452 18179 18345
1452 1519 18521 18588
1519 1788 20449 20718
1788 1895 23927 24034
1895 2190 24719 25014

>ENSCSAT00000005424
0 269 0 269
269 367 3157 3255
367 490 3423 3546
490 628 4040 4178
628 727 4484 4583
727 903 4738 4914
903 1050 5368 5515
1050 1263 7863 8076
1263 1350 17120 17207
1350 1427 17305 17382
1427 1593 17643 17809
1593 1660 17985 18052
1660 1938 19904 20182
1938 2045 23068 23175
2045 2340 23859 24154

>ENSPANT00000010283
0 128 0 128
128 226 3002 3100
226 349 3268 3391
349 487 3885 4023
487 586 4329 4428
586 762 4583 4759
762 909 5210 5357
909 1122 7692 7905
1122 1209 17012 17099
1209 1286 17197 17274
1286 1452 17535 17701
1452 1519 17875 17942
1519 1788 19805 20074
1788 1895 22987 23094
1895 2190 23778 24073

>ENSTGET00000000321
0 128 0 128
128 226 3000 3098
226 349 3266 3389
349 487 3883 4021
487 586 4327 4426
586 762 4581 4757
762 909 5209 5356
909 1122 7704 7917
1122 1209 17024 17111
1209 1286 17209 17286
1286 1452 17547 17713
1452 1519 17889 17956
1519 1788 19825 20094
1788 1895 23005 23112
1895 2190 23796 24091

>ENSMLET00000050394
0 128 257 385
128 226 3270 3368
226 349 3536 3659
349 487 4151 4289
487 586 4595 4694
586 762 4849 5025
762 909 5476 5623
909 1122 10064 10277
1122 1209 20429 20516
1209 1286 20614 20691
1286 1452 20951 21117
1452 1519 21293 21360
1519 1788 23223 23492
1788 1895 26381 26488
1895 2190 27180 27475

>ENSCATT00000045487
0 128 203 331
128 226 3217 3315
226 349 3483 3606
349 487 4100 4238
487 586 4544 4643
586 762 4798 4974
762 909 5425 5572
909 1122 7907 8120
1122 1209 18209 18296
1209 1286 18394 18471
1286 1452 18732 18898
1452 1519 19074 19141
1519 1788 21005 21274
1788 1895 24163 24270
1895 2190 24962 25257

