>F25D7.4.1
0 222 0 222
222 1143 267 1188
1143 1320 1274 1451
1320 1704 1605 1989
1704 2172 2105 2573
2172 2440 2872 3140
2440 2625 3186 3371

>C36A4.5.1
0 222 0 222
222 1143 268 1189
1143 1320 1275 1452
1320 1704 1606 1990
1704 2172 2106 2574
2172 2440 2871 3139
2440 2625 3185 3370

>F32A7.5a.1
0 222 2 224
222 1140 269 1187
1140 1317 1273 1450
1317 1701 1595 1979
1701 2184 2093 2576
2184 2452 2890 3158
2452 2637 3200 3385

>F32A7.5b.1
0 222 2 224
222 1140 269 1187
1140 1317 1273 1450
1317 1800 2093 2576
1800 2295 2890 3385

>F32A7.5c.1
0 222 2 224
222 1140 269 1187
1140 1317 1273 1450
1317 1701 1595 1979
1701 2184 2093 2576
2184 2449 2890 3155
2449 2634 3200 3385

>F32A7.5d.1
0 222 2 224
222 1140 269 1187
1140 1524 1595 1979
1524 2007 2093 2576
2007 2275 2890 3158
2275 2460 3200 3385

