>ENSEBUT00000013921
0 175 0 175
175 258 14877 14960
258 372 97826 97940
372 483 100580 100691
483 562 101649 101728
562 654 101871 101963

>ENSEBUT00000013931
0 175 0 175
175 258 14877 14960
258 372 97826 97940
372 483 100580 100691
483 562 101649 101728
562 648 101871 101957
648 684 104910 104946

>ENSEBUT00000013943
0 16 14580 14596
16 99 14877 14960
99 213 97826 97940
213 324 100580 100691
324 403 101649 101728
403 489 101871 101957
489 525 104910 104946

>ENSHHUT00000026130
0 390 0 390

>Y45F10D.4.1
0 90 13 103
90 210 161 281
210 394 344 528
394 462 582 650

>ENSTTRT00000004028
0 76 0 76
76 78 77 79
78 111 81 114
111 135 1531 1555
135 222 1557 1644
222 333 2527 2638
333 412 4355 4434
412 498 5951 6037

>ENSSSCT00000087777
0 42 156 198
42 111 200 269
111 225 1927 2041
225 336 2900 3011
336 415 4498 4577
415 501 6077 6163

>ENSSSCT00000081945
0 42 156 198
42 111 200 269
111 225 1927 2041
225 336 2900 3011
336 415 4498 4577
415 429 4963 4977
429 462 5002 5035

>ENSSSCT00000070660
0 42 156 198
42 111 200 269
111 225 1927 2041
225 336 2900 3011
336 431 4498 4593
431 462 4594 4625

