>ENSOANT00000004802
0 11 380 391
11 76 1934 1999
76 99 2662 2685
99 538 4511 4950
538 698 8171 8331
698 802 8914 9018
802 951 10697 10846

>ENSOANT00000018110
0 104 786 890
104 189 1110 1195
189 237 3785 3833
237 274 4949 4986
274 351 13694 13771
351 496 15504 15649
496 577 16380 16461
577 610 16485 16518
610 1110 17785 18285
1110 1148 20814 20852
1148 1422 24684 24958
1422 1554 30133 30265
1554 1564 31398 31408
1564 1653 32402 32491

>MGP_SPRETEiJ_T0037626
0 11 28 39
11 76 1747 1812
76 102 2812 2838
102 544 8015 8457
544 710 9777 9943
710 814 10118 10222
814 927 11225 11338
927 1059 14452 14584
1059 1301 15145 15387
1301 1386 15555 15640
1386 1548 16705 16867
1548 1693 17839 17984
1693 1804 18498 18609
1804 2292 21686 22174
2292 2333 23487 23528
2333 2587 24299 24553
2587 2712 24690 24815
2712 2796 26011 26095

>ENSMSIT00000042170
0 11 57 68
11 76 1776 1841
76 102 2837 2863
102 544 8018 8460
544 710 9783 9949
710 814 10128 10232
814 927 11230 11343
927 1059 14465 14597
1059 1310 15157 15408
1310 1395 15576 15661
1395 1557 16731 16893
1557 1702 17869 18014
1702 1813 18508 18619
1813 2301 21634 22122
2301 2342 23388 23429
2342 2596 24209 24463
2596 2721 24600 24725
2721 2808 25929 26016

>ENSMSIT00000042192
0 3 1838 1841
3 445 8018 8460
445 611 9783 9949
611 715 10128 10232
715 828 11230 11343
828 960 14465 14597
960 1211 15157 15408
1211 1296 15576 15661
1296 1458 16731 16893
1458 1603 17869 18014
1603 1714 18508 18619
1714 2202 21634 22122
2202 2243 23388 23429
2243 2497 24209 24463
2497 2622 24600 24725
2622 2709 25929 26016

>ENSMSIT00000042202
0 11 57 68
11 76 1776 1841
76 242 9783 9949
242 346 10128 10232
346 459 11230 11343
459 591 14465 14597
591 842 15157 15408
842 927 15576 15661
927 1089 16731 16893
1089 1234 17869 18014
1234 1345 18508 18619
1345 1833 21634 22122
1833 1874 23388 23429
1874 2128 24209 24463
2128 2253 24600 24725
2253 2340 25929 26016

>ENSMSIT00000042203
0 442 8018 8460
442 608 9783 9949
608 712 10128 10232
712 825 11230 11343
825 957 14465 14597
957 1208 15157 15408
1208 1293 15576 15661
1293 1455 16731 16893
1455 1600 17869 18014
1600 1711 18508 18619
1711 2199 21634 22122
2199 2240 23388 23429
2240 2494 24209 24463
2494 2619 24600 24725
2619 2706 25929 26016

>ENSMUST00000223689
0 11 28 39
11 76 1745 1810
76 102 2797 2823
102 544 7778 8220
544 710 9571 9737
710 814 9916 10020
814 927 11009 11122
927 1059 14248 14380
1059 1310 14938 15189
1310 1395 15357 15442
1395 1557 16511 16673
1557 1702 17653 17798
1702 1813 18316 18427
1813 2301 21510 21998
2301 2342 23327 23368
2342 2596 24142 24396
2596 2721 24528 24653
2721 2808 25858 25945

