>ENSGAGT00000005846
0 8 135 143
8 84 2019 2095
84 285 2451 2652
285 426 3449 3590
426 540 4410 4524
540 672 4820 4952
672 756 5228 5312
756 838 5695 5777
838 917 5991 6070
917 1009 6198 6290
1009 1262 6454 6707
1262 1379 6820 6937
1379 1485 7072 7178

>ENSCABT00000020937
0 18 51 69
18 119 5159 5260
119 269 6729 6879
269 345 7075 7151
345 546 7619 7820
546 687 8482 8623
687 801 9216 9330
801 933 9670 9802
933 1017 10078 10162
1017 1099 10493 10575
1099 1178 10783 10862
1178 1270 10982 11074
1270 1527 11236 11493

