>F08D12.9.1
0 83 26 109
83 1023 153 1093

>F08D12.10.1
0 86 22 108
86 1062 158 1134

>F08D12.11.1
0 80 38 118
80 954 173 1047

>F18A12.7.1
0 102 0 102
102 492 148 538
492 594 586 688
594 633 998 1037
633 723 1088 1178
723 1034 1226 1537
1034 1082 1584 1632
1082 2001 2126 3045

>F29A7.1a.1
0 80 0 80
80 984 157 1061

>F29A7.1b.1
0 771 290 1061

>F29A7.2.1
0 50 0 50
50 924 2358 3232

>F08D12.8.1
0 80 0 80
80 999 176 1095

>F08D12.6.1
0 80 5 85
80 987 129 1036
987 1497 1757 2267

>F53C3.2.1
0 80 27 107
80 975 245 1140

>Y49F6B.7.1
0 74 83 157
74 993 679 1598

