>ENSPMET00000021525
0 59 0 59
59 263 2258 2462
263 311 5149 5197
311 555 6195 6439

>ENSPRET00000009867
0 35 0 35
35 290 2393 2648
290 338 7020 7068
338 541 7472 7675
541 609 8066 8134

>ENSXMAT00000039623
0 286 0 286
286 520 8609 8843
520 588 13795 13863

>ENSPRET00000003144
0 6 0 6
6 344 914 1252
344 547 13318 13521
547 735 13718 13906

>ENSPLAT00000010155
0 109 0 109
109 158 931 980
158 335 1040 1217
335 355 8718 8738
355 597 30244 30486
597 699 34825 34927

>ENSCVAT00000003949
0 39 0 39
39 211 206 378
211 293 4718 4800
293 606 7348 7661

>ENSOMET00000017541
0 248 0 248
248 484 784 1020
484 709 6534 6759
709 736 6795 6822
736 856 6882 7002
856 909 7848 7901

>ENSACLT00000020648
0 50 0 50
50 208 110 268
208 280 3908 3980
280 552 7222 7494

>ENSACLT00000013457
0 2 0 2
2 208 3627 3833
208 244 19097 19133
244 516 45549 45821

