>ENSDCDT00000032280
0 105 142 247
105 1257 436 1588
1257 1554 1683 1980

>ENSCHAT00000025570
0 1215 963 2178
1215 1524 2341 2650

>ENSCHAT00000025581
0 78 363 441
78 1245 1011 2178
1245 1554 2341 2650

>ENSIPUT00000026036
0 18 351 369
18 1164 1875 3021
1164 1461 3283 3580

>ENSIPUT00000026041
0 90 1090 1180
90 1236 1875 3021
1236 1533 3283 3580

>ENSIPUT00000026054
0 90 1090 1180
90 1236 1875 3021
1236 1533 3283 3580

>ENSEEET00000013928
0 90 214 304
90 1257 550 1717
1257 1554 2001 2298

>ENSEEET00000013929
0 90 214 304
90 691 550 1151
691 1176 1232 1717
1176 1473 2001 2298

>ENSEEET00000013930
0 90 214 304
90 668 550 1128
668 673 1182 1187
673 1158 1232 1717
1158 1455 2001 2298

