>ENSCHAT00000038685
0 890 167 1057
890 1139 6349 6598
1139 1321 10745 10927
1321 1477 17641 17797
1477 1681 19201 19405
1681 1876 24407 24602
1876 2108 34458 34690
2108 2224 38379 38495
2224 2360 40084 40220
2360 2464 40623 40727
2464 2659 44236 44431
2659 2926 45420 45687
2926 3111 50055 50240
3111 3245 51603 51737
3245 3399 52052 52206
3399 3541 54830 54972
3541 3657 59130 59246
3657 3775 61711 61829
3775 3921 64152 64298
3921 4096 67326 67501
4096 4270 67925 68099
4270 4366 70834 70930
4366 4449 71162 71245
4449 4663 71597 71811
4663 4751 72056 72144
4751 4842 74184 74275

>ENSCHAT00000038704
0 890 167 1057
890 1139 6349 6598
1139 1321 10745 10927
1321 1477 17641 17797
1477 1666 19201 19390
1666 1864 24404 24602
1864 2096 34458 34690
2096 2217 38379 38500
2217 2339 40098 40220
2339 2443 40623 40727
2443 2638 44236 44431
2638 2905 45420 45687
2905 3084 50055 50234
3084 3258 51603 51777
3258 3409 52095 52246
3409 3606 59049 59246
3606 3724 61711 61829
3724 3870 64152 64298
3870 3987 67326 67443
3987 4210 67876 68099
4210 4306 70834 70930
4306 4389 71162 71245
4389 4603 71597 71811
4603 4695 72056 72148

>ENSDCDT00000041569
0 854 790 1644
854 1103 3827 4076
1103 1264 6164 6325
1264 1420 9310 9466
1420 1624 9566 9770
1624 1819 13072 13267
1819 2042 15334 15557
2042 2149 18107 18214
2149 2285 18724 18860
2285 2389 19837 19941
2389 2584 21298 21493
2584 2851 21919 22186
2851 3036 25385 25570
3036 3170 27212 27346
3170 3324 27501 27655
3324 3466 28709 28851
3466 3582 29739 29855
3582 3700 30740 30858
3700 3846 32999 33145
3846 4021 38090 38265
4021 4195 40884 41058
4195 4290 41472 41567
4290 4420 42083 42213
4420 4551 42613 42744

>ENSDCDT00000041618
0 854 790 1644
854 1103 3827 4076
1103 1247 6164 6308
1247 1258 7243 7254
1258 1414 9310 9466
1414 1618 9566 9770
1618 1813 13072 13267
1813 2036 15334 15557
2036 2143 18107 18214
2143 2279 18724 18860
2279 2383 19837 19941
2383 2578 21298 21493
2578 2845 21919 22186
2845 3024 25385 25564
3024 3158 27212 27346
3158 3312 27501 27655
3312 3454 28709 28851
3454 3570 29739 29855
3570 3616 32890 32936
3616 3777 32984 33145
3777 3952 38090 38265
3952 4126 40884 41058
4126 4221 41472 41567
4221 4351 42083 42213
4351 4482 42613 42744

>ENSDCDT00000041630
0 854 790 1644
854 1103 3827 4076
1103 1247 6164 6308
1247 1258 7243 7254
1258 1414 9310 9466
1414 1618 9566 9770
1618 1813 13072 13267
1813 2036 15334 15557
2036 2143 18107 18214
2143 2279 18724 18860
2279 2383 19837 19941
2383 2578 21298 21493
2578 2845 21919 22186
2845 3050 25385 25590
3050 3237 26525 26712

>ENSIPUT00000009066
0 169 0 169
169 1019 41494 42344
1019 1268 45636 45885
1268 1450 46460 46642
1450 1507 48546 48603
1507 1663 51356 51512
1663 1867 52837 53041
1867 2062 57836 58031
2062 2306 62807 63051
2306 2422 69483 69599
2422 2567 69687 69832
2567 2671 70364 70468
2671 2866 70824 71019
2866 3127 71315 71576
3127 3312 79622 79807
3312 3446 81386 81520
3446 3600 82331 82485
3600 3742 84889 85031
3742 3858 86306 86422
3858 3976 88901 89019
3976 4122 93105 93251
4122 4297 96708 96883
4297 4471 97289 97463
4471 4552 98989 99070
4552 4635 100105 100188
4635 4849 100826 101040
4849 4937 101661 101749
4937 5025 103901 103989

>ENSIPUT00000009111
0 169 0 169
169 1019 41494 42344
1019 1268 45636 45885
1268 1450 46460 46642
1450 1507 48546 48603
1507 1663 51356 51512
1663 1867 52837 53041
1867 2062 57836 58031
2062 2306 62807 63051
2306 2422 69483 69599
2422 2567 69687 69832
2567 2671 70364 70468
2671 2866 70824 71019
2866 3127 71315 71576
3127 3312 79622 79807
3312 3446 81386 81520
3446 3600 82331 82485
3600 3742 84889 85031
3742 3858 86306 86422
3858 3976 88901 89019
3976 4122 93105 93251
4122 4297 96708 96883
4297 4471 97289 97463
4471 4554 100105 100188
4554 4768 100826 101040
4768 4856 101661 101749
4856 4944 103901 103989

>ENSIPUT00000009178
0 14 39960 39974
14 53 40031 40070
53 637 41507 42091
637 821 42160 42344
821 1070 45636 45885
1070 1252 46460 46642
1252 1408 51356 51512
1408 1612 52837 53041
1612 1807 57836 58031
1807 2051 62807 63051
2051 2167 69483 69599
2167 2289 69687 69809
2289 2410 70347 70468
2410 2605 70824 71019
2605 2866 71315 71576
2866 3045 79622 79801
3045 3179 81386 81520
3179 3333 82331 82485
3333 3475 84889 85031
3475 3591 86306 86422
3591 3709 88901 89019
3709 3855 93105 93251
3855 4030 96708 96883
4030 4204 97289 97463
4204 4285 98989 99070
4285 4368 100105 100188
4368 4582 100826 101040
4582 4670 101661 101749
4670 4758 103901 103989

>ENSIPUT00000009188
0 169 0 169
169 1019 41494 42344
1019 1268 45636 45885
1268 1450 46460 46642
1450 1507 48546 48603
1507 1663 51356 51512
1663 1867 52837 53041
1867 2062 57836 58031
2062 2306 62807 63051
2306 2422 69483 69599
2422 2567 69687 69832
2567 2671 70364 70468
2671 2866 70824 71019
2866 3127 71315 71576
3127 3312 79622 79807
3312 3446 81386 81520
3446 3600 82331 82485
3600 3742 84889 85031
3742 3858 86306 86422
3858 3976 88901 89019
3976 4122 93105 93251
4122 4297 96708 96883
4297 4471 97289 97463
4471 4552 98989 99070
4552 4635 100105 100188
4635 4849 100826 101040
4849 4937 101661 101749
4937 5073 101917 102053

>ENSIPUT00000009220
0 833 41511 42344
833 1082 45636 45885
1082 1264 46460 46642
1264 1321 48546 48603
1321 1477 51356 51512
1477 1681 52837 53041
1681 1876 57836 58031
1876 2120 62807 63051
2120 2236 69483 69599
2236 2381 69687 69832
2381 2485 70364 70468
2485 2680 70824 71019
2680 2941 71315 71576
2941 3126 79622 79807
3126 3260 81386 81520
3260 3414 82331 82485
3414 3556 84889 85031
3556 3672 86306 86422
3672 3790 88901 89019
3790 3936 93105 93251
3936 4111 96708 96883
4111 4285 97289 97463
4285 4366 98989 99070
4366 4449 100105 100188
4449 4663 100826 101040
4663 4751 101661 101749
4751 4887 101917 102053

>ENSEEET00000021816
0 35 0 35
35 869 973 1807
869 1118 4071 4320
1118 1300 6389 6571
1300 1456 8645 8801
1456 1660 9919 10123
1660 1855 12433 12628
1855 2111 14754 15010
2111 2227 18627 18743
2227 2372 19213 19358
2372 2476 19697 19801
2476 2675 21070 21269
2675 2953 21691 21969
2953 3132 27024 27203
3132 3266 27965 28099
3266 3420 28660 28814
3420 3562 30187 30329
3562 3678 31706 31822
3678 3796 32485 32603
3796 3942 35413 35559
3942 4117 36254 36429
4117 4291 36709 36883
4291 4365 38026 38100
4365 4413 38160 38208
4413 4627 38670 38884
4627 4715 39211 39299
4715 4806 40984 41075

>ENSAMXT00000041565
0 145 410 555
145 1031 131509 132395
1031 1280 143466 143715
1280 1462 158728 158910
1462 1531 167381 167450
1531 1687 174081 174237
1687 1891 177065 177269
1891 2086 189919 190114
2086 2342 204788 205044
2342 2458 226657 226773
2458 2603 230222 230367
2603 2707 233883 233987
2707 2902 239485 239680
2902 3166 241812 242076
3166 3390 269843 270067

