>ENSPCIT00000040104
0 231 10856 11087
231 350 48274 48393
350 475 52174 52299
475 663 55258 55446

>ENSPCIT00000040106
0 279 10808 11087
279 398 48274 48393
398 523 52174 52299
523 711 55258 55446

>ENSMEUT00000011855
0 231 0 231
231 255 3078 3102
255 294 3104 3143
294 341 3145 3192
341 466 17977 18102
466 654 20210 20398

>ENSMODT00000057525
0 231 614 845
231 350 42001 42120
350 475 43499 43624
475 663 48352 48540

>ENSEEUT00000005487
0 228 0 228
228 347 53179 53298
347 472 57315 57440
472 660 63614 63802

>ENSSART00000003069
0 228 0 228
228 347 34862 34981
347 472 37279 37404
472 660 44897 45085

