>FBtr0310159
0 168 1664 1832
168 563 1884 2279
563 810 2336 2583

>FBtr0088052
0 168 1664 1832
168 563 1884 2279
563 810 2336 2583

>FBtr0310157
0 168 1664 1832
168 563 1884 2279
563 810 2336 2583

>FBtr0088053
0 168 1664 1832
168 563 1884 2279
563 810 2336 2583

>FBtr0088051
0 168 1664 1832
168 563 1884 2279
563 810 2336 2583

>FBtr0070819
0 699 73 772

>ENSEBUT00000000302
0 123 466 589
123 279 3309 3465
279 362 7741 7824
362 542 7992 8172
542 593 8898 8949
593 737 10609 10753
737 786 26149 26198

