>ENSAOWT00000004074
0 111 228 339
111 321 931 1141
321 550 1968 2197
550 696 3660 3806
696 781 4769 4854
781 974 8044 8237
974 1124 10330 10480
1124 1265 13285 13426
1265 1389 14442 14566
1389 1479 15993 16083
1479 1659 16262 16442
1659 1770 16877 16988
1770 1890 19244 19364
1890 2127 21179 21416
2127 2309 21709 21891
2309 2484 24811 24986
2484 2646 25414 25576
2646 2818 29297 29469
2818 2905 31014 31101
2905 2984 32623 32702
2984 3111 33565 33692

>ENSAOWT00000004082
0 156 985 1141
156 385 1968 2197
385 531 3660 3806
531 616 4769 4854
616 809 8044 8237
809 959 10330 10480
959 1100 13285 13426
1100 1224 14442 14566
1224 1314 15993 16083
1314 1494 16262 16442
1494 1605 16877 16988
1605 1725 19244 19364
1725 1962 21179 21416
1962 2144 21709 21891
2144 2319 24811 24986
2319 2481 25414 25576
2481 2653 29297 29469
2653 2740 31014 31101
2740 2819 32623 32702
2819 2946 33565 33692

>ENSAHAT00000021102
0 111 0 111
111 321 706 916
321 550 1747 1976
550 696 3440 3586
696 781 4550 4635
781 974 7819 8012
974 1124 10106 10256
1124 1265 13063 13204
1265 1389 14217 14341
1389 1479 15766 15856
1479 1659 16035 16215
1659 1770 16651 16762
1770 1890 19021 19141
1890 2127 20956 21193
2127 2309 21491 21673
2309 2484 24594 24769
2484 2646 25197 25359
2646 2818 29071 29243
2818 2905 30795 30882
2905 2984 32404 32483
2984 3111 33346 33473

>ENSAHAT00000021116
0 111 0 111
111 321 706 916
321 550 1747 1976
550 696 3440 3586
696 781 4550 4635
781 974 7819 8012
974 1124 10106 10256
1124 1265 13063 13204
1265 1389 14217 14341
1389 1569 16035 16215
1569 1680 16651 16762
1680 1800 19021 19141
1800 2037 20956 21193
2037 2219 21491 21673
2219 2394 24594 24769
2394 2556 25197 25359
2556 2728 29071 29243
2728 2815 30795 30882
2815 2894 32404 32483
2894 3021 33346 33473

>ENSAHAT00000021128
0 111 0 111
111 321 706 916
321 550 1747 1976
550 696 3440 3586
696 781 4550 4635
781 974 7819 8012
974 1115 13063 13204
1115 1239 14217 14341
1239 1329 15766 15856
1329 1509 16035 16215
1509 1620 16651 16762
1620 1740 19021 19141
1740 1977 20956 21193
1977 2159 21491 21673
2159 2334 24594 24769
2334 2496 25197 25359
2496 2668 29071 29243
2668 2755 30795 30882
2755 2834 32404 32483
2834 2961 33346 33473

>ENSAHAT00000021134
0 111 0 111
111 321 706 916
321 550 1747 1976
550 696 3440 3586
696 781 4550 4635
781 974 7819 8012
974 1124 10106 10256
1124 1265 13063 13204
1265 1389 14217 14341
1389 1479 15766 15856
1479 1659 16035 16215
1659 1770 16651 16762
1770 1890 19021 19141
1890 2127 20956 21193
2127 2309 21491 21673
2309 2484 24594 24769
2484 2646 25197 25359
2646 2818 29071 29243
2818 2925 30313 30420
2925 3012 30795 30882
3012 3027 32404 32419

>ENSARWT00000007795
0 111 299 410
111 321 1002 1212
321 550 2036 2265
550 696 3730 3876
696 781 4840 4925
781 974 8117 8310
974 1124 10408 10558
1124 1265 13363 13504
1265 1389 14525 14649
1389 1479 16075 16165
1479 1659 16344 16524
1659 1770 16960 17071
1770 1890 19340 19460
1890 2127 21259 21496
2127 2309 21798 21980
2309 2484 24892 25067
2484 2646 25495 25657
2646 2818 29181 29353
2818 2905 30904 30991
2905 2984 32511 32590
2984 3111 33466 33593

>ENSARWT00000007796
0 111 299 410
111 321 1002 1212
321 550 2036 2265
550 696 3730 3876
696 781 4840 4925
781 974 8117 8310
974 1124 10408 10558
1124 1265 13363 13504
1265 1389 14525 14649
1389 1569 16344 16524
1569 1680 16960 17071
1680 1800 19340 19460
1800 2037 21259 21496
2037 2219 21798 21980
2219 2394 24892 25067
2394 2556 25495 25657
2556 2728 29181 29353
2728 2815 30904 30991
2815 2894 32511 32590
2894 3021 33466 33593

>ENSARWT00000007797
0 111 299 410
111 321 1002 1212
321 550 2036 2265
550 696 3730 3876
696 781 4840 4925
781 974 8117 8310
974 1115 13363 13504
1115 1239 14525 14649
1239 1329 16075 16165
1329 1509 16344 16524
1509 1620 16960 17071
1620 1740 19340 19460
1740 1977 21259 21496
1977 2159 21798 21980
2159 2334 24892 25067
2334 2496 25495 25657
2496 2668 29181 29353
2668 2755 30904 30991
2755 2834 32511 32590
2834 2961 33466 33593

>ENSARWT00000007798
0 111 299 410
111 340 2036 2265
340 486 3730 3876
486 571 4840 4925
571 764 8117 8310
764 914 10408 10558
914 1055 13363 13504
1055 1179 14525 14649
1179 1269 16075 16165
1269 1449 16344 16524
1449 1560 16960 17071
1560 1680 19340 19460
1680 1917 21259 21496
1917 2099 21798 21980
2099 2274 24892 25067
2274 2436 25495 25657
2436 2608 29181 29353
2608 2695 30904 30991
2695 2774 32511 32590
2774 2901 33466 33593

>ENSARWT00000007799
0 156 1056 1212
156 385 2036 2265
385 531 3730 3876
531 616 4840 4925
616 809 8117 8310
809 959 10408 10558
959 1100 13363 13504
1100 1224 14525 14649
1224 1314 16075 16165
1314 1494 16344 16524
1494 1605 16960 17071
1605 1725 19340 19460
1725 1962 21259 21496
1962 2144 21798 21980
2144 2319 24892 25067
2319 2481 25495 25657
2481 2653 29181 29353
2653 2740 30904 30991
2740 2819 32511 32590
2819 2946 33466 33593

>ENSARWT00000007800
0 111 299 410
111 321 1002 1212
321 550 2036 2265
550 696 3730 3876
696 781 4840 4925
781 974 8117 8310
974 1124 10408 10558
1124 1265 13363 13504
1265 1389 14525 14649
1389 1479 16075 16165
1479 1659 16344 16524
1659 1770 16960 17071
1770 1890 19340 19460
1890 2127 21259 21496
2127 2309 21798 21980
2309 2484 24892 25067
2484 2646 25495 25657
2646 2818 29181 29353
2818 2925 30422 30529
2925 3012 30904 30991
3012 3027 32511 32526

>ENSDNVT00000003995
0 111 0 111
111 318 672 879
318 547 1656 1885
547 693 3322 3468
693 778 4429 4514
778 971 6841 7034
971 1121 9160 9310
1121 1262 12109 12250
1262 1386 13250 13374
1386 1476 19781 19871
1476 1656 20050 20230
1656 1767 20668 20779
1767 1887 22971 23091
1887 2121 24917 25151
2121 2303 25444 25626
2303 2478 28412 28587
2478 2640 29003 29165
2640 2812 30018 30190
2812 2905 31721 31814
2905 2984 33348 33427
2984 3111 34286 34413

>ENSDNVT00000004011
0 111 0 111
111 318 672 879
318 547 1656 1885
547 693 3322 3468
693 778 4429 4514
778 971 6841 7034
971 1121 9160 9310
1121 1262 12109 12250
1262 1386 13250 13374
1386 1476 19781 19871
1476 1656 20050 20230
1656 1767 20668 20779
1767 1887 22971 23091
1887 2121 24917 25151
2121 2303 25444 25626
2303 2478 28412 28587
2478 2640 29003 29165
2640 2812 30018 30190
2812 2891 33348 33427
2891 3018 34286 34413

>ENSDNVT00000004033
0 111 0 111
111 318 672 879
318 547 1656 1885
547 693 3322 3468
693 778 4429 4514
778 971 6841 7034
971 1112 12109 12250
1112 1236 13250 13374
1236 1326 19781 19871
1326 1506 20050 20230
1506 1617 20668 20779
1617 1737 22971 23091
1737 1971 24917 25151
1971 2153 25444 25626
2153 2328 28412 28587
2328 2490 29003 29165
2490 2662 30018 30190
2662 2755 31721 31814
2755 2834 33348 33427
2834 2961 34286 34413

>ENSDNVT00000004059
0 15 374 389
15 222 672 879
222 451 1656 1885
451 597 3322 3468
597 682 4429 4514
682 875 6841 7034
875 1025 9160 9310
1025 1166 12109 12250
1166 1290 13250 13374
1290 1380 19781 19871
1380 1560 20050 20230
1560 1671 20668 20779
1671 1791 22971 23091
1791 2025 24917 25151
2025 2207 25444 25626
2207 2382 28412 28587
2382 2544 29003 29165
2544 2716 30018 30190
2716 2809 31721 31814
2809 2888 33348 33427
2888 3015 34286 34413

