>FBtr0336997
0 86 348 434
86 252 499 665
252 350 722 820
350 507 872 1029
507 767 1084 1344
767 993 1400 1626

>FBtr0088919
0 86 348 434
86 252 499 665
252 350 722 820
350 507 872 1029
507 767 1084 1344
767 993 1400 1626

>FBtr0336998
0 86 318 404
86 350 517 781
350 779 839 1268
779 993 1325 1539

>FBtr0088920
0 86 318 404
86 350 517 781
350 767 839 1256
767 981 1325 1539

>FBtr0088923
0 80 109 189
80 344 318 582
344 501 646 803
501 761 859 1119
761 990 1176 1405

>FBtr0336999
0 80 182 262
80 344 311 575
344 761 644 1061
761 975 1116 1330

>FBtr0088921
0 80 182 262
80 344 311 575
344 761 644 1061
761 975 1116 1330

>FBtr0331394
0 1218 4376 5594

>FBtr0070904
0 1218 4376 5594

>FBtr0331395
0 1218 4376 5594

>FBtr0070903
0 1218 4376 5594

