>ENSIPUT00000036879
0 188 0 188
188 394 1144 1350
394 600 1700 1906
600 678 5546 5624
678 851 6211 6384
851 1089 6454 6692
1089 1299 6913 7123
1299 1389 7473 7563
1389 1494 8297 8402
1494 1512 8907 8925

>ENSEEET00000039398
0 10 0 10
10 140 807 937
140 346 2132 2338
346 552 2488 2694
552 630 2905 2983
630 803 3446 3619
803 1041 4822 5060
1041 1251 5256 5466
1251 1341 6059 6149
1341 1446 7516 7621
1446 1464 8584 8602

>ENSEEET00000039421
0 55 258 313
55 137 855 937
137 343 2132 2338
343 549 2488 2694
549 627 2905 2983
627 800 3446 3619
800 1038 4822 5060
1038 1248 5256 5466
1248 1338 6059 6149
1338 1443 7516 7621
1443 1461 8584 8602

>ENSEEET00000039433
0 188 749 937
188 394 2132 2338
394 600 2488 2694
600 678 2905 2983
678 851 3446 3619
851 1089 4822 5060
1089 1299 5256 5466
1299 1389 6059 6149
1389 1494 7516 7621
1494 1512 8584 8602

