>ENSCHAT00000054839
0 29 498 527
29 165 28972 29108
165 189 29956 29980
189 216 30031 30058
216 438 33751 33973
438 588 34981 35131
588 677 35905 35994
677 810 38003 38136
810 1018 40406 40614
1018 1184 40984 41150
1184 1318 43773 43907
1318 1479 44669 44830

>ENSCHAT00000054849
0 24 33490 33514
24 246 33751 33973
246 396 34981 35131
396 485 35905 35994
485 618 38003 38136
618 826 40406 40614
826 992 40984 41150
992 1126 43773 43907
1126 1287 44669 44830

>ENSDCDT00000028785
0 881 1589 2470
881 1057 18516 18692
1057 1124 18775 18842
1124 1242 19955 20073
1242 1311 20633 20702
1311 1453 20975 21117
1453 1477 21735 21759
1477 1597 22243 22363
1597 1955 23148 23506
1955 1991 24280 24316
1991 2621 32243 32873
2621 2660 32939 32978
2660 2760 33581 33681
2760 2799 33911 33950
2799 3021 34629 34851
3021 3171 35133 35283
3171 3260 35403 35492
3260 3393 35734 35867
3393 3601 36444 36652
3601 3767 36742 36908
3767 3901 37293 37427
3901 4062 38075 38236

>ENSDCDT00000028788
0 881 1589 2470
881 1057 18516 18692
1057 1124 18775 18842
1124 1242 19955 20073
1242 1311 20633 20702
1311 1453 20975 21117
1453 1477 21735 21759
1477 1597 22243 22363
1597 1955 23148 23506
1955 1991 24280 24316
1991 2621 32243 32873
2621 2660 32939 32978
2660 2760 33581 33681
2760 2982 34629 34851
2982 3132 35133 35283
3132 3221 35403 35492
3221 3354 35734 35867
3354 3562 36444 36652
3562 3728 36742 36908
3728 3862 37293 37427
3862 4023 38075 38236

>ENSDCDT00000029079
0 881 1589 2470
881 1057 18516 18692
1057 1124 18775 18842
1124 1242 19955 20073
1242 1311 20633 20702
1311 1453 20975 21117
1453 1477 21735 21759
1477 1597 22243 22363
1597 1955 23148 23506
1955 1991 24280 24316
1991 2621 32243 32873
2621 2757 33212 33348
2757 2979 34629 34851
2979 3129 35133 35283
3129 3218 35403 35492
3218 3351 35734 35867
3351 3559 36444 36652
3559 3725 36742 36908
3725 3859 37293 37427
3859 4020 38075 38236

>ENSDCDT00000029087
0 881 1589 2470
881 1057 18516 18692
1057 1124 18775 18842
1124 1242 19955 20073
1242 1311 20633 20702
1311 1453 20975 21117
1453 1573 22243 22363
1573 1931 23148 23506
1931 1967 24280 24316
1967 2597 32243 32873
2597 2733 33212 33348
2733 2955 34629 34851
2955 3105 35133 35283
3105 3194 35403 35492
3194 3327 35734 35867
3327 3535 36444 36652
3535 3701 36742 36908
3701 3835 37293 37427
3835 3996 38075 38236

>ENSDCDT00000029094
0 881 1589 2470
881 1057 18516 18692
1057 1124 18775 18842
1124 1242 19955 20073
1242 1311 20633 20702
1311 1453 20975 21117
1453 1477 21735 21759
1477 1597 22243 22363
1597 1955 23148 23506
1955 2585 32243 32873
2585 2721 33212 33348
2721 2943 34629 34851
2943 3093 35133 35283
3093 3182 35403 35492
3182 3315 35734 35867
3315 3523 36444 36652
3523 3689 36742 36908
3689 3823 37293 37427
3823 3984 38075 38236

>ENSDCDT00000029468
0 48 945 993
48 794 1724 2470
794 970 18516 18692
970 1037 18775 18842
1037 1162 19955 20080
1162 1369 20910 21117
1369 1489 22243 22363
1489 1847 23148 23506
1847 1983 33212 33348
1983 2085 33579 33681
2085 2307 34629 34851
2307 2457 35133 35283
2457 2546 35403 35492
2546 2679 35734 35867
2679 2887 36444 36652
2887 3053 36742 36908
3053 3191 37293 37431
3191 3219 37872 37900

>ENSAMXT00000039019
0 208 0 208
208 351 290 433
351 792 472 913
792 855 3574 3637

