>FBtr0083259
0 1571 82 1653
1571 1877 1717 2023
1877 2067 2083 2273

>R02D3.4a.1
0 436 0 436
436 641 661 866
641 954 1372 1685
954 1047 1960 2053
1047 1267 2204 2424
1267 1871 2874 3478
1871 2101 3947 4177
2101 2349 4607 4855

>R02D3.4b.1
0 168 1517 1685
168 261 1960 2053
261 481 2204 2424
481 1085 2874 3478
1085 1315 3947 4177
1315 1563 4607 4855

>R02D3.4c.1
0 536 2942 3478
536 766 3947 4177
766 1014 4607 4855

>ENSPKIT00000024558
0 225 1355 1580
225 300 1932 2007
300 503 5283 5486
503 584 5593 5674
584 675 6171 6262
675 804 8524 8653
804 889 9960 10045
889 982 10270 10363
982 1072 10507 10597
1072 1251 10679 10858
1251 1419 11039 11207
1419 1574 11425 11580
1574 1805 12191 12422
1805 1945 13106 13246
1945 2081 14919 15055
2081 2118 15135 15172

>ENSSFOT00015017950
0 225 2027 2252
225 300 4495 4570
300 503 5528 5731
503 584 6846 6927
584 675 8752 8843
675 804 9529 9658
804 889 12015 12100
889 982 12845 12938
982 1072 13107 13197
1072 1251 13413 13592
1251 1419 14756 14924
1419 1574 15136 15291
1574 1805 16326 16557
1805 1945 16903 17043
1945 2081 17744 17880
2081 2118 18052 18089

>ENSSFOT00015017973
0 225 2027 2252
225 300 4495 4570
300 503 5528 5731
503 584 6846 6927
584 675 8752 8843
675 804 9529 9658
804 889 12015 12100
889 982 12845 12938
982 1072 13107 13197
1072 1251 13413 13592
1251 1419 14756 14924
1419 1574 15136 15291
1574 1805 16326 16557
1805 1945 16903 17043
1945 2081 17744 17880
2081 2118 18052 18089

>ENSSFOT00015018010
0 225 2027 2252
225 300 4495 4570
300 503 5528 5731
503 584 6846 6927
584 675 8752 8843
675 760 12015 12100
760 853 12845 12938
853 943 13107 13197
943 1122 13413 13592
1122 1290 14756 14924
1290 1445 15136 15291
1445 1676 16326 16557
1676 1816 16903 17043
1816 1952 17744 17880
1952 1989 18052 18089

>ENSCHAT00000015191
0 33 530 563
33 282 1209 1458
282 357 1678 1753
357 560 2395 2598
560 641 2702 2783
641 732 3308 3399
732 861 3684 3813
861 885 4163 4187
885 970 5904 5989
970 1063 6134 6227
1063 1153 6331 6421
1153 1332 6538 6717
1332 1500 9372 9540
1500 1655 9813 9968
1655 1880 10277 10502
1880 2011 11452 11583
2011 2147 11825 11961
2147 2184 12284 12321

>ENSCHAT00000015264
0 33 530 563
33 282 1209 1458
282 357 1678 1753
357 560 2395 2598
560 641 2702 2783
641 732 3308 3399
732 861 3684 3813
861 946 5904 5989
946 1039 6134 6227
1039 1129 6331 6421
1129 1308 6538 6717
1308 1476 9372 9540
1476 1631 9813 9968
1631 1856 10277 10502
1856 1987 11452 11583
1987 2123 11825 11961
2123 2160 12284 12321

>ENSCHAT00000015478
0 5 1144 1149
5 231 1232 1458
231 306 1678 1753
306 509 2395 2598
509 590 2702 2783
590 681 3308 3399
681 837 3684 3840
837 962 5904 6029
962 1018 6171 6227
1018 1108 6331 6421
1108 1287 6538 6717
1287 1455 9372 9540
1455 1610 9813 9968
1610 1835 10277 10502
1835 1966 11452 11583
1966 2102 11825 11961
2102 2139 12284 12321

>ENSCHAT00000015547
0 5 1144 1149
5 249 1232 1476
249 354 1648 1753
354 557 2395 2598
557 638 2702 2783
638 729 3308 3399
729 858 3684 3813
858 962 5904 6008
962 983 6041 6062
983 997 6134 6148
997 1087 6331 6421
1087 1266 6538 6717
1266 1434 9372 9540
1434 1589 9813 9968
1589 1814 10277 10502
1814 1945 11452 11583
1945 2081 11825 11961
2081 2118 12284 12321

>ENSCHAT00000015630
0 5 1144 1149
5 231 1232 1458
231 306 1678 1753
306 509 2395 2598
509 590 2702 2783
590 681 3308 3399
681 810 3684 3813
810 895 5904 5989
895 988 6134 6227
988 1078 6331 6421
1078 1098 7806 7826
1098 1194 9444 9540
1194 1349 9813 9968
1349 1574 10277 10502
1574 1705 11452 11583
1705 1841 11825 11961
1841 1878 12284 12321

>ENSDCDT00000049892
0 234 1107 1341
234 309 1432 1507
309 512 1605 1808
512 593 2022 2103
593 684 2727 2818
684 813 2905 3034
813 837 3263 3287
837 922 5447 5532
922 1015 5663 5756
1015 1105 6599 6689
1105 1284 6889 7068
1284 1449 7188 7353
1449 1604 7452 7607
1604 1832 7701 7929
1832 1972 8058 8198
1972 2105 8383 8516
2105 2142 8610 8647

>ENSDCDT00000049894
0 234 1107 1341
234 309 1432 1507
309 512 1605 1808
512 593 2022 2103
593 684 2727 2818
684 813 2905 3034
813 898 5447 5532
898 991 5663 5756
991 1081 6599 6689
1081 1260 6889 7068
1260 1425 7188 7353
1425 1580 7452 7607
1580 1808 7701 7929
1808 1948 8058 8198
1948 2081 8383 8516
2081 2118 8610 8647

>ENSDCDT00000049928
0 22 960 982
22 243 1132 1353
243 318 1432 1507
318 521 1605 1808
521 602 2022 2103
602 693 2727 2818
693 822 2905 3034
822 907 5447 5532
907 1024 5639 5756
1024 1114 6599 6689
1114 1293 6889 7068
1293 1458 7188 7353
1458 1613 7452 7607
1613 1841 7701 7929
1841 1981 8058 8198
1981 2114 8383 8516
2114 2151 8610 8647

>ENSDCDT00000049951
0 22 960 982
22 231 1132 1341
231 306 1432 1507
306 509 1605 1808
509 590 2022 2103
590 681 2727 2818
681 810 2905 3034
810 895 5447 5532
895 988 5663 5756
988 1078 6599 6689
1078 1197 7234 7353
1197 1352 7452 7607
1352 1580 7701 7929
1580 1720 8058 8198
1720 1853 8383 8516
1853 1890 8610 8647

>ENSAMXT00000051017
0 225 1896 2121
225 300 2230 2305
300 503 3736 3939
503 584 5014 5095
584 690 5305 5411
690 819 7305 7434
819 904 12952 13037
904 997 14411 14504
997 1087 14606 14696
1087 1266 15868 16047
1266 1431 21152 21317
1431 1586 22270 22425
1586 1817 23535 23766
1817 1957 23871 24011
1957 2093 24991 25127
2093 2130 25246 25283

>ENSAMXT00000003748
0 225 1896 2121
225 300 2230 2305
300 503 3736 3939
503 584 5014 5095
584 690 5305 5411
690 819 7305 7434
819 843 8961 8985
843 928 12952 13037
928 1021 14411 14504
1021 1111 14606 14696
1111 1290 15868 16047
1290 1455 21152 21317
1455 1610 22270 22425
1610 1841 23535 23766
1841 1981 23871 24011
1981 2175 24991 25185

