>ENSPCIT00000065069
0 63 152851 152914
63 258 155076 155271
258 333 160085 160160
333 432 164814 164913
432 615 166860 167043
615 801 171097 171283

>ENSPCIT00000041598
0 63 152851 152914
63 258 155076 155271
258 333 160085 160160
333 432 164814 164913
432 615 166860 167043
615 699 171097 171181
699 747 174458 174506

>ENSPCIT00000054326
0 63 152851 152914
63 258 155076 155271
258 333 160085 160160
333 432 164814 164913
432 615 166860 167043
615 801 171097 171283

>ENSVURT00010016842
0 63 31678 31741
63 258 33998 34193
258 333 39138 39213
333 432 44014 44113
432 615 48936 49119
615 699 53209 53293
699 747 55447 55495

>ENSVURT00010016850
0 129 33532 33661
129 324 33998 34193
324 399 39138 39213
399 498 44014 44113
498 681 48936 49119
681 765 53209 53293
765 813 55447 55495

>ENSMODT00000025237
0 63 0 63
63 258 2369 2564
258 333 5921 5996
333 432 11674 11773
432 615 12592 12775
615 744 23409 23538
744 792 24535 24583

>ENSMODT00000084212
0 63 0 63
63 258 2369 2564
258 333 5921 5996
333 432 11674 11773
432 615 12592 12775
615 906 23409 23700

>ENSSHAT00000007492
0 63 0 63
63 258 3086 3281
258 333 7670 7745
333 356 9655 9678
356 382 12634 12660
382 432 13371 13421
432 615 14797 14980
615 630 15266 15281
630 666 15761 15797
666 702 23696 23732
702 750 24632 24680

>ENSSHAT00000007493
0 63 0 63
63 258 3086 3281
258 333 7670 7745
333 384 11301 11352
384 432 13373 13421
432 648 14797 15013

>ENSSHAT00000007494
0 63 0 63
63 258 3086 3281
258 333 7670 7745
333 432 13322 13421
432 648 14797 15013

