>ENSCHAT00000010707
0 56 2407 2463
56 96 2493 2533
96 216 3018 3138
216 358 4807 4949
358 414 5408 5464
414 543 5742 5871
543 745 6219 6421
745 934 6656 6845
934 1077 8916 9059
1077 1206 9556 9685
1206 1265 10153 10212
1265 1367 10418 10520
1367 1451 10949 11033
1451 1542 11432 11523
1542 1683 12034 12175
1683 1795 12506 12618
1795 1908 12810 12923
1908 2119 13342 13553
2119 2136 14212 14229

>ENSCHAT00000011528
0 126 58 184
126 255 3009 3138
255 372 4807 4924
372 430 5086 5144
430 486 5408 5464
486 615 5742 5871
615 817 6219 6421
817 1006 6656 6845
1006 1149 8916 9059
1149 1278 9556 9685
1278 1424 10374 10520
1424 1508 10949 11033
1508 1599 11432 11523
1599 1740 12034 12175
1740 1852 12506 12618
1852 1965 12810 12923
1965 2172 13342 13549
2172 2310 14000 14138

>ENSCHAT00000011726
0 56 2407 2463
56 96 2493 2533
96 216 3018 3138
216 358 4807 4949
358 414 5408 5464
414 543 5742 5871
543 745 6219 6421
745 934 6656 6845
934 1077 8916 9059
1077 1206 9556 9685
1206 1265 10153 10212
1265 1367 10418 10520
1367 1451 10949 11033
1451 1542 11432 11523
1542 1683 12034 12175
1683 1795 12506 12618
1795 1908 12810 12923
1908 2115 13342 13549
2115 2253 14000 14138

>ENSCHAT00000011988
0 126 58 184
126 255 3009 3138
255 372 4807 4924
372 430 5086 5144
430 486 5408 5464
486 615 5742 5871
615 817 6219 6421
817 1006 6656 6845
1006 1149 8916 9059
1149 1278 9556 9685
1278 1337 10153 10212
1337 1439 10418 10520
1439 1523 10949 11033
1523 1614 11432 11523
1614 1755 12034 12175
1755 1867 12506 12618
1867 1980 12810 12923
1980 2289 13342 13651

>ENSDCDT00000047110
0 126 1525 1651
126 255 2946 3075
255 372 3153 3270
372 427 3446 3501
427 483 3616 3672
483 612 4010 4139
612 814 4221 4423
814 1003 4551 4740
1003 1146 4932 5075
1146 1278 5459 5591
1278 1337 5683 5742
1337 1439 5823 5925
1439 1523 5999 6083
1523 1614 6172 6263
1614 1755 6412 6553
1755 1867 6664 6776
1867 1980 6893 7006
1980 2187 7162 7369
2187 2325 7745 7883

>ENSDCDT00000047121
0 57 1594 1651
57 186 2946 3075
186 346 3153 3313
346 402 3616 3672
402 531 4010 4139
531 733 4221 4423
733 941 4551 4759
941 1068 4948 5075
1068 1200 5459 5591
1200 1259 5683 5742
1259 1361 5823 5925
1361 1404 5967 6010
1404 1485 6182 6263
1485 1626 6412 6553
1626 1738 6664 6776
1738 1851 6893 7006
1851 2058 7162 7369
2058 2196 7745 7883

>ENSDCDT00000047125
0 57 1594 1651
57 186 2946 3075
186 346 3153 3313
346 402 3616 3672
402 531 4010 4139
531 733 4221 4423
733 958 4551 4776
958 1122 5427 5591
1122 1181 5683 5742
1181 1283 5823 5925
1283 1326 5967 6010
1326 1407 6182 6263
1407 1548 6412 6553
1548 1660 6664 6776
1660 1773 6893 7006
1773 1980 7162 7369
1980 2118 7745 7883

