>ENSCHAT00000052865
0 2 0 2
2 54 114 166
54 120 292 358
120 163 1081 1124
163 276 1237 1350
276 394 1541 1659
394 526 2124 2256
526 645 3685 3804
645 735 5049 5139
735 843 5444 5552

>ENSCHAT00000052906
0 2 0 2
2 54 114 166
54 120 292 358
120 163 1081 1124
163 276 1237 1350
276 394 1541 1659
394 517 2124 2247
517 633 3679 3795
633 647 3825 3839
647 717 5069 5139
717 825 5444 5552

>ENSCHAT00000052926
0 2 0 2
2 54 114 166
54 120 292 358
120 163 1081 1124
163 309 1237 1383
309 369 1419 1479

>ENSDCDT00000030262
0 3 67 70
3 26 403 426
26 78 507 559
78 144 646 712
144 187 899 942
187 300 1009 1122
300 418 1250 1368
418 541 1558 1681
541 660 3132 3251
660 750 3521 3611
750 858 4075 4183

>ENSDCDT00000030265
0 2 424 426
2 54 507 559
54 120 646 712
120 163 899 942
163 276 1009 1122
276 394 1250 1368
394 517 1558 1681
517 672 3132 3287
672 780 4075 4183

>ENSDCDT00000030266
0 2 424 426
2 54 507 559
54 120 646 712
120 163 899 942
163 282 1009 1128
282 348 2053 2119

>ENSAMXT00000005551
0 3 165 168
3 26 924 947
26 78 1068 1120
78 144 1509 1575
144 187 1709 1752
187 300 2072 2185
300 418 2376 2494
418 541 2896 3019
541 660 4843 4962
660 750 5099 5189
750 858 5964 6072

