>FBtr0329850
0 60 22532 22592
60 207 25155 25302
207 259 29582 29634
259 357 29918 30016
357 444 30276 30363
444 586 30431 30573
586 779 30627 30820
779 925 31381 31527
925 1070 31746 31891
1070 1247 32830 33007
1247 1409 33244 33406
1409 1771 34205 34567
1771 2025 34637 34891
2025 2196 34950 35121
2196 2330 35341 35475
2330 2680 35758 36108
2680 2805 36167 36292

>FBtr0329851
0 37 29597 29634
37 135 29918 30016
135 222 30276 30363
222 364 30431 30573
364 557 30627 30820
557 703 31381 31527
703 848 31746 31891
848 1025 32830 33007
1025 1187 33244 33406
1187 1549 34205 34567
1549 1803 34637 34891
1803 1974 34950 35121
1974 2108 35341 35475
2108 2458 35758 36108
2458 2583 36167 36292

>FBtr0329849
0 35 2001 2036
35 178 6320 6463
178 273 6531 6626
273 420 25155 25302
420 472 29582 29634
472 570 29918 30016
570 657 30276 30363
657 799 30431 30573
799 992 30627 30820
992 1138 31381 31527
1138 1283 31746 31891
1283 1460 32830 33007
1460 1622 33244 33406
1622 1984 34205 34567
1984 2238 34637 34891
2238 2409 34950 35121
2409 2543 35341 35475
2543 2893 35758 36108
2893 3018 36167 36292

>FBtr0112636
0 37 29597 29634
37 135 29918 30016
135 222 30276 30363
222 364 30431 30573
364 557 30627 30820
557 703 31381 31527
703 848 31746 31891
848 1025 32830 33007
1025 1187 33244 33406
1187 1549 34205 34567
1549 1803 34637 34891
1803 1974 34950 35121
1974 2108 35341 35475
2108 2458 35758 36108
2458 2583 36167 36292

>T20G5.5.1
0 124 0 124
124 201 169 246
201 348 505 652
348 744 921 1317
744 969 1822 2047
969 1061 2104 2196
1061 1418 2242 2599
1418 1636 2652 2870
1636 1740 3362 3466
1740 2627 3522 4409
2627 2718 4458 4549
2718 2922 5202 5406
2922 3030 5717 5825
3030 3117 5872 5959

