>ENSDCDT00000057857
0 9 978 987
9 94 1963 2048
94 189 2559 2654
189 303 2738 2852
303 394 3573 3664
394 474 3761 3841
474 531 3960 4017
531 625 4332 4426
625 721 4581 4677
721 780 4768 4827
780 903 4918 5041
903 962 5840 5899
962 1041 6253 6332
1041 1123 6821 6903
1123 1218 6987 7082
1218 1332 7170 7284
1332 1423 7605 7696
1423 1503 8318 8398
1503 1557 8576 8630
1557 1651 8719 8813
1651 1747 8899 8995
1747 1806 9086 9145
1806 1929 9228 9351
1929 1989 10793 10853

>ENSDCDT00000058135
0 10 1890 1900
10 85 1973 2048
85 180 2559 2654
180 294 2738 2852
294 385 3573 3664
385 465 3761 3841
465 522 3960 4017
522 616 4332 4426
616 712 4581 4677
712 771 4768 4827
771 894 4918 5041
894 953 5840 5899
953 1032 6253 6332
1032 1114 6821 6903
1114 1209 6987 7082
1209 1323 7170 7284
1323 1414 7605 7696
1414 1494 8318 8398
1494 1548 8576 8630
1548 1642 8719 8813
1642 1765 8899 9022
1765 1794 9100 9129
1794 1959 9186 9351
1959 2019 10793 10853

>ENSCHAT00000024277
0 171 2988 3159
171 262 4764 4855
262 342 4950 5030
342 399 5563 5620
399 493 5998 6092
493 589 6734 6830
589 648 6923 6982
648 771 7438 7561
771 830 7821 7880
830 909 8771 8850
909 991 11199 11281
991 1086 11600 11695
1086 1200 12065 12179
1200 1291 13357 13448
1291 1371 13914 13994
1371 1425 14190 14244
1425 1519 14402 14496
1519 1615 14617 14713
1615 1674 14834 14893
1674 1812 15162 15300
1812 1872 16439 16499

>ENSEEET00000020426
0 9 111 120
9 94 1514 1599
94 189 1814 1909
189 303 2099 2213
303 394 5139 5230
394 474 5338 5418
474 531 11836 11893
531 625 12315 12409
625 721 12542 12638
721 780 12792 12851
780 903 13094 13217
903 962 13392 13451
962 1041 13804 13883
1041 1123 14620 14702
1123 1218 14805 14900
1218 1332 15433 15547
1332 1423 16468 16559
1423 1503 17290 17370
1503 1557 17457 17511
1557 1651 17618 17712
1651 1747 18043 18139
1747 1806 18317 18376
1806 1944 19016 19154
1944 2004 20157 20217

>ENSEEET00000020589
0 52 816 868
52 121 1530 1599
121 216 1814 1909
216 330 2099 2213
330 421 5139 5230
421 501 5338 5418
501 558 11836 11893
558 652 12315 12409
652 748 12542 12638
748 807 12792 12851
807 930 13094 13217
930 989 13392 13451
989 1068 13804 13883
1068 1150 14620 14702
1150 1245 14805 14900
1245 1359 15433 15547
1359 1464 16468 16573
1464 1536 17298 17370
1536 1618 17457 17539
1618 1687 17643 17712
1687 1783 18043 18139
1783 1842 18317 18376
1842 1965 19016 19139
1965 2025 20157 20217

>ENSEEET00000020660
0 52 816 868
52 121 1530 1599
121 216 1814 1909
216 330 2099 2213
330 421 5139 5230
421 501 5338 5418
501 558 11836 11893
558 652 12315 12409
652 748 12542 12638
748 807 12792 12851
807 930 13094 13217
930 989 13392 13451
989 1068 13804 13883
1068 1150 14620 14702
1150 1245 14805 14900
1245 1359 15433 15547
1359 1464 16468 16573
1464 1533 17301 17370
1533 1615 17457 17539
1615 1684 17643 17712
1684 1821 18043 18180
1821 1944 19016 19139
1944 2004 20157 20217

>ENSEEET00000020662
0 12 1291 1303
12 97 1514 1599
97 192 1814 1909
192 306 2099 2213
306 397 5139 5230
397 477 5338 5418
477 534 11836 11893
534 628 12315 12409
628 724 12542 12638
724 783 12792 12851
783 906 13094 13217
906 965 13392 13451
965 1044 13804 13883
1044 1126 14620 14702
1126 1221 14805 14900
1221 1335 15433 15547
1335 1426 16468 16559
1426 1506 17290 17370
1506 1560 17457 17511
1560 1654 17618 17712
1654 1750 18043 18139
1750 1809 18317 18376
1809 1932 19016 19139
1932 1992 20157 20217

>ENSEEET00000020928
0 9 111 120
9 94 1514 1599
94 189 1814 1909
189 303 2099 2213
303 394 5139 5230
394 474 5338 5418
474 531 11836 11893
531 625 12315 12409
625 721 12542 12638
721 771 12957 13007
771 894 13094 13217
894 957 13392 13455

>ENSIPUT00000010064
0 9 3037 3046
9 94 7099 7184
94 189 8014 8109
189 303 8501 8615
303 394 14032 14123
394 474 14222 14302
474 531 14887 14944
531 625 15038 15132
625 721 15214 15310
721 780 15398 15457
780 903 16402 16525
903 962 18044 18103
962 1041 19192 19271
1041 1123 20525 20607
1123 1218 21683 21778
1218 1332 21868 21982
1332 1423 23171 23262
1423 1503 26330 26410
1503 1557 26497 26551
1557 1651 26928 27022
1651 1747 27326 27422
1747 1806 27526 27585
1806 1929 29216 29339
1929 1989 35035 35095

>ENSIPUT00000010129
0 13 4674 4687
13 88 7109 7184
88 183 8014 8109
183 297 8501 8615
297 388 14032 14123
388 468 14222 14302
468 525 14887 14944
525 619 15038 15132
619 715 15214 15310
715 774 15398 15457
774 897 16402 16525
897 956 18044 18103
956 1035 19192 19271
1035 1117 20525 20607
1117 1212 21683 21778
1212 1326 21868 21982
1326 1417 23171 23262
1417 1497 26330 26410
1497 1551 26497 26551
1551 1645 26928 27022
1645 1741 27326 27422
1741 1800 27526 27585
1800 1923 29216 29339
1923 1983 35035 35095

>ENSAMXT00000036179
0 9 6174 6183
9 94 11713 11798
94 189 12567 12662
189 303 14172 14286
303 394 22940 23031
394 474 23679 23759
474 531 26679 26736
531 625 26891 26985
625 721 27233 27329
721 780 27422 27481
780 903 29335 29458
903 962 30028 30087
962 1041 30906 30985
1041 1123 32519 32601
1123 1218 32720 32815
1218 1332 34049 34163
1332 1423 37030 37121
1423 1503 40321 40401
1503 1557 40676 40730
1557 1651 44058 44152
1651 1747 44826 44922
1747 1806 45055 45114
1806 1944 48538 48676
1944 2004 52184 52244

>ENSAMXT00000021232
0 21 10185 10206
21 106 11713 11798
106 201 12567 12662
201 315 14172 14286
315 406 22940 23031
406 486 23679 23759
486 543 26679 26736
543 637 26891 26985
637 733 27233 27329
733 792 27422 27481
792 915 29335 29458
915 974 30028 30087
974 1053 30906 30985
1053 1135 32519 32601
1135 1230 32720 32815
1230 1344 34049 34163
1344 1435 37030 37121
1435 1536 40321 40422

