>ENSSFOT00015019902
0 132 815 947
132 259 5538 5665
259 398 7870 8009
398 501 8112 8215
501 591 8630 8720
591 656 8896 8961
656 702 9351 9397
702 812 10491 10601
812 961 11213 11362
961 1085 11879 12003
1085 1182 12651 12748
1182 1290 13087 13195
1290 1423 13524 13657
1423 1512 14239 14328
1512 1671 16362 16521
1671 1746 17912 17987
1746 1834 18266 18354
1834 1941 18437 18544
1941 2057 20918 21034
2057 2201 21170 21314
2201 2322 22014 22135

>ENSPKIT00000002897
0 84 864 948
84 211 4037 4164
211 350 7543 7682
350 453 7776 7879
453 543 8256 8346
543 608 8493 8558
608 654 8921 8967
654 764 9896 10006
764 913 11059 11208
913 1034 11616 11737
1034 1131 12810 12907
1131 1239 13722 13830
1239 1372 14043 14176
1372 1461 14851 14940
1461 1620 16743 16902
1620 1695 18356 18431
1695 1783 19000 19088
1783 1890 19172 19279
1890 2006 21661 21777
2006 2150 22345 22489
2150 2271 22931 23052

>ENSPKIT00000002947
0 84 864 948
84 211 4037 4164
211 350 7543 7682
350 453 7776 7879
453 543 8256 8346
543 608 8493 8558
608 654 8921 8967
654 764 9896 10006
764 913 11059 11208
913 1034 11616 11737
1034 1131 12810 12907
1131 1239 13722 13830
1239 1372 14043 14176
1372 1461 14851 14940
1461 1620 16743 16902
1620 1695 18356 18431
1695 1783 19000 19088
1783 1890 19172 19279
1890 2006 21661 21777
2006 2150 22345 22489
2150 2271 22931 23052

>ENSPKIT00000003009
0 79 4085 4164
79 218 7543 7682
218 321 7776 7879
321 411 8256 8346
411 476 8493 8558
476 522 8921 8967
522 632 9896 10006
632 781 11059 11208
781 902 11616 11737
902 999 12810 12907
999 1107 13722 13830
1107 1240 14043 14176
1240 1329 14851 14940
1329 1488 16743 16902
1488 1563 18356 18431
1563 1651 19000 19088
1651 1758 19172 19279
1758 1874 21661 21777
1874 2018 22345 22489
2018 2139 22931 23052

>ENSAMXT00000007921
0 78 0 78
78 205 6313 6440
205 344 14361 14500
344 447 14590 14693
447 537 16152 16242
537 602 16421 16486
602 648 16592 16638
648 758 18087 18197
758 907 19664 19813
907 1031 21308 21432
1031 1128 22928 23025
1128 1236 25705 25813
1236 1369 26147 26280
1369 1458 27960 28049
1458 1617 30592 30751
1617 1692 35375 35450
1692 1780 35658 35746
1780 1887 37458 37565
1887 2003 43129 43245
2003 2147 44067 44211
2147 2268 44358 44479

