>ENSTRUT00000057294
0 106 12439 12545
106 261 31859 32014
261 406 33953 34098
406 613 34194 34401
613 828 34477 34692
828 959 35279 35410
959 1087 35500 35628
1087 1211 35706 35830
1211 1431 36690 36910

>ENSTRUT00000003868
0 2326 18423 20749
2326 2481 31859 32014
2481 2626 33953 34098
2626 2833 34194 34401
2833 3048 34477 34692
3048 3179 35279 35410
3179 3307 35500 35628
3307 3431 35706 35830
3431 3498 35919 35986

>ENSTNIT00000000156
0 840 0 840
840 1496 1029 1685
1496 2086 1704 2294
2086 2106 9802 9822
2106 2122 12096 12112
2122 2247 12847 12972
2247 2392 14023 14168
2392 2599 14284 14491
2599 2814 14575 14790
2814 2945 15394 15525
2945 3076 15623 15754
3076 3200 15867 15991
3200 3267 16073 16140

>ENSTNIT00000004083
0 840 0 840
840 1496 1029 1685
1496 2086 1704 2294
2086 2117 8022 8053
2117 2241 12848 12972
2241 2386 14023 14168
2386 2593 14284 14491
2593 2808 14575 14790
2808 2939 15394 15525
2939 3070 15623 15754
3070 3194 15867 15991
3194 3261 16073 16140

