>ENSPKIT00000032190
0 70 318 388
70 212 744 886
212 337 1129 1254
337 475 1457 1595
475 542 2031 2098
542 745 2252 2455
745 1025 2730 3010
1025 1121 3154 3250
1121 1296 3348 3523
1296 1351 3969 4024
1351 1436 4845 4930
1436 1565 5185 5314
1565 1638 5433 5506
1638 1710 5600 5672
1710 1799 5793 5882
1799 1959 5968 6128
1959 2384 6784 7209
2384 2505 7311 7432
2505 2610 7622 7727
2610 2707 7882 7979
2707 2780 9227 9300
2780 2880 9813 9913

>ENSPKIT00000032201
0 70 318 388
70 212 744 886
212 337 1129 1254
337 475 1457 1595
475 542 2031 2098
542 745 2252 2455
745 1025 2730 3010
1025 1121 3154 3250
1121 1296 3348 3523
1296 1351 3969 4024
1351 1436 4845 4930
1436 1565 5185 5314
1565 1638 5433 5506
1638 1710 5600 5672
1710 1799 5793 5882
1799 1959 5968 6128
1959 2093 6784 6918
2093 2234 7068 7209
2234 2355 7311 7432
2355 2460 7622 7727
2460 2557 7882 7979
2557 2630 9227 9300
2630 2730 9813 9913

>ENSSFOT00015014647
0 224 0 224
224 395 4280 4451
395 520 5054 5179
520 758 5891 6129
758 854 7245 7341
854 1029 7791 7966
1029 1118 8268 8357
1118 1243 9464 9589
1243 1253 9622 9632
1253 1269 9716 9732
1269 1341 10069 10141
1341 1430 11043 11132
1430 1590 11471 11631
1590 1724 12075 12209
1724 1865 12300 12441
1865 1986 12588 12709
1986 2091 12935 13040
2091 2188 13184 13281
2188 2261 13576 13649
2261 2361 13851 13951

>ENSPKIT00000019110
0 70 368 438
70 209 1113 1252
209 334 2887 3012
334 490 3424 3580
490 563 4310 4383
563 739 5561 5737
739 1127 9560 9948
1127 1223 10144 10240
1223 1473 10338 10588
1473 1528 10683 10738
1528 1613 10839 10924
1613 1742 11005 11134
1742 1815 11227 11300
1815 1887 11395 11467
1887 1976 11565 11654
1976 2136 11740 11900
2136 2270 12006 12140
2270 2411 12221 12362
2411 2532 12814 12935
2532 2637 13061 13166
2637 2734 13256 13353
2734 2807 13437 13510
2807 2907 14004 14104

>ENSPKIT00000019173
0 70 368 438
70 209 1113 1252
209 334 2887 3012
334 578 3424 3668
578 959 9859 10240
959 1088 10338 10467
1088 1137 10539 10588
1137 1192 10683 10738
1192 1277 10839 10924
1277 1406 11005 11134
1406 1479 11227 11300
1479 1551 11395 11467
1551 1640 11565 11654
1640 1800 11740 11900
1800 1934 12006 12140
1934 2075 12221 12362
2075 2196 12814 12935
2196 2301 13061 13166
2301 2398 13256 13353
2398 2471 13437 13510
2471 2571 14004 14104

>ENSSFOT00015006899
0 70 8546 8616
70 209 8883 9022
209 334 13308 13433
334 487 13899 14052
487 548 14650 14711
548 754 15540 15746
754 1082 17413 17741
1082 1178 17846 17942
1178 1353 18114 18289
1353 1408 18894 18949
1408 1493 19610 19695
1493 1622 19813 19942
1622 1695 20216 20289
1695 1767 20373 20445
1767 1856 20629 20718
1856 2016 20842 21002
2016 2150 22238 22372
2150 2291 22542 22683
2291 2412 24302 24423
2412 2517 24560 24665
2517 2614 24807 24904
2614 2687 25051 25124
2687 2787 25645 25745

>ENSSFOT00015006917
0 70 8546 8616
70 209 8883 9022
209 334 13308 13433
334 487 13899 14052
487 548 14650 14711
548 754 15540 15746
754 1082 17413 17741
1082 1178 17846 17942
1178 1353 18114 18289
1353 1408 18894 18949
1408 1493 19610 19695
1493 1622 19813 19942
1622 1695 20216 20289
1695 1767 20373 20445
1767 1856 20629 20718
1856 2016 20842 21002
2016 2150 22238 22372
2150 2291 22542 22683
2291 2412 24302 24423
2412 2517 24560 24665
2517 2614 24807 24904
2614 2687 25051 25124
2687 2787 25645 25745

>ENSAMXT00000019600
0 70 20586 20656
70 209 20774 20913
209 334 27268 27393
334 478 28558 28702
478 545 28997 29064
545 727 32179 32361
727 1058 33792 34123
1058 1154 35513 35609
1154 1329 35708 35883
1329 1384 37498 37553
1384 1469 37699 37784
1469 1598 38480 38609
1598 1671 38743 38816
1671 1743 38930 39002
1743 1832 39201 39290
1832 1992 42050 42210
1992 2126 43385 43519
2126 2267 44071 44212
2267 2388 44306 44427
2388 2493 46377 46482
2493 2590 46604 46701
2590 2663 46826 46899
2663 2763 48070 48170

