>C17H12.6a.1
0 79 0 79
79 189 128 238
189 302 297 410
302 421 484 603
421 534 645 758
534 891 799 1156
891 1074 1234 1417

>C17H12.6b.1
0 79 0 79
79 189 128 238
189 302 297 410
302 421 484 603
421 534 645 758
534 567 914 947

>C17H12.8.1
0 52 119 171
52 159 225 332
159 272 432 545
272 391 1002 1121
391 504 1167 1280
504 861 1328 1685
861 1047 1756 1942

>C17H12.8.2
0 52 119 171
52 159 225 332
159 272 432 545
272 391 1002 1121
391 504 1167 1280
504 861 1328 1685
861 1047 1756 1942

>F08G5.6.1
0 52 49 101
52 162 145 255
162 275 308 421
275 394 466 585
394 507 633 746
507 867 1132 1492
867 1038 2218 2389

>F08G5.6.2
0 52 49 101
52 162 145 255
162 275 308 421
275 394 466 585
394 507 633 746
507 867 1132 1492
867 1038 2218 2389

>H20E11.3.1
0 58 0 58
58 168 104 214
168 293 275 400
293 412 445 564
412 534 608 730
534 906 1207 1579
906 1086 1687 1867

>H20E11.2.1
0 61 0 61
61 171 107 217
171 296 258 383
296 415 433 552
415 537 596 718
537 909 1053 1425
909 1092 1531 1714

>H20E11.1a.1
0 73 89 162
73 183 211 321
183 296 368 481
296 409 786 899
409 513 944 1048
513 873 1093 1453
873 1144 2002 2273
1144 1268 2318 2442
1268 1393 2866 2991
1393 1446 3042 3095

