>F53A2.3.1
0 82 8 90
82 172 733 823
172 339 878 1045
339 465 1229 1355
465 693 1411 1639
693 887 2357 2551
887 966 2640 2719

>T25D1.1.1
0 432 0 432
432 465 1302 1335
465 510 1377 1422
510 702 1467 1659
702 805 1705 1808
805 896 1856 1947
896 1007 1997 2108
1007 1170 2650 2813

>T25D1.2.1
0 52 0 52
52 346 101 395
346 430 441 525
430 569 568 707
569 815 1273 1519
815 1041 1569 1795
1041 1306 1878 2143
1306 1458 2366 2518
1458 1665 2563 2770
1665 1814 2815 2964
1814 2412 3013 3611

>C36C9.4.1
0 130 0 130
130 214 176 260
214 353 303 442
353 599 1109 1355
599 825 1405 1631
825 1090 1714 1979
1090 1242 2244 2396
1242 1449 2441 2648
1449 1598 2694 2843
1598 1803 2892 3097

>T27A8.5.1
0 104 0 104
104 353 682 931
353 579 976 1202
579 844 1249 1514
844 990 1560 1706
990 1209 1748 1967
1209 1401 2375 2567
1401 1498 2619 2716
1498 1589 2763 2854
1589 1704 2903 3018

>R12C12.7.1
0 136 403 539
136 271 590 725
271 349 768 846
349 473 897 1021
473 639 1068 1234

>R12C12.7.2
0 136 403 539
136 271 590 725
271 349 768 846
349 473 897 1021
473 639 1068 1234

>Y74C9A.1.1
0 229 0 229
229 434 297 502
434 478 548 592
478 575 639 736
575 732 788 945

