>C30F8.4a.1
0 78 35 113
78 178 1673 1773
178 278 1821 1921
278 473 2093 2288
473 564 2774 2865
564 783 2917 3136
783 1863 3246 4326
1863 1938 4374 4449
1938 2184 4498 4744
2184 2472 6466 6754
2472 2604 7188 7320

>C30F8.4b.1
0 71 1850 1921
71 266 2093 2288
266 357 2774 2865
357 576 2917 3136
576 1656 3246 4326
1656 1731 4374 4449
1731 1977 4498 4744
1977 2265 6466 6754
2265 2397 7188 7320

>C30F8.4b.2
0 71 1850 1921
71 266 2093 2288
266 357 2774 2865
357 576 2917 3136
576 1656 3246 4326
1656 1731 4374 4449
1731 1977 4498 4744
1977 2265 6466 6754
2265 2397 7188 7320

>F40A3.5.1
0 130 93 223
130 205 267 342
205 351 459 605
351 469 717 835
469 543 911 985
543 938 1036 1431
938 995 1482 1539
995 1191 1813 2009

>F40A3.5.2
0 130 93 223
130 205 267 342
205 351 459 605
351 469 717 835
469 543 911 985
543 938 1036 1431
938 995 1482 1539
995 1191 1813 2009

>FBtr0301882
0 49 663 712
49 752 780 1483
752 862 1542 1652
862 1098 1710 1946
1098 1594 2009 2505
1594 1727 2567 2700
1727 1860 2757 2890
1860 2005 2951 3096
2005 2210 3151 3356
2210 2350 3417 3557
2350 2490 3618 3758
2490 2580 4867 4957
2580 3029 5019 5468
3029 3140 5522 5633
3140 3594 5697 6151

>FBtr0114605
0 49 663 712
49 752 780 1483
752 862 1542 1652
862 1098 1710 1946
1098 1594 2009 2505
1594 1727 2567 2700
1727 1860 2757 2890
1860 2005 2951 3096
2005 2210 3151 3356
2210 2350 3417 3557
2350 3396 3618 4664
3396 3486 4867 4957
3486 3935 5019 5468
3935 4046 5522 5633
4046 4500 5697 6151

>FBtr0086543
0 49 663 712
49 752 780 1483
752 862 1542 1652
862 1098 1710 1946
1098 1594 2009 2505
1594 1727 2567 2700
1727 1860 2757 2890
1860 2005 2951 3096
2005 2210 3151 3356
2210 2350 3417 3557
2350 2490 3618 3758
2490 2580 4867 4957
2580 3035 5013 5468
3035 3146 5522 5633
3146 3600 5697 6151

>FBtr0301883
0 49 663 712
49 752 780 1483
752 862 1542 1652
862 1098 1710 1946
1098 1594 2009 2505
1594 1727 2567 2700
1727 1860 2757 2890
1860 2005 2951 3096
2005 2210 3151 3356
2210 2350 3417 3557
2350 2490 3618 3758
2490 2580 4867 4957
2580 3035 5013 5468
3035 3146 5522 5633
3146 3600 5697 6151

>FBtr0086544
0 49 663 712
49 752 780 1483
752 862 1542 1652
862 1098 1710 1946
1098 1594 2009 2505
1594 1727 2567 2700
1727 1860 2757 2890
1860 2005 2951 3096
2005 2210 3151 3356
2210 2350 3417 3557
2350 2490 3618 3758
2490 2580 4867 4957
2580 3035 5013 5468
3035 3146 5522 5633
3146 3600 5697 6151

>FBtr0086542
0 49 663 712
49 752 780 1483
752 862 1542 1652
862 1098 1710 1946
1098 1594 2009 2505
1594 1727 2567 2700
1727 1860 2757 2890
1860 2005 2951 3096
2005 2210 3151 3356
2210 2350 3417 3557
2350 2490 3618 3758
2490 2580 4867 4957
2580 3035 5013 5468
3035 3146 5522 5633
3146 3600 5697 6151

>ENSCINT00000007661
0 32 11352 11384
32 141 11631 11740
141 313 12941 13113
313 405 13609 13701
405 548 14239 14382
548 744 14642 14838
744 849 15905 16010
849 937 17457 17545
937 956 17563 17582
956 1094 18448 18586
1094 1110 28786 28802
1110 1156 29307 29353
1156 1273 31216 31333
1273 1324 31540 31591
1324 1415 31922 32013
1415 1513 32185 32283
1513 1614 32511 32612
1614 1730 32974 33090
1730 1831 33341 33442
1831 1921 33697 33787
1921 2066 34108 34253
2066 2126 35209 35269
2126 2229 50584 50687
2229 2243 53978 53992
2243 2247 54004 54008
2247 2346 55992 56091
2346 2449 57023 57126
2449 2454 57299 57304
2454 2565 57318 57429
2565 2721 57762 57918
2721 2911 58159 58349
2911 3042 58645 58776

>ENSEBUT00000028106
0 53 24642 24695
53 141 26186 26274
141 221 37707 37787
221 290 44807 44876
290 348 46509 46567
348 489 48573 48714
489 567 52487 52565
567 669 61609 61711
669 787 63618 63736
787 856 65596 65665
856 954 71287 71385
954 1033 72099 72178
1033 1134 72417 72518
1134 1250 74497 74613
1250 1351 75009 75110
1351 1456 90200 90305
1456 1661 90943 91148
1661 1776 97101 97216
1776 1858 105960 106042
1858 1956 106388 106486
1956 2100 122236 122380
2100 2187 122873 122960

>ENSEBUT00000028114
0 53 24642 24695
53 141 26186 26274
141 221 37707 37787
221 279 46509 46567
279 420 48573 48714
420 498 52487 52565
498 600 61609 61711
600 718 63618 63736
718 787 65596 65665
787 885 71287 71385
885 964 72099 72178
964 1065 72417 72518
1065 1181 74497 74613
1181 1282 75009 75110
1282 1387 90200 90305
1387 1592 90943 91148
1592 1707 97101 97216
1707 1789 105960 106042
1789 1887 106388 106486
1887 2031 122236 122380
2031 2118 122873 122960

>ENSEBUT00000028117
0 53 24642 24695
53 141 26186 26274
141 221 37707 37787
221 290 44807 44876
290 348 46509 46567
348 489 48573 48714
489 567 52487 52565
567 669 61609 61711
669 787 63618 63736
787 856 65596 65665
856 954 71287 71385
954 1033 72099 72178
1033 1138 90200 90305
1138 1343 90943 91148
1343 1458 97101 97216
1458 1540 105960 106042
1540 1638 106388 106486
1638 1782 122236 122380
1782 1869 122873 122960

>ENSEBUT00000028122
0 53 24642 24695
53 141 26186 26274
141 221 37707 37787
221 290 44807 44876
290 348 46509 46567
348 489 48573 48714
489 567 52487 52565
567 669 61609 61711
669 787 63618 63736
787 856 65596 65665
856 954 71287 71385
954 1033 72099 72178
1033 1134 72417 72518
1134 1250 74497 74613
1250 1351 75009 75110
1351 1456 90200 90305
1456 1661 90943 91148
1661 1776 97101 97216
1776 1830 97599 97653

