>ENSSFOT00015027837
0 210 0 210
210 287 310 387
287 371 697 781
371 569 876 1074
569 648 1217 1296
648 750 1381 1483

>ENSPKIT00000042273
0 36 0 36
36 117 1327 1408
117 331 1699 1913
331 561 2872 3102
561 638 5327 5404
638 722 5599 5683
722 920 6206 6404
920 999 6764 6843
999 1101 6939 7041

>ENSPKIT00000042294
0 36 0 36
36 250 1699 1913
250 480 2872 3102
480 557 5327 5404
557 641 5599 5683
641 839 6206 6404
839 918 6764 6843
918 1020 6939 7041

>ENSPKIT00000042302
0 99 1309 1408
99 313 1699 1913
313 543 2872 3102
543 620 5327 5404
620 704 5599 5683
704 902 6206 6404
902 981 6764 6843
981 1083 6939 7041

