>ENSSFOT00015033204
0 2 464 466
2 174 31345 31517
174 260 33691 33777
260 364 34271 34375
364 488 36260 36384
488 675 36820 37007

>ENSSFOT00015033215
0 153 31364 31517
153 239 33691 33777
239 343 34271 34375
343 467 36260 36384
467 654 36820 37007

>ENSPKIT00000018349
0 153 19 172
153 239 1190 1276
239 343 8075 8179
343 467 11930 12054
467 654 12705 12892

>ENSCHAT00000036412
0 2 333 335
2 174 24285 24457
174 260 26655 26741
260 364 28469 28573
364 488 28920 29044
488 675 29805 29992

>ENSCHAT00000036430
0 2 23326 23328
2 174 24285 24457
174 260 26655 26741
260 364 28469 28573
364 488 28920 29044
488 675 29805 29992

>ENSDCDT00000000351
0 2 374 376
2 174 19969 20141
174 260 22822 22908
260 364 24749 24853
364 488 25337 25461
488 675 26168 26355

>ENSDCDT00000000355
0 2 19310 19312
2 174 19969 20141
174 260 22822 22908
260 364 24749 24853
364 488 25337 25461
488 675 26168 26355

>ENSAMXT00000044069
0 153 19 172
153 239 3184 3270
239 343 9492 9596
343 467 9729 9853
467 654 11704 11891

