>F42A9.5.1
0 82 217 299
82 167 349 434
167 316 482 631
316 429 678 791
429 561 835 967
561 697 1012 1148
697 860 1193 1356
860 1071 1422 1633
1071 1209 1791 1929
1209 1485 1976 2252

>C49C8.4.1
0 82 249 331
82 167 377 462
167 316 570 719
316 429 784 897
429 561 945 1077
561 697 1121 1257
697 860 1380 1543
860 1071 1588 1799
1071 1209 2389 2527
1209 1485 2572 2848

>C49C8.4.2
0 82 249 331
82 167 377 462
167 316 570 719
316 429 784 897
429 561 945 1077
561 697 1121 1257
697 860 1380 1543
860 1071 1588 1799
1071 1209 2389 2527
1209 1485 2572 2848

>F42A9.4.1
0 82 0 82
82 167 128 213
167 316 259 408
316 711 455 850

