>ENSEBUT00000015514
0 133 24671 24804
133 438 24901 25206
438 625 28506 28693
625 822 28781 28978

>ENSCINT00000035241
0 81 77 158
81 209 4055 4183
209 270 5451 5512
270 373 6437 6540
373 510 8455 8592
510 527 8951 8968
527 607 9446 9526
607 625 12745 12763
625 701 13873 13949
701 810 14343 14452
810 973 15070 15233
973 1149 15292 15468
1149 1292 15681 15824
1292 1387 16089 16184
1387 1569 16917 17099

>F25H8.3a.1
0 91 7658 7749
91 154 7812 7875
154 404 7922 8172
404 579 8222 8397
579 646 8440 8507
646 796 8551 8701
796 1344 9731 10279
1344 1439 10324 10419
1439 1596 10468 10625
1596 1707 10675 10786
1707 1856 10841 10990
1856 2185 11378 11707
2185 2395 11757 11967
2395 2837 12064 12506
2837 3708 12557 13428
3708 3969 13485 13746
3969 4455 13792 14278
4455 4614 14329 14488
4614 4896 14532 14814
4896 5067 15993 16164
5067 5241 16223 16397
5241 5415 16870 17044
5415 5767 17090 17442
5767 5948 17488 17669
5948 6085 17717 17854
6085 6282 17951 18148
6282 6453 18196 18367

>F25H8.3b.1
0 91 7658 7749
91 154 7812 7875
154 404 7922 8172
404 579 8222 8397
579 646 8440 8507
646 796 8551 8701
796 1344 9731 10279
1344 1439 10324 10419
1439 1596 10468 10625
1596 1707 10675 10786
1707 1856 10841 10990
1856 1901 11078 11123
1901 2230 11378 11707
2230 2440 11757 11967
2440 2882 12064 12506
2882 3753 12557 13428
3753 4014 13485 13746
4014 4500 13792 14278
4500 4659 14329 14488
4659 4941 14532 14814
4941 5112 15993 16164
5112 5286 16223 16397
5286 5460 16870 17044
5460 5812 17090 17442
5812 5993 17488 17669
5993 6130 17717 17854
6130 6327 17951 18148
6327 6498 18196 18367

