>ENSATET00000011413
0 87 0 87
87 513 2774 3200

>ENSGWIT00000015828
0 88 439 527
88 516 2348 2776
516 688 63076 63248
688 894 113556 113762
894 978 130247 130331
978 1135 132015 132172
1135 1241 132736 132842
1241 1385 133443 133587
1385 1518 133685 133818
1518 1632 136013 136127
1632 1778 136219 136365
1778 1954 136459 136635
1954 2088 140692 140826
2088 2212 141955 142079
2212 2293 142531 142612
2293 2457 142699 142863
2457 2614 142944 143101
2614 2750 143208 143344
2750 2958 143481 143689
2958 3088 144748 144878
3088 3169 146558 146639
3169 5127 149645 151603

>ENSGWIT00000015918
0 133 1445 1578
133 234 2348 2449
234 465 2545 2776
465 637 63076 63248
637 843 113556 113762
843 927 130247 130331
927 1084 132015 132172
1084 1190 132736 132842
1190 1334 133443 133587
1334 1467 133685 133818
1467 1581 136013 136127
1581 1727 136219 136365
1727 1903 136459 136635
1903 2037 140692 140826
2037 2161 141955 142079
2161 2242 142531 142612
2242 2413 142699 142870
2413 2548 142966 143101
2548 2684 143208 143344
2684 2892 143481 143689
2892 3016 144748 144872
3016 3123 149645 149752
3123 3164 151984 152025
3164 3246 152094 152176

>ENSGWIT00000016025
0 52 2249 2301
52 480 2348 2776
480 622 63076 63218
622 822 113562 113762
822 906 130247 130331
906 1063 132015 132172
1063 1169 132736 132842
1169 1313 133443 133587
1313 1446 133685 133818
1446 1560 136013 136127
1560 1706 136219 136365
1706 1882 136459 136635
1882 2016 140692 140826
2016 2140 141955 142079
2140 2221 142531 142612
2221 2385 142699 142863
2385 2536 142950 143101
2536 2672 143208 143344
2672 2880 143481 143689
2880 3014 144748 144882
3014 3045 145954 145985
3045 3268 149623 149846
3268 3468 152040 152240

>ENSGWIT00000016033
0 12 2289 2301
12 429 2359 2776
429 549 63076 63196
549 608 91536 91595
608 756 113614 113762
756 840 130247 130331
840 997 132015 132172
997 1103 132736 132842
1103 1247 133443 133587
1247 1380 133685 133818
1380 1494 136013 136127
1494 1640 136219 136365
1640 1816 136459 136635
1816 1950 140692 140826
1950 2074 141955 142079
2074 2155 142531 142612
2155 2319 142699 142863
2319 2470 142950 143101
2470 2606 143208 143344
2606 2814 143481 143689
2814 2950 144748 144884
2950 3180 149597 149827
3180 3270 151740 151830

>ENSAPOT00000004264
0 213 0 213
213 627 437 851
627 778 52544 52695
778 984 90009 90215
984 1068 102353 102437
1068 1225 104166 104323
1225 1331 105139 105245
1331 1475 106650 106794
1475 1608 107636 107769
1608 1722 109640 109754
1722 1868 109850 109996
1868 2044 110290 110466
2044 2178 112253 112387
2178 2302 112474 112598
2302 2383 113094 113175
2383 2547 113272 113436
2547 2683 113618 113754
2683 2819 114416 114552
2819 3027 114739 114947
3027 3161 115158 115292
3161 3466 119987 120292
3466 3561 124458 124553

>ENSSPAT00000000151
0 79 0 79
79 444 125 490
444 595 58646 58797
595 795 95223 95423
795 879 106889 106973
879 1036 108761 108918
1036 1142 109857 109963
1142 1286 111599 111743
1286 1419 112678 112811
1419 1533 114730 114844
1533 1679 114949 115095
1679 1855 115360 115536
1855 1989 117440 117574
1989 2113 117681 117805
2113 2194 118328 118409
2194 2358 118518 118682
2358 2520 118815 118977
2520 2648 119067 119195
2648 2856 119933 120141
2856 2986 120368 120498
2986 3073 122045 122132
3073 3366 125399 125692
3366 3492 127507 127633

>ENSXMAT00000023842
0 88 752 840
88 513 4476 4901
513 688 61097 61272
688 894 100186 100392
894 978 109071 109155
978 1135 110656 110813
1135 1241 111613 111719
1241 1385 111925 112069
1385 1518 112589 112722
1518 1548 113416 113446
1548 1662 116652 116766
1662 1808 116859 117005
1808 1969 117669 117830
1969 2103 121813 121947
2103 2227 122033 122157
2227 2308 122585 122666
2308 2472 122765 122929
2472 2629 123030 123187
2629 2765 123291 123427
2765 2973 124402 124610
2973 3103 124735 124865
3103 3190 125498 125585
3190 6318 129126 132254

>ENSXMAT00000008787
0 88 752 840
88 513 4476 4901
513 688 61097 61272
688 894 100186 100392
894 978 109071 109155
978 1135 110656 110813
1135 1241 111613 111719
1241 1385 111925 112069
1385 1518 112589 112722
1518 1632 116652 116766
1632 1778 116859 117005
1778 1939 117669 117830
1939 2073 121813 121947
2073 2197 122033 122157
2197 2278 122585 122666
2278 2442 122765 122929
2442 2599 123030 123187
2599 2735 123291 123427
2735 2943 124402 124610
2943 3073 124735 124865
3073 3160 125498 125585
3160 6288 129126 132254

>ENSXCOT00000004321
0 87 0 87
87 510 3719 4142

>ENSGAFT00000012724
0 88 206 294
88 513 3228 3653
513 688 52980 53155
688 894 86800 87006
894 978 96380 96464
978 1135 97990 98147
1135 1241 98956 99062
1241 1385 99267 99411
1385 1518 99798 99931
1518 1632 103762 103876
1632 1778 103971 104117
1778 1939 104582 104743
1939 2073 107964 108098
2073 2197 108184 108308
2197 2278 108726 108807
2278 2442 108903 109067
2442 2599 109168 109325
2599 2735 109425 109561
2735 2943 110785 110993
2943 3073 111120 111250
3073 3160 111889 111976
3160 6258 115535 118633

>ENSPMET00000004245
0 61 0 61
61 486 2522 2947
486 609 63348 63471
609 622 86041 86054
622 828 106708 106914
828 912 119082 119166
912 1069 120712 120869
1069 1175 121724 121830
1175 1319 122041 122185
1319 1452 122675 122808
1452 1566 126556 126670
1566 1712 126765 126911
1712 1873 127662 127823
1873 2007 131900 132034
2007 2131 132124 132248
2131 2212 132693 132774
2212 2376 132876 133040
2376 2512 133162 133298
2512 2648 133402 133538
2648 2856 134760 134968
2856 2992 135050 135186
2992 3231 139496 139735
3231 3474 146048 146291

>ENSPRET00000005564
0 200 0 200
200 274 4701 4775
274 276 4826 4828
276 489 4864 5077
489 608 60738 60857
608 843 94483 94718
843 927 103737 103821
927 1084 105330 105487
1084 1190 106307 106413
1190 1334 106618 106762
1334 1467 107242 107375
1467 1581 111104 111218
1581 1727 111312 111458
1727 1888 112228 112389
1888 2022 117251 117385
2022 2146 117475 117599
2146 2227 118042 118123
2227 2391 118225 118389
2391 2527 118511 118647
2527 2663 118755 118891
2663 2871 120098 120306
2871 3007 120435 120571
3007 3364 124515 124872
3364 3423 131101 131160

>ENSPFOT00000006930
0 88 129 217
88 513 3929 4354
513 688 55628 55803
688 894 89356 89562
894 978 99318 99402
978 1135 100950 101107
1135 1241 101959 102065
1241 1385 107778 107922
1385 1518 108414 108547
1518 1632 112294 112408
1632 1778 112503 112649
1778 1939 113400 113561
1939 2073 117746 117880
2073 2197 117970 118094
2197 2278 118539 118620
2278 2442 118723 118887
2442 2599 118988 119145
2599 2735 119251 119387
2735 2943 120612 120820
2943 3073 120902 121032
3073 3160 121687 121774
3160 6480 125421 128741

>ENSPFOT00000022609
0 169 55634 55803
169 375 89356 89562
375 459 99318 99402
459 616 106452 106609
616 722 107461 107567
722 866 107778 107922
866 999 108414 108547
999 1113 112294 112408
1113 1259 112503 112649
1259 1420 113400 113561
1420 1554 117746 117880
1554 1678 117970 118094
1678 1759 118539 118620
1759 1923 118723 118887
1923 2080 118988 119145
2080 2216 119251 119387
2216 2424 120612 120820
2424 2554 120902 121032
2554 2641 121687 121774
2641 2822 125421 125602
2822 2856 126701 126735
2856 2889 127841 127874
2889 3069 128543 128723

>ENSPLAT00000006728
0 87 0 87
87 510 3788 4211

>ENSFHET00000019130
0 88 112 200
88 513 3467 3892
513 688 77200 77375
688 894 134262 134468
894 978 152133 152217
978 1135 153667 153824
1135 1241 154793 154899
1241 1374 156694 156827
1374 1488 159664 159778
1488 1634 159865 160011
1634 1795 162128 162289
1795 1929 167901 168035
1929 2053 168123 168247
2053 2134 168683 168764
2134 2298 168866 169030
2298 2455 169128 169285
2455 2591 169366 169502
2591 2799 170188 170396
2799 2929 170521 170651
2929 3016 172409 172496
3016 5340 176332 178656

>ENSFHET00000019138
0 88 112 200
88 513 3467 3892
513 688 77200 77375
688 894 134262 134468
894 978 152133 152217
978 1135 153667 153824
1135 1241 154793 154899
1241 1385 155127 155271
1385 1518 156694 156827
1518 1632 159664 159778
1632 1778 159865 160011
1778 1939 162128 162289
1939 2073 167901 168035
2073 2197 168123 168247
2197 2278 168683 168764
2278 2442 168866 169030
2442 2599 169128 169285
2599 2735 169366 169502
2735 2943 170188 170396
2943 3073 170521 170651
3073 3160 172409 172496
3160 5484 176332 178656

>ENSCVAT00000025774
0 29 786 815
29 504 5043 5518
504 567 77877 77940
567 819 134077 134329
819 903 151172 151256
903 1060 152642 152799
1060 1166 153511 153617
1166 1310 153843 153987
1310 1443 155805 155938
1443 1557 159215 159329
1557 1703 159426 159572
1703 1864 159822 159983
1864 1998 165786 165920
1998 2122 166006 166130
2122 2203 166544 166625
2203 2367 166713 166877
2367 2503 166983 167119
2503 2639 167217 167353
2639 2847 168386 168594
2847 2983 168695 168831
2983 3214 173791 174022
3214 3411 176061 176258

>ENSCVAT00000025814
0 88 433 521
88 513 5093 5518
513 688 77877 78052
688 894 134123 134329
894 978 151172 151256
978 1135 152642 152799
1135 1241 153511 153617
1241 1385 153843 153987
1385 1518 155805 155938
1518 1632 159215 159329
1632 1778 159426 159572
1778 1939 159822 159983
1939 2073 165786 165920
2073 2197 166006 166130
2197 2278 166544 166625
2278 2442 166713 166877
2442 2599 166962 167119
2599 2735 167217 167353
2735 2943 168386 168594
2943 3073 168695 168825
3073 3160 169564 169651
3160 4620 173812 175272

>ENSCVAT00000025828
0 88 433 521
88 513 5093 5518
513 688 77877 78052
688 894 134123 134329
894 978 151172 151256
978 1135 152642 152799
1135 1241 153511 153617
1241 1385 153843 153987
1385 1518 155805 155938
1518 1548 156594 156624
1548 1662 159215 159329
1662 1808 159426 159572
1808 1969 159822 159983
1969 2103 165786 165920
2103 2227 166006 166130
2227 2308 166544 166625
2308 2472 166713 166877
2472 2629 166962 167119
2629 2765 167217 167353
2765 2973 168386 168594
2973 3103 168695 168825
3103 3190 169564 169651
3190 4650 173812 175272

>ENSKMAT00000006289
0 88 556 644
88 513 2323 2748
513 691 54844 55022
691 897 93856 94062
897 981 106372 106456
981 1138 108098 108255
1138 1244 109478 109584
1244 1388 109822 109966
1388 1521 110432 110565
1521 1551 111299 111329
1551 1665 112399 112513
1665 1811 112597 112743
1811 1972 113733 113894
1972 2106 116529 116663
2106 2230 116733 116857
2230 2311 117343 117424
2311 2475 117518 117682
2475 2632 117872 118029
2632 2768 118108 118244
2768 2976 118812 119020
2976 3106 119188 119318
3106 3193 119897 119984
3193 6159 123132 126098

>ENSKMAT00000006312
0 88 556 644
88 513 2323 2748
513 691 54844 55022
691 897 93856 94062
897 981 106372 106456
981 1138 108098 108255
1138 1244 109478 109584
1244 1388 109822 109966
1388 1521 110432 110565
1521 1635 112399 112513
1635 1781 112597 112743
1781 1942 113733 113894
1942 2076 116529 116663
2076 2200 116733 116857
2200 2281 117343 117424
2281 2445 117518 117682
2445 2602 117872 118029
2602 2738 118108 118244
2738 2946 118812 119020
2946 3076 119188 119318
3076 3163 119897 119984
3163 6129 123132 126098

>ENSORLT00000030856
0 88 790 878
88 489 2637 3038
489 667 69168 69346
667 873 110340 110546
873 957 123935 124019
957 1114 125422 125579
1114 1220 126258 126364
1220 1364 126572 126716
1364 1497 128346 128479
1497 1527 129165 129195
1527 1641 130819 130933
1641 1787 131037 131183
1787 1948 131726 131887
1948 2082 133405 133539
2082 2206 133615 133739
2206 2287 134125 134206
2287 2460 134301 134474
2460 2753 134566 134859
2753 2961 134941 135149
2961 3091 135642 135772
3091 3178 136737 136824
3178 5517 140645 142984

>ENSORLT00000032916
0 88 790 878
88 489 2637 3038
489 667 69168 69346
667 873 110340 110546
873 957 123935 124019
957 1114 125422 125579
1114 1220 126258 126364
1220 1364 126572 126716
1364 1497 128346 128479
1497 1611 130819 130933
1611 1757 131037 131183
1757 1918 131726 131887
1918 2052 133405 133539
2052 2176 133615 133739
2176 2257 134125 134206
2257 2430 134301 134474
2430 2723 134566 134859
2723 2931 134941 135149
2931 3061 135642 135772
3061 3148 136737 136824
3148 5487 140645 142984

