>ENSPCIT00000034981
0 91 168 259
91 346 2374 2629
346 491 4919 5064
491 693 6382 6584
693 786 10908 11001
786 839 11817 11870
839 1011 13037 13209
1011 1230 14326 14545
1230 1328 15724 15822
1328 1452 16667 16791
1452 1598 18264 18410
1598 1692 20241 20335
1692 1791 21672 21771
1791 1922 24306 24437
1922 2079 27323 27480
2079 2304 31096 31321
2304 2454 32112 32262
2454 2585 37085 37216
2585 2730 45303 45448
2730 2868 50314 50452
2868 2926 53914 53972
2926 3063 55017 55154

>ENSVURT00010022806
0 91 132 223
91 352 2014 2275
352 497 4521 4666
497 699 5881 6083
699 792 10535 10628
792 845 11430 11483
845 1011 13210 13376
1011 1230 14402 14621
1230 1328 15811 15909
1328 1452 16732 16856
1452 1598 18319 18465
1598 1692 20252 20346
1692 1791 21489 21588
1791 1922 24349 24480
1922 2079 27493 27650
2079 2304 30661 30886
2304 2454 31673 31823
2454 2585 36627 36758
2585 2730 44739 44884
2730 2868 49733 49871
2868 2926 53097 53155
2926 3063 54167 54304

>ENSSHAT00000016077
0 91 132 223
91 346 2806 3061
346 491 5156 5301
491 693 6789 6991
693 786 8509 8602
786 839 9385 9438
839 1011 11397 11569
1011 1230 12967 13186
1230 1328 13802 13900
1328 1452 14755 14879
1452 1595 17350 17493
1595 1689 18591 18685
1689 1788 19268 19367
1788 1919 22598 22729
1919 2076 25009 25166
2076 2301 29737 29962
2301 2451 30835 30985
2451 2582 36785 36916
2582 2727 43372 43517
2727 2865 47907 48045
2865 2923 51758 51816
2923 3060 52758 52895

>ENSSHAT00000016078
0 91 132 223
91 239 2806 2954
239 247 3836 3844
247 393 5141 5287
393 582 6802 6991
582 675 8509 8602
675 728 9385 9438
728 748 10687 10707
748 761 10918 10931
761 876 11454 11569
876 1095 12967 13186
1095 1193 13802 13900
1193 1317 14755 14879
1317 1460 17350 17493
1460 1554 18591 18685
1554 1653 19268 19367
1653 1784 22598 22729
1784 1941 25009 25166
1941 2166 29737 29962
2166 2316 30835 30985
2316 2447 36785 36916
2447 2592 43372 43517
2592 2615 46279 46302
2615 2628 47580 47593
2628 2727 47946 48045
2727 2785 51758 51816
2785 2922 52758 52895

>ENSMODT00000057401
0 132 0 132
132 256 2923 3047
256 446 4455 4645
446 606 5651 5811
606 703 13605 13702
703 849 18682 18828
849 1062 19618 19831
1062 1160 22113 22211
1160 1284 23092 23216
1284 1430 25125 25271
1430 1524 27403 27497
1524 1623 28549 28648
1623 1754 30991 31122
1754 1911 34782 34939
1911 2136 37435 37660
2136 2286 38582 38732
2286 2417 45940 46071
2417 2544 52630 52757
2544 2677 57871 58004
2677 2814 60128 60265

>ENSMODT00000086142
0 132 0 132
132 256 2923 3047
256 432 4455 4631
432 648 5637 5853
648 774 18702 18828
774 987 19618 19831
987 1085 22113 22211
1085 1209 23092 23216
1209 1355 25125 25271
1355 1449 27403 27497
1449 1548 28549 28648
1548 1679 30991 31122
1679 1836 34782 34939
1836 2061 37435 37660
2061 2211 38582 38732
2211 2342 45940 46071
2342 2469 52630 52757
2469 2602 57871 58004
2602 2739 60128 60265

>ENSMODT00000075926
0 136 0 136
136 312 4455 4631
312 528 5637 5853
528 654 18702 18828
654 867 19618 19831
867 965 22113 22211
965 1089 23092 23216
1089 1235 25125 25271
1235 1329 27403 27497
1329 1428 28549 28648
1428 1559 30991 31122
1559 1716 34782 34939
1716 1941 37435 37660
1941 2091 38582 38732
2091 2222 45940 46071
2222 2382 52630 52790
2382 2525 57880 58023
2525 2694 60096 60265

>ENSMODT00000021451
0 186 5625 5811
186 279 13605 13698
279 332 17741 17794
332 495 18665 18828
495 708 19618 19831
708 806 22113 22211
806 930 23092 23216
930 1076 25125 25271
1076 1170 27403 27497
1170 1269 28549 28648
1269 1400 30991 31122
1400 1557 34782 34939
1557 1782 37435 37660
1782 1932 38582 38732
1932 2063 45940 46071
2063 2208 52630 52775
2208 2346 57841 57979
2346 2404 59018 59076
2404 2541 60128 60265

