>ENSCPGT00000028966
0 52 0 52
52 216 2469 2633
216 316 3720 3820
316 493 4704 4881
493 656 5378 5541
656 721 5647 5712
721 879 6371 6529
879 1066 7553 7740
1066 1215 7909 8058
1215 1306 8280 8371
1306 1375 8642 8711
1375 1558 9008 9191
1558 1715 9478 9635
1715 1798 10361 10444
1798 1983 11697 11882
1983 2170 12271 12458
2170 2220 13216 13266

>ENSCPUT00000016919
0 52 3342 3394
52 216 5810 5974
216 316 6911 7011
316 493 7897 8074
493 656 8570 8733
656 721 8839 8904
721 879 9660 9818
879 1066 10832 11019
1066 1215 11188 11337
1215 1306 11559 11650
1306 1369 11931 11994
1369 1552 12291 12474
1552 1709 12759 12916
1709 1792 13636 13719
1792 1977 14972 15157
1977 2164 15546 15733
2164 2214 16325 16375

