>ENSDCDT00000058583
0 102 145 247
102 219 3799 3916
219 545 4171 4497
545 609 4706 4770
609 705 6805 6901
705 840 7267 7402
840 1012 8038 8210
1012 1092 8891 8971
1092 1176 9253 9337
1176 1317 9532 9673
1317 1563 13123 13369
1563 1686 15166 15289
1686 1769 15748 15831
1769 1892 15991 16114
1892 1969 16457 16534
1969 2154 17154 17339
2154 2220 17529 17595
2220 2313 19212 19305
2313 2425 21077 21189
2425 2547 21271 21393
2547 2631 21558 21642
2631 2721 21780 21870
2721 2843 21976 22098
2843 2913 22235 22305
2913 3036 22617 22740
3036 3108 23230 23302
3108 3255 24731 24878
3255 3339 25003 25087
3339 3451 26060 26172
3451 3633 28552 28734
3633 3747 32137 32251
3747 3820 32467 32540
3820 3903 34114 34197
3903 4018 37635 37750
4018 4085 38114 38181
4085 4133 38664 38712
4133 4276 39053 39196
4276 4386 39430 39540
4386 4524 40715 40853
4524 4707 41641 41824
4707 4821 42109 42223
4821 5037 43309 43525
5037 5095 46462 46520
5095 5202 49838 49945
5202 5325 50968 51091
5325 5439 52494 52608
5439 5586 53247 53394
5586 5797 54095 54306
5797 5988 54688 54879
5988 6086 55061 55159
6086 6225 55455 55594
6225 6240 57223 57238

>ENSDCDT00000059064
0 102 145 247
102 219 3799 3916
219 309 4171 4261
309 392 4414 4497
392 456 4706 4770
456 552 6805 6901
552 687 7267 7402
687 859 8038 8210
859 939 8891 8971
939 1023 9253 9337
1023 1164 9532 9673
1164 1410 13123 13369
1410 1533 15166 15289
1533 1616 15748 15831
1616 1739 15991 16114
1739 1816 16457 16534
1816 2001 17154 17339
2001 2067 17529 17595
2067 2160 19212 19305
2160 2272 21077 21189
2272 2394 21271 21393
2394 2478 21558 21642
2478 2568 21780 21870
2568 2690 21976 22098
2690 2760 22235 22305
2760 2883 22617 22740
2883 2955 23230 23302
2955 3102 24731 24878
3102 3186 25003 25087
3186 3298 26060 26172
3298 3337 26464 26503
3337 3519 28552 28734
3519 3633 32137 32251
3633 3706 32467 32540
3706 3789 34114 34197
3789 3904 37635 37750
3904 3971 38114 38181
3971 4019 38664 38712
4019 4162 39053 39196
4162 4272 39430 39540
4272 4410 40715 40853
4410 4593 41641 41824
4593 4707 42109 42223
4707 4923 43309 43525
4923 4981 46462 46520
4981 5088 49838 49945
5088 5211 50968 51091
5211 5325 52494 52608
5325 5472 53247 53394
5472 5683 54095 54306
5683 5874 54688 54879
5874 5972 55061 55159
5972 6111 55455 55594
6111 6126 57223 57238

>ENSDCDT00000059074
0 102 145 247
102 219 3799 3916
219 309 4171 4261
309 392 4414 4497
392 456 4706 4770
456 552 6805 6901
552 687 7267 7402
687 859 8038 8210
859 939 8891 8971
939 1023 9253 9337
1023 1164 9532 9673
1164 1410 13123 13369
1410 1533 15166 15289
1533 1616 15748 15831
1616 1739 15991 16114
1739 1816 16457 16534
1816 2001 17154 17339
2001 2067 17529 17595
2067 2160 19212 19305
2160 2272 21077 21189
2272 2394 21271 21393
2394 2478 21558 21642
2478 2568 21780 21870
2568 2690 21976 22098
2690 2760 22235 22305
2760 2883 22617 22740
2883 2955 23230 23302
2955 3102 24731 24878
3102 3186 25003 25087
3186 3298 26060 26172
3298 3337 26464 26503
3337 3519 28552 28734
3519 3633 32137 32251
3633 3706 32467 32540
3706 3789 34114 34197
3789 3904 37635 37750
3904 3971 38114 38181
3971 4019 38664 38712
4019 4162 39053 39196
4162 4272 39430 39540
4272 4410 40715 40853
4410 4593 41641 41824
4593 4707 42109 42223
4707 4923 43309 43525
4923 4981 46462 46520
4981 5088 49838 49945
5088 5211 50968 51091
5211 5325 52494 52608
5325 5472 53247 53394
5472 5683 54095 54306
5683 5874 54688 54879
5874 5972 55061 55159
5972 6111 55455 55594
6111 6201 57457 57547

>ENSDCDT00000059083
0 102 145 247
102 219 3799 3916
219 309 4171 4261
309 392 4414 4497
392 447 4706 4761
447 543 6805 6901
543 678 7267 7402
678 850 8038 8210
850 930 8891 8971
930 1014 9253 9337
1014 1155 9532 9673
1155 1401 13123 13369
1401 1524 15166 15289
1524 1607 15748 15831
1607 1730 15991 16114
1730 1807 16457 16534
1807 1992 17154 17339
1992 2058 17529 17595
2058 2151 19212 19305
2151 2263 21077 21189
2263 2385 21271 21393
2385 2469 21558 21642
2469 2559 21780 21870
2559 2681 21976 22098
2681 2756 22235 22310
2756 2856 22640 22740
2856 2928 23230 23302
2928 3075 24731 24878
3075 3159 25003 25087
3159 3271 26060 26172
3271 3310 26464 26503
3310 3492 28552 28734
3492 3624 32137 32269
3624 3806 37635 37817
3806 3854 38664 38712
3854 3997 39053 39196
3997 4107 39430 39540
4107 4245 40715 40853
4245 4428 41641 41824
4428 4546 42109 42227
4546 4755 43316 43525
4755 4813 46462 46520
4813 4920 49838 49945
4920 5043 50968 51091
5043 5157 52494 52608
5157 5304 53247 53394
5304 5515 54095 54306
5515 5706 54688 54879
5706 5804 55061 55159
5804 5943 55455 55594
5943 6033 57457 57547

>ENSDCDT00000059084
0 102 145 247
102 219 3799 3916
219 309 4171 4261
309 392 4414 4497
392 447 4706 4761
447 543 6805 6901
543 678 7267 7402
678 850 8038 8210
850 930 8891 8971
930 1014 9253 9337
1014 1155 9532 9673
1155 1401 13123 13369
1401 1524 15166 15289
1524 1607 15748 15831
1607 1730 15991 16114
1730 1807 16457 16534
1807 1992 17154 17339
1992 2058 17529 17595
2058 2151 19212 19305
2151 2263 21077 21189
2263 2385 21271 21393
2385 2469 21558 21642
2469 2559 21780 21870
2559 2681 21976 22098
2681 2756 22235 22310
2756 2856 22640 22740
2856 2928 23230 23302
2928 3075 24731 24878
3075 3187 26060 26172
3187 3369 28552 28734
3369 3501 32137 32269
3501 3683 37635 37817
3683 3731 38664 38712
3731 3874 39053 39196
3874 3984 39430 39540
3984 4122 40715 40853
4122 4305 41641 41824
4305 4423 42109 42227
4423 4632 43316 43525
4632 4690 46462 46520
4690 4797 49838 49945
4797 4920 50968 51091
4920 5034 52494 52608
5034 5181 53247 53394
5181 5392 54095 54306
5392 5583 54688 54879
5583 5681 55061 55159
5681 5820 55455 55594
5820 5910 57457 57547

>ENSDCDT00000059202
0 6 6895 6901
6 141 7267 7402
141 342 8038 8239
342 426 9253 9337
426 567 9532 9673
567 717 13123 13273
717 777 13941 14001
777 900 15166 15289
900 983 15748 15831
983 1106 15991 16114
1106 1183 16457 16534
1183 1368 17154 17339
1368 1434 17529 17595
1434 1527 19212 19305
1527 1639 21077 21189
1639 1761 21271 21393
1761 1845 21558 21642
1845 1935 21780 21870
1935 2057 21976 22098
2057 2127 22235 22305
2127 2199 23230 23302
2199 2346 24731 24878
2346 2430 25003 25087
2430 2542 26060 26172
2542 2729 28552 28739
2729 2792 37550 37613
2792 2942 37643 37793
2942 3079 39053 39190
3079 3189 39430 39540
3189 3327 40715 40853
3327 3510 41641 41824
3510 3624 42109 42223
3624 3840 43309 43525
3840 3898 46462 46520
3898 4005 49838 49945
4005 4128 50968 51091
4128 4242 52494 52608
4242 4389 53247 53394
4389 4600 54095 54306
4600 4791 54688 54879
4791 4889 55061 55159
4889 5028 55455 55594
5028 5112 55776 55860

>ENSDCDT00000059208
0 102 145 247
102 219 3799 3916
219 235 4171 4187
235 237 4277 4279
237 320 4414 4497
320 414 4706 4800
414 432 7216 7234
432 567 7267 7402
567 768 8038 8239
768 852 9253 9337
852 993 9532 9673
993 1143 13123 13273
1143 1203 13941 14001
1203 1326 15166 15289
1326 1409 15748 15831
1409 1532 15991 16114
1532 1609 16457 16534
1609 1794 17154 17339
1794 1860 17529 17595
1860 1953 19212 19305
1953 2065 21077 21189
2065 2187 21271 21393
2187 2271 21558 21642
2271 2361 21780 21870
2361 2483 21976 22098
2483 2553 22235 22305
2553 2625 23230 23302
2625 2772 24731 24878
2772 2856 25003 25087
2856 2968 26060 26172
2968 3155 28552 28739
3155 3218 37550 37613
3218 3368 37643 37793
3368 3505 39053 39190
3505 3615 39430 39540
3615 3753 40715 40853
3753 3936 41641 41824
3936 4050 42109 42223
4050 4266 43309 43525
4266 4324 46462 46520
4324 4431 49838 49945
4431 4554 50968 51091
4554 4668 52494 52608
4668 4815 53247 53394
4815 5026 54095 54306
5026 5217 54688 54879
5217 5315 55061 55159
5315 5454 55455 55594
5454 5538 55776 55860

>ENSDCDT00000059218
0 102 145 247
102 219 3799 3916
219 235 4171 4187
235 237 4277 4279
237 320 4414 4497
320 384 4706 4770
384 480 6805 6901
480 615 7267 7402
615 816 8038 8239
816 900 9253 9337
900 1041 9532 9673
1041 1161 13123 13243
1161 1172 14287 14298
1172 1190 14328 14346
1190 1341 15138 15289
1341 1424 15748 15831
1424 1547 15991 16114
1547 1624 16457 16534
1624 1809 17154 17339
1809 1875 17529 17595
1875 1968 19212 19305
1968 2080 21077 21189
2080 2202 21271 21393
2202 2286 21558 21642
2286 2376 21780 21870
2376 2539 21976 22139
2539 2658 23183 23302
2658 2805 24731 24878
2805 2889 25003 25087
2889 3001 26060 26172
3001 3212 28552 28763
3212 3362 37643 37793
3362 3499 39053 39190
3499 3609 39430 39540
3609 3747 40715 40853
3747 3930 41641 41824
3930 4044 42109 42223
4044 4260 43309 43525
4260 4318 46462 46520
4318 4425 49838 49945
4425 4548 50968 51091
4548 4662 52494 52608
4662 4809 53247 53394
4809 5020 54095 54306
5020 5211 54688 54879
5211 5309 55061 55159
5309 5448 55455 55594
5448 5532 55776 55860

>ENSDCDT00000059220
0 102 145 247
102 219 3799 3916
219 300 4180 4261
300 383 4414 4497
383 447 4706 4770
447 543 6805 6901
543 678 7267 7402
678 850 8038 8210
850 930 8891 8971
930 1014 9253 9337
1014 1155 9532 9673
1155 1401 13123 13369
1401 1524 15166 15289
1524 1607 15748 15831
1607 1730 15991 16114
1730 1807 16457 16534
1807 1992 17154 17339
1992 2058 17529 17595
2058 2151 19212 19305
2151 2263 21077 21189
2263 2385 21271 21393
2385 2469 21558 21642
2469 2559 21780 21870
2559 2681 21976 22098
2681 2751 22235 22305
2751 2874 22617 22740
2874 3021 24731 24878
3021 3105 25003 25087
3105 3217 26060 26172
3217 3399 28552 28734
3399 3473 37539 37613
3473 3644 37643 37814
3644 3820 39020 39196
3820 3930 39430 39540
3930 4068 40715 40853
4068 4251 41641 41824
4251 4365 42109 42223
4365 4581 43309 43525
4581 4639 46462 46520
4639 4746 49838 49945
4746 4869 50968 51091
4869 4983 52494 52608
4983 5130 53247 53394
5130 5341 54095 54306
5341 5532 54688 54879
5532 5630 55061 55159
5630 5784 55455 55609

>ENSCHAT00000013229
0 57 10552 10609
57 171 13092 13206
171 387 15017 15233
387 445 18434 18492
445 552 24496 24603
552 675 24873 24996
675 789 26251 26365
789 936 28524 28671
936 1147 29345 29556
1147 1338 31403 31594
1338 1430 32903 32995
1430 1635 33349 33554

