>FBtr0070254
0 136 2325 2461
136 219 2522 2605
219 402 2664 2847
402 558 2909 3065

>FBtr0301312
0 152 22342 22494
152 360 22573 22781
360 579 24145 24364

>FBtr0339576
0 154 1677 1831
154 288 1918 2052
288 420 2117 2249
420 588 2313 2481

>FBtr0300352
0 154 1677 1831
154 288 1918 2052
288 420 2117 2249
420 588 2313 2481

>FBtr0070253
0 154 1677 1831
154 288 1918 2052
288 420 2117 2249
420 588 2313 2481

>FBtr0345508
0 154 1677 1831
154 288 1918 2052
288 420 2117 2249
420 588 2313 2481

>FBtr0339577
0 154 1677 1831
154 288 1918 2052
288 420 2117 2249
420 588 2313 2481

