>ENSACAT00000004741
0 25 6549 6574
25 144 13956 14075
144 222 16266 16344
222 303 19470 19551
303 441 30843 30981
441 523 31416 31498
523 609 32702 32788
609 684 43559 43634
684 881 45322 45519
881 946 50092 50157
946 967 51402 51423
967 1009 54628 54670
1009 1174 55458 55623
1174 1255 57726 57807
1255 1349 66268 66362
1349 1458 68636 68745
1458 1581 71514 71637
1581 1761 72076 72256

>ENSPVIT00000033638
0 25 0 25
25 144 2659 2778
144 222 6697 6775
222 303 12028 12109
303 441 19474 19612
441 523 24956 25038
523 609 26036 26122
609 684 36887 36962
684 881 39543 39740
881 921 40961 41001

>ENSNSUT00000009533
0 25 0 25
25 144 1820 1939
144 222 9699 9777
222 303 10701 10782
303 441 23143 23281
441 523 25379 25461
523 609 26974 27060
609 684 42056 42131
684 885 44168 44369

