>F14F8.12.1
0 144 0 144
144 290 221 367
290 579 632 921
579 744 1293 1458
744 993 1506 1755

>F14F8.13.1
0 144 0 144
144 284 252 392
284 573 1438 1727
573 738 1882 2047
738 987 2091 2340

>T25E12.11.1
0 144 0 144
144 275 239 370
275 567 422 714
567 732 789 954
732 984 996 1248

>T25E12.13.1
0 144 0 144
144 275 236 367
275 561 415 701
561 726 745 910
726 978 952 1204

>F14F8.4.1
0 144 0 144
144 275 270 401
275 567 447 739
567 732 1257 1422
732 981 1466 1715

>F08H9.12.1
0 144 0 144
144 260 1155 1271
260 549 1548 1837
549 714 2747 2912
714 849 2958 3093
849 864 3137 3152

>Y68A4A.6.1
0 144 0 144
144 263 465 584
263 561 630 928
561 726 1859 2024
726 975 2070 2319

>Y102A5C.33.1
0 144 0 144
144 278 693 827
278 567 878 1167
567 732 1419 1584
732 981 1628 1877

>F49H6.11.1
0 144 0 144
144 268 1641 1765
268 570 1815 2117
570 735 2269 2434
735 984 2484 2733

>C18D4.9.1
0 147 0 147
147 290 372 515
290 573 574 857
573 735 1373 1535
735 966 1583 1814

>Y6G8.4.1
0 147 0 147
147 302 222 377
302 588 432 718
588 756 1060 1228
756 987 1270 1501

>B0205.2a.1
0 212 573 785
212 510 835 1133
510 675 1175 1340
675 927 1724 1976

>B0205.2b.1
0 147 0 147
147 275 657 785
275 573 835 1133
573 738 1175 1340
738 990 1724 1976

