>ENSPTRT00000093188
0 49 289 338
49 196 1183 1330
196 279 2107 2190
279 451 2590 2762
451 777 3474 3800

>ENSPTRT00000084740
0 49 289 338
49 196 1183 1330
196 279 2107 2190
279 507 2263 2491
507 679 2590 2762
679 1005 3474 3800

>ENSPTRT00000109904
0 330 2161 2491
330 502 2590 2762
502 828 3474 3800

>ENSPPAT00000051437
0 49 0 49
49 159 894 1004
159 240 1760 1841
240 468 1914 2142
468 640 2241 2413
640 966 3125 3451

>ENSPPAT00000051442
0 49 0 49
49 147 894 992
147 199 1204 1256
199 282 1758 1841
282 454 2241 2413
454 780 3125 3451

>ENST00000616266
0 330 2197 2527
330 502 2626 2798
502 828 3510 3836

