>ENSGAGT00000021531
0 208 155 363
208 454 8259 8505
454 553 9932 10031
553 595 11343 11385
595 667 13880 13952
667 718 15361 15412
718 796 18240 18318
796 868 26841 26913
868 904 28398 28434
904 976 29981 30053
976 1008 33008 33040

>ENSGAGT00000021534
0 208 155 363
208 454 8259 8505
454 553 9932 10031
553 595 11343 11385
595 667 13880 13952
667 718 15361 15412
718 796 18240 18318
796 868 26841 26913
868 940 29981 30053
940 972 33008 33040

>ENSSMRT00000006980
0 283 747 1030
283 577 4242 4536
577 829 15639 15891
829 904 16910 16985
904 1003 17321 17420
1003 1042 19277 19316
1042 1131 20766 20855

>ENSSMRT00000006989
0 283 747 1030
283 577 4242 4536
577 829 15639 15891
829 928 17321 17420
928 967 19277 19316
967 1056 20766 20855

