>ENSCINT00000008251
0 186 14 200
186 307 6005 6126
307 459 6685 6837
459 525 7956 8022
525 645 8353 8473
645 778 9939 10072
778 816 10751 10789

>ENSCSAVT00000019044
0 186 11 197
186 307 10738 10859
307 459 12318 12470
459 525 14043 14109
525 645 14810 14930
645 738 17812 17905

>FBtr0337049
0 206 26941 27147
206 406 27267 27467
406 624 27531 27749
624 1222 27810 28408
1222 2347 28888 30013
2347 3088 31015 31756
3088 3464 32428 32804
3464 3722 33134 33392
3722 3851 33463 33592
3851 3981 33940 34070
3981 4124 34143 34286
4124 4181 34696 34753
4181 4300 35328 35447
4300 4653 37638 37991

>FBtr0305355
0 206 26941 27147
206 406 27267 27467
406 624 27531 27749
624 1222 27810 28408
1222 2347 28888 30013
2347 2723 32428 32804
2723 2981 33134 33392
2981 3110 33463 33592
3110 3240 33940 34070
3240 3383 34143 34286
3383 3502 35328 35447
3502 7559 39004 43061
7559 7611 43117 43169

>FBtr0305356
0 206 26941 27147
206 406 27267 27467
406 624 27531 27749
624 1222 27810 28408
1222 2347 28888 30013
2347 3088 31015 31756
3088 3464 32428 32804
3464 3722 33134 33392
3722 3851 33463 33592
3851 3981 33940 34070
3981 4124 34143 34286
4124 4243 35328 35447
4243 4596 37638 37991

>FBtr0337050
0 206 26941 27147
206 406 27267 27467
406 624 27531 27749
624 1222 27810 28408
1222 2347 28888 30013
2347 2723 32428 32804
2723 2981 33134 33392
2981 3110 33463 33592
3110 3240 33940 34070
3240 3383 34143 34286
3383 3440 34696 34753
3440 3559 35328 35447
3559 7616 39004 43061
7616 7668 43117 43169

>FBtr0305354
0 206 26941 27147
206 406 27267 27467
406 624 27531 27749
624 1222 27810 28408
1222 2347 28888 30013
2347 3088 31015 31756
3088 3464 32428 32804
3464 3722 33134 33392
3722 3851 33463 33592
3851 3981 33940 34070
3981 4124 34143 34286
4124 4281 35328 35485

>FBtr0305351
0 206 26941 27147
206 406 27267 27467
406 624 27531 27749
624 1222 27810 28408
1222 2347 28888 30013
2347 2723 32428 32804
2723 2981 33134 33392
2981 3110 33463 33592
3110 3240 33940 34070
3240 3383 34143 34286
3383 3540 35328 35485

>FBtr0305353
0 206 26941 27147
206 406 27267 27467
406 624 27531 27749
624 1222 27810 28408
1222 2347 28888 30013
2347 3088 31015 31756
3088 3464 32428 32804
3464 3722 33134 33392
3722 3851 33463 33592
3851 3981 33940 34070
3981 4124 34143 34286
4124 4281 35328 35485

>FBtr0305357
0 206 26941 27147
206 406 27267 27467
406 624 27531 27749
624 1222 27810 28408
1222 2347 28888 30013
2347 2723 32428 32804
2723 2981 33134 33392
2981 3110 33463 33592
3110 3240 33940 34070
3240 3383 34143 34286
3383 3440 34696 34753
3440 3597 35328 35485

>FBtr0305352
0 206 26941 27147
206 406 27267 27467
406 624 27531 27749
624 1222 27810 28408
1222 2347 28888 30013
2347 3088 31015 31756
3088 3464 32428 32804
3464 3722 33134 33392
3722 3851 33463 33592
3851 3981 33940 34070
3981 4124 34143 34286
4124 4281 35328 35485

