>ENSVURT00010014474
0 178 90476 90654
178 261 92431 92514
261 310 92987 93036
310 445 93483 93618
445 525 93936 94016
525 687 94339 94501
687 763 96816 96892
763 892 102012 102141
892 1003 102558 102669
1003 1189 103151 103337
1189 1333 106358 106502
1333 1461 106724 106852

>ENSPCIT00000051852
0 178 90072 90250
178 261 91931 92014
261 310 92492 92541
310 445 92983 93118
445 525 93421 93501
525 687 93825 93987
687 763 96289 96365
763 892 101787 101916
892 1006 103227 103341
1006 1192 103829 104015
1192 1336 106654 106798
1336 1464 107020 107148

>ENSPCIT00000037967
0 38 62919 62957
38 226 90062 90250
226 309 91931 92014
309 358 92492 92541
358 493 92983 93118
493 573 93421 93501
573 735 93825 93987
735 811 96289 96365
811 940 101787 101916
940 1051 103230 103341
1051 1237 103829 104015
1237 1381 106654 106798
1381 1509 107020 107148

>ENSPCIT00000037971
0 41 89472 89513
41 229 90062 90250
229 312 91931 92014
312 361 92492 92541
361 496 92983 93118
496 576 93421 93501
576 738 93825 93987
738 814 96289 96365
814 943 101787 101916
943 1054 103230 103341
1054 1240 103829 104015
1240 1384 106654 106798
1384 1512 107020 107148

>ENSMEUT00000007786
0 178 0 178
178 261 1561 1644
261 310 2113 2162
310 445 2565 2700
445 525 2999 3079
525 687 3350 3512
687 763 6060 6136
763 892 10410 10539
892 1003 11575 11686
1003 1189 12163 12349
1189 1333 15245 15389
1333 1461 15610 15738

>ENSSHAT00000020727
0 178 969 1147
178 261 2695 2778
261 310 3255 3304
310 445 3770 3905
445 525 4198 4278
525 687 4623 4785
687 763 6864 6940
763 892 11239 11368
892 1006 12499 12613
1006 1192 12901 13087
1192 1336 15803 15947
1336 1464 16162 16290

>ENSMODT00000063337
0 71 6260 6331
71 259 31756 31944
259 342 33304 33387
342 391 34123 34172
391 526 34614 34749
526 606 35032 35112
606 768 35360 35522
768 844 37771 37847
844 973 42307 42436
973 1087 44329 44443
1087 1273 44794 44980
1273 1417 46968 47112
1417 1545 47334 47462

>ENSMODT00000025283
0 178 31766 31944
178 261 33304 33387
261 310 34123 34172
310 445 34614 34749
445 525 35032 35112
525 687 35360 35522
687 763 37771 37847
763 892 42307 42436
892 1003 44332 44443
1003 1189 44794 44980
1189 1333 46968 47112
1333 1461 47334 47462

