>ENSDNVT00000015227
0 28 0 28
28 132 192 296
132 210 826 904
210 384 1167 1341
384 523 3547 3686
523 675 6605 6757

>ENSNPET00000009949
0 28 0 28
28 132 122 226
132 210 658 736
210 384 913 1087
384 582 2645 2843

>ENSLCOT00000023027
0 43 2673 2716
43 147 2807 2911
147 225 3203 3281
225 399 3377 3551
399 538 4613 4752
538 558 4844 4864

>ENSJHYT00000026341
0 46 295 341
46 150 434 538
150 489 833 1172
489 747 4236 4494

>ENSZALT00000018402
0 46 1214 1260
46 150 1353 1457
150 228 1753 1831
228 402 1918 2092
402 541 4898 5037
541 561 5136 5156

>ENSSCAT00000008081
0 28 0 28
28 132 121 225
132 210 517 595
210 384 681 855
384 527 4298 4441
527 546 8115 8134

