>ENSSFOT00015001210
0 94 464 558
94 1223 12863 13992
1223 1386 17762 17925
1386 1586 25958 26158
1586 1759 26555 26728
1759 1900 27658 27799
1900 1956 33736 33792
1956 2083 33990 34117
2083 3085 35386 36388
3085 3162 45372 45449

>ENSSFOT00015001223
0 94 464 558
94 1223 12863 13992
1223 1386 17762 17925
1386 1586 25958 26158
1586 1759 26555 26728
1759 1900 27658 27799
1900 2902 35386 36388
2902 2979 45372 45449

>ENSSFOT00015001237
0 94 464 558
94 1223 12863 13992
1223 1386 17762 17925
1386 1586 25958 26158
1586 1759 26555 26728
1759 1900 27658 27799
1900 1956 33736 33792
1956 2083 33990 34117
2083 3090 35386 36393
3090 3240 40640 40790

>ENSSFOT00015001242
0 22 5056 5078
22 1151 12863 13992
1151 1314 17762 17925
1314 1514 25958 26158
1514 1687 26555 26728
1687 1828 27658 27799
1828 1884 33736 33792
1884 2011 33990 34117
2011 3013 35386 36388
3013 3090 45372 45449

>ENSPKIT00000003737
0 91 275 366
91 1208 10667 11784
1208 1371 14442 14605
1371 1571 20986 21186
1571 1744 21817 21990
1744 1885 22762 22903
1885 1941 24404 24460
1941 2068 24645 24772
2068 3358 25597 26887
3358 3420 32488 32550

>ENSPKIT00000003762
0 22 3195 3217
22 1139 10667 11784
1139 1302 14442 14605
1302 1502 20986 21186
1502 1675 21817 21990
1675 1816 22762 22903
1816 1872 24404 24460
1872 1999 24645 24772
1999 3289 25597 26887
3289 3351 32488 32550

>ENSPKIT00000027984
0 97 916 1013
97 1220 14265 15388
1220 1383 17578 17741
1383 1583 26678 26878
1583 1756 27997 28170
1756 1897 28723 28864
1897 1953 32017 32073
1953 2080 32282 32409
2080 3025 34603 35548
3025 3093 47404 47472

>ENSCHAT00000026153
0 164 704 868
164 337 1324 1497
337 478 2005 2146
478 534 7174 7230
534 661 8155 8282
661 1812 10796 11947

>ENSCHAT00000026174
0 164 704 868
164 337 1324 1497
337 478 2005 2146
478 534 7174 7230
534 661 8155 8282
661 1783 10796 11918
1783 1845 12491 12553

>ENSCHAT00000026236
0 96 492 588
96 296 668 868
296 469 1324 1497
469 610 2005 2146
610 666 7174 7230
666 793 8155 8282
793 1944 10796 11947

>ENSDCDT00000070800
0 91 461 552
91 1217 8941 10067
1217 1380 12321 12484
1380 1580 20900 21100
1580 1753 21564 21737
1753 1894 21886 22027
1894 1950 26200 26256
1950 2077 26934 27061
2077 3106 29114 30143
3106 3183 38502 38579

>ENSDCDT00000070805
0 49 3156 3205
49 1175 8941 10067
1175 1338 12321 12484
1338 1538 20900 21100
1538 1711 21564 21737
1711 1852 21886 22027
1852 1908 26200 26256
1908 2035 26934 27061
2035 3064 29114 30143
3064 3141 38502 38579

>ENSDCDT00000070812
0 91 461 552
91 1217 8941 10067
1217 1380 12321 12484
1380 1580 20900 21100
1580 1753 21564 21737
1753 1894 21886 22027
1894 1950 26200 26256
1950 2077 26934 27061
2077 3116 29114 30153
3116 3126 31125 31135
3126 3204 31183 31261

>ENSDCDT00000070814
0 91 461 552
91 1217 8941 10067
1217 1380 12321 12484
1380 1580 20900 21100
1580 1753 21564 21737
1753 1894 21886 22027
1894 1950 26200 26256
1950 2077 26934 27061
2077 3126 29114 30163
3126 3186 30542 30602

>ENSDCDT00000070816
0 91 461 552
91 1217 8941 10067
1217 1380 12321 12484
1380 1580 20900 21100
1580 1753 21564 21737
1753 1894 21886 22027
1894 1950 26200 26256
1950 2077 26934 27061
2077 3118 29114 30155
3118 3162 30212 30256

>ENSDCDT00000070817
0 91 461 552
91 1217 8941 10067
1217 1380 12321 12484
1380 1580 20900 21100
1580 1753 21564 21737
1753 1894 21886 22027
1894 1950 26200 26256
1950 2077 26934 27061
2077 2583 29114 29620
2583 3108 29653 30178

