>T02H6.1a.1
0 69 8 77
69 171 125 227
171 282 370 481
282 419 681 818
419 499 2106 2186
499 663 2232 2396
663 789 2869 2995
789 945 3180 3336
945 1031 3455 3541
1031 1150 10028 10147
1150 1335 10313 10498
1335 1506 11787 11958
1506 1623 14025 14142

>T02H6.1b.1
0 69 8 77
69 171 125 227
171 282 370 481
282 419 681 818
419 499 2106 2186
499 663 2232 2396
663 789 2869 2995
789 945 3180 3336
945 1031 3455 3541
1031 1150 10028 10147
1150 1335 10313 10498
1335 1557 11735 11957

>T02H6.1c.1
0 171 11787 11958
171 288 14025 14142

>Y54E5B.2.1
0 195 0 195
195 293 248 346
293 420 394 521
420 527 590 697
527 860 826 1159
860 1083 1433 1656
1083 1272 1703 1892
1272 1521 2250 2499
1521 2250 2767 3496
2250 2586 4122 4458

