>ENSLACT00000020355
0 111 1920 2031
111 252 2450 2591
252 270 3584 3602
270 286 4303 4319
286 385 12350 12449
385 498 23088 23201
498 647 25621 25770
647 694 32775 32822
694 831 34293 34430
831 921 35202 35292
921 976 35381 35436
976 988 35517 35529
988 1023 35818 35853
1023 1110 37781 37868
1110 1302 40923 41115
1302 1444 42927 43069
1444 1527 44489 44572
1527 1684 46204 46361
1684 1785 55114 55215
1785 1999 55402 55616
1999 2094 60263 60358
2094 2168 62970 63044
2168 2321 65097 65250
2321 2336 67128 67143
2336 2359 86892 86915
2359 2432 90213 90286
2432 2481 90658 90707
2481 2493 90968 90980
2493 2565 91016 91088
2565 2623 91267 91325
2623 2868 91568 91813
2868 2942 92044 92118
2942 2998 92175 92231
2998 3006 94026 94034
3006 3055 94107 94156
3055 3109 94173 94227
3109 3197 94280 94368
3197 3222 95316 95341
3222 3251 95702 95731
3251 3452 95787 95988
3452 3747 96749 97044

>ENSCHAT00000064456
0 111 821 932
111 252 1063 1204
252 355 1316 1419
355 489 1624 1758
489 638 1857 2006
638 685 2941 2988
685 822 3119 3256
822 912 3465 3555
912 1074 4022 4184
1074 1152 4579 4657
1152 1344 4784 4976
1344 1486 5217 5359
1486 1569 5446 5529
1569 1726 5804 5961
1726 1824 6104 6202
1824 2038 6413 6627
2038 2133 6803 6898
2133 2207 7050 7124
2207 2360 7269 7422
2360 2521 7838 7999
2521 2633 8203 8315
2633 2795 8475 8637
2795 2923 8811 8939
2923 3153 9130 9360
3153 3269 9448 9564
3269 3470 9688 9889
3470 3807 10045 10382

>ENSCHAT00000064477
0 111 821 932
111 261 1063 1213
261 375 1316 1430
375 504 1629 1758
504 653 1857 2006
653 700 2941 2988
700 837 3119 3256
837 927 3465 3555
927 1089 4022 4184
1089 1167 4579 4657
1167 1359 4784 4976
1359 1501 5217 5359
1501 1584 5446 5529
1584 1741 5804 5961
1741 1839 6104 6202
1839 2057 6413 6631
2057 2199 6807 6949
2199 2348 7273 7422
2348 2509 7838 7999
2509 2621 8203 8315
2621 2783 8475 8637
2783 2911 8811 8939
2911 3141 9130 9360
3141 3257 9448 9564
3257 3458 9688 9889
3458 3795 10045 10382

>ENSCHAT00000064483
0 111 821 932
111 266 1063 1218
266 349 1336 1419
349 483 1624 1758
483 632 1857 2006
632 679 2941 2988
679 816 3119 3256
816 906 3465 3555
906 1113 4022 4229
1113 1305 4784 4976
1305 1447 5217 5359
1447 1530 5446 5529
1530 1687 5804 5961
1687 1785 6104 6202
1785 2003 6413 6631
2003 2094 6807 6898
2094 2168 7050 7124
2168 2321 7269 7422
2321 2482 7838 7999
2482 2594 8203 8315
2594 2756 8475 8637
2756 2884 8811 8939
2884 3114 9130 9360
3114 3230 9448 9564
3230 3431 9688 9889
3431 3768 10045 10382

>ENSCHAT00000064491
0 111 821 932
111 266 1063 1218
266 349 1336 1419
349 529 1624 1804
529 601 2916 2988
601 738 3119 3256
738 828 3465 3555
828 1035 4022 4229
1035 1227 4784 4976
1227 1369 5217 5359
1369 1452 5446 5529
1452 1609 5804 5961
1609 1707 6104 6202
1707 1925 6413 6631
1925 2016 6807 6898
2016 2090 7050 7124
2090 2243 7269 7422
2243 2404 7838 7999
2404 2516 8203 8315
2516 2678 8475 8637
2678 2806 8811 8939
2806 3036 9130 9360
3036 3152 9448 9564
3152 3353 9688 9889
3353 3690 10045 10382

>ENSCHAT00000064496
0 111 821 932
111 266 1063 1218
266 483 1541 1758
483 632 1857 2006
632 679 2941 2988
679 816 3119 3256
816 906 3465 3555
906 1068 4022 4184
1068 1146 4579 4657
1146 1338 4784 4976
1338 1480 5217 5359
1480 1563 5446 5529
1563 1720 5804 5961
1720 1818 6104 6202
1818 2036 6413 6631
2036 2127 6807 6898
2127 2201 7050 7124
2201 2354 7269 7422
2354 2515 7838 7999
2515 2627 8203 8315
2627 2789 8475 8637
2789 2917 8811 8939
2917 3147 9130 9360
3147 3263 9448 9564
3263 3468 9688 9893

>ENSCHAT00000064499
0 111 821 932
111 252 1063 1204
252 355 1316 1419
355 465 1648 1758
465 614 1857 2006
614 661 2941 2988
661 798 3119 3256
798 888 3465 3555
888 1050 4022 4184
1050 1128 4579 4657
1128 1320 4784 4976
1320 1455 5659 5794

>ENSDCDT00000003356
0 111 1261 1372
111 252 1445 1586
252 364 2057 2169
364 498 2249 2383
498 647 2488 2637
647 694 3368 3415
694 831 3528 3665
831 921 3954 4044
921 1083 4364 4526
1083 1161 4614 4692
1161 1353 4800 4992
1353 1495 5132 5274
1495 1578 5380 5463
1578 1735 5565 5722
1735 1833 5848 5946
1833 2047 6107 6321
2047 2142 6402 6497
2142 2216 7062 7136
2216 2369 7419 7572
2369 2530 7667 7828
2530 2642 7967 8079
2642 2804 8261 8423
2804 2932 8584 8712
2932 3162 8916 9146
3162 3278 9232 9348
3278 3479 9596 9797
3479 3750 9972 10243

>ENSDCDT00000003365
0 111 1261 1372
111 237 1445 1571
237 376 2057 2196
376 494 2297 2415
494 541 3368 3415
541 678 3528 3665
678 768 3954 4044
768 930 4364 4526
930 1008 4614 4692
1008 1200 4800 4992
1200 1342 5132 5274
1342 1425 5380 5463
1425 1582 5565 5722
1582 1680 5848 5946
1680 1894 6107 6321
1894 1989 6402 6497
1989 2063 7062 7136
2063 2216 7419 7572
2216 2377 7667 7828
2377 2489 7967 8079
2489 2651 8261 8423
2651 2779 8584 8712
2779 3009 8916 9146
3009 3125 9232 9348
3125 3326 9596 9797
3326 3597 9972 10243

>ENSDCDT00000003374
0 111 1261 1372
111 252 1445 1586
252 398 2057 2203
398 474 2307 2383
474 629 2488 2643
629 673 3371 3415
673 810 3528 3665
810 900 3954 4044
900 1062 4364 4526
1062 1140 4614 4692
1140 1332 4800 4992
1332 1474 5132 5274
1474 1557 5380 5463
1557 1714 5565 5722
1714 1812 5848 5946
1812 2026 6107 6321
2026 2121 6402 6497
2121 2195 7062 7136
2195 2348 7419 7572
2348 2509 7667 7828
2509 2621 7967 8079
2621 2783 8261 8423
2783 2911 8584 8712
2911 3141 8916 9146
3141 3257 9232 9348
3257 3458 9596 9797
3458 3715 9972 10229
3715 3771 10307 10363

>ENSDCDT00000003376
0 111 1261 1372
111 256 1445 1590
256 284 1889 1917
284 411 2256 2383
411 566 2488 2643
566 610 3371 3415
610 747 3528 3665
747 837 3954 4044
837 999 4364 4526
999 1077 4614 4692
1077 1269 4800 4992
1269 1411 5132 5274
1411 1494 5380 5463
1494 1651 5565 5722
1651 1749 5848 5946
1749 1963 6107 6321
1963 2058 6402 6497
2058 2132 7062 7136
2132 2285 7419 7572
2285 2446 7667 7828
2446 2558 7967 8079
2558 2720 8261 8423
2720 2848 8584 8712
2848 3078 8916 9146
3078 3194 9232 9348
3194 3399 9596 9801

>ENSEEET00000009272
0 111 510 621
111 258 739 886
258 367 971 1080
367 501 1328 1462
501 650 2179 2328
650 697 3649 3696
697 834 3852 3989
834 924 4084 4174
924 1080 4283 4439
1080 1158 4714 4792
1158 1350 4896 5088
1350 1492 5188 5330
1492 1575 5442 5525
1575 1732 5695 5852
1732 1830 5961 6059
1830 2044 6336 6550
2044 2139 6883 6978
2139 2213 7186 7260
2213 2366 7385 7538
2366 2527 7747 7908
2527 2639 8258 8370
2639 2801 8481 8643
2801 2929 8770 8898
2929 3159 9437 9667
3159 3275 9749 9865
3275 3476 9988 10189
3476 3651 10502 10677

>ENSEEET00000009274
0 111 510 621
111 258 739 886
258 374 971 1087
374 447 1389 1462
447 596 2179 2328
596 643 3649 3696
643 780 3852 3989
780 870 4084 4174
870 1026 4283 4439
1026 1045 4714 4733
1045 1094 4840 4889
1094 1251 4931 5088
1251 1393 5188 5330
1393 1476 5442 5525
1476 1633 5695 5852
1633 1731 5961 6059
1731 1945 6336 6550
1945 2040 6883 6978
2040 2114 7186 7260
2114 2267 7385 7538
2267 2428 7747 7908
2428 2540 8258 8370
2540 2702 8481 8643
2702 2830 8770 8898
2830 3060 9437 9667
3060 3176 9749 9865
3176 3377 9988 10189
3377 3552 10502 10677

>ENSEEET00000009285
0 111 510 621
111 252 739 880
252 292 971 1011
292 486 1268 1462
486 635 2179 2328
635 682 3649 3696
682 819 3852 3989
819 915 4084 4180
915 1071 4283 4439
1071 1149 4714 4792
1149 1329 4908 5088
1329 1471 5188 5330
1471 1554 5442 5525
1554 1711 5695 5852
1711 1809 5961 6059
1809 2023 6336 6550
2023 2118 6883 6978
2118 2192 7186 7260
2192 2345 7385 7538
2345 2506 7747 7908
2506 2618 8258 8370
2618 2780 8481 8643
2780 2908 8770 8898
2908 3138 9437 9667
3138 3254 9749 9865
3254 3455 9988 10189
3455 3602 10502 10649
3602 3663 10682 10743

>ENSEEET00000009288
0 111 510 621
111 252 739 880
252 292 971 1011
292 486 1268 1462
486 506 3578 3598
506 553 3649 3696
553 690 3852 3989
690 786 4084 4180
786 942 4283 4439
942 1020 4714 4792
1020 1200 4908 5088
1200 1342 5188 5330
1342 1425 5442 5525
1425 1582 5695 5852
1582 1680 5961 6059
1680 1894 6336 6550
1894 1989 6883 6978
1989 2063 7186 7260
2063 2216 7385 7538
2216 2377 7747 7908
2377 2489 8258 8370
2489 2651 8481 8643
2651 2779 8770 8898
2779 3009 9437 9667
3009 3125 9749 9865
3125 3326 9988 10189
3326 3473 10502 10649
3473 3534 10682 10743

>ENSIPUT00000025734
0 111 1386 1497
111 252 1586 1727
252 361 1892 2001
361 498 2093 2230
498 647 2416 2565
647 694 4426 4473
694 831 4624 4761
831 921 4855 4945
921 1077 6647 6803
1077 1155 6944 7022
1155 1347 7149 7341
1347 1489 7464 7606
1489 1572 9676 9759
1572 1729 9882 10039
1729 1827 10165 10263
1827 2041 10428 10642
2041 2136 10742 10837
2136 2210 10922 10996
2210 2363 11144 11297
2363 2524 11477 11638
2524 2636 11760 11872
2636 2798 11972 12134
2798 2926 12314 12442
2926 3156 12604 12834
3156 3272 12931 13047
3272 3473 13169 13370
3473 3864 13557 13948

>ENSIPUT00000025795
0 31 4442 4473
31 168 4624 4761
168 258 4855 4945
258 414 6647 6803
414 492 6944 7022
492 684 7149 7341
684 826 7464 7606
826 909 9676 9759
909 1066 9882 10039
1066 1164 10165 10263
1164 1378 10428 10642
1378 1473 10742 10837
1473 1547 10922 10996
1547 1700 11144 11297
1700 1861 11477 11638
1861 1976 11760 11875
1976 2112 11972 12108
2112 2160 12189 12237
2160 2275 12327 12442
2275 2505 12604 12834
2505 2621 12931 13047
2621 2822 13169 13370
2822 3213 13557 13948

