>ENSVURT00010009554
0 48 0 48
48 153 31779 31884
153 264 32104 32215
264 386 33542 33664
386 510 36012 36136
510 606 37197 37293
606 712 39491 39597
712 788 39719 39795
788 828 42290 42330
828 915 42428 42515
915 1075 48937 49097
1075 1161 50185 50271
1161 1212 51297 51348

>ENSVURT00010009562
0 48 0 48
48 153 31779 31884
153 275 33542 33664
275 399 36012 36136
399 495 37197 37293
495 601 39491 39597
601 677 39719 39795
677 717 42290 42330
717 804 42428 42515
804 964 48937 49097
964 1050 50185 50271
1050 1101 51297 51348

>ENSPCIT00000001162
0 105 0 105
105 216 325 436
216 338 1807 1929
338 420 4277 4359
420 459 4361 4400
459 555 5415 5511
555 661 7483 7589
661 737 7697 7773
737 777 10290 10330
777 864 10429 10516
864 1024 14770 14930
1024 1110 16037 16123
1110 1161 17334 17385

>ENSMEUT00000009143
0 48 0 48
48 153 17771 17876
153 264 18094 18205
264 386 19743 19865
386 510 22231 22355
510 606 23151 23247
606 712 25244 25350
712 788 25459 25535
788 828 27569 27609
828 915 27719 27806
915 1075 34046 34206
1075 1161 35346 35432

>ENSSHAT00000022082
0 48 0 48
48 153 26480 26585
153 264 26798 26909
264 386 28165 28287
386 510 30601 30725
510 606 31589 31685
606 712 33704 33810
712 788 33913 33989
788 828 35360 35400
828 915 35493 35580
915 1075 40793 40953
1075 1161 41872 41958
1161 1212 43049 43100

>ENSMODT00000006923
0 48 0 48
48 153 23417 23522
153 264 23724 23835
264 386 25566 25688
386 510 28231 28355
510 606 29214 29310
606 712 31658 31764
712 788 31862 31938
788 828 32921 32961
828 915 33060 33147
915 1075 38789 38949
1075 1161 40103 40189
1161 1212 41360 41411

>ENSMODT00000056116
0 48 0 48
48 153 23417 23522
153 264 23724 23835
264 360 29214 29310
360 466 31658 31764
466 542 31862 31938
542 582 32921 32961
582 669 33060 33147
669 829 38789 38949
829 915 40103 40189
915 966 41360 41411

>ENSMODT00000084973
0 66 1332 1398
66 171 23417 23522
171 282 23724 23835
282 404 25566 25688
404 528 28231 28355
528 624 29214 29310
624 730 31658 31764
730 806 31862 31938
806 846 32921 32961
846 933 33060 33147
933 1093 38789 38949
1093 1179 40103 40189
1179 1230 41360 41411

>ENSEEUT00000006596
0 51 0 51
51 156 3930 4035
156 267 4694 4805
267 389 6021 6143
389 513 7011 7135
513 609 8124 8220
609 715 9115 9221
715 791 9311 9387
791 831 10215 10255
831 918 10337 10424
918 1078 11152 11312
1078 1164 14075 14161
1164 1215 15101 15152

>ENSOPRT00000010178
0 51 0 51
51 156 6627 6732
156 267 6832 6943
267 389 8943 9065
389 513 10652 10776
513 609 10876 10972
609 715 12892 12998
715 791 13085 13161
791 831 13933 13973
831 918 14073 14160
918 1078 15710 15870
1078 1164 17790 17876
1164 1215 18725 18776

>ENSOGAT00000006160
0 51 270 321
51 156 13356 13461
156 267 14397 14508
267 389 16061 16183
389 513 18091 18215
513 609 19087 19183
609 715 20991 21097
715 791 21182 21258
791 831 22396 22436
831 918 22523 22610
918 1078 24388 24548
1078 1164 28202 28288
1164 1215 29742 29793

>ENSPCOT00000031377
0 74 32429 32503
74 198 34373 34497
198 294 35500 35596
294 400 37096 37202
400 476 37290 37366
476 516 38223 38263
516 603 38350 38437
603 763 39776 39936
763 849 43598 43684
849 900 45132 45183

>ENSMICT00000014329
0 51 394 445
51 156 12255 12360
156 267 13312 13423
267 389 14355 14477
389 513 15979 16103
513 609 17102 17198
609 715 18713 18819
715 791 18907 18983
791 831 19889 19929
831 918 20016 20103
918 1078 21777 21937
1078 1164 26016 26102
1164 1215 27931 27982

>ENSMICT00000044561
0 93 10072 10165
93 198 12255 12360
198 309 13312 13423
309 431 14355 14477
431 555 15979 16103
555 651 17102 17198
651 757 18713 18819
757 833 18907 18983
833 873 19889 19929
873 960 20016 20103
960 1120 21777 21937
1120 1206 26016 26102
1206 1257 27931 27982

>ENSMICT00000036332
0 19 0 19
19 95 107 183
95 148 1075 1128
148 179 1218 1249
179 325 2650 2796
325 405 7016 7096
405 462 8169 8226

