>ENSCJPT00005007598
0 682 1124 1806
682 818 2842 2978
818 948 8243 8373
948 1050 9019 9121
1050 1209 11109 11268
1209 1403 11971 12165
1403 1497 12283 12377
1497 1604 13481 13588
1604 2823 14087 15306
2823 2994 15579 15750

>ENSCJPT00005007599
0 682 1124 1806
682 818 2842 2978
818 948 8243 8373
948 1050 9019 9121
1050 1209 11109 11268
1209 1403 11971 12165
1403 1497 12283 12377
1497 1604 13481 13588
1604 2823 14087 15306
2823 2994 15579 15750

>ENSCJPT00005007608
0 37 0 37
37 222 2625 2810
222 343 7898 8019
343 785 31761 32203
785 1102 32260 32577
1102 1167 32623 32688
1167 1287 32964 33084

>ENSMGAT00000017155
0 682 0 682
682 818 1719 1855
818 948 6415 6545
948 1050 8034 8136
1050 1209 9609 9768
1209 1403 10498 10692
1403 1497 10799 10893
1497 1604 12494 12601
1604 1848 13212 13456
1848 2790 13498 14440
2790 2961 15307 15478

>ENSGALT00000071599
0 393 0 393
393 1087 8473 9167
1087 1223 10188 10324
1223 1353 17259 17389
1353 1455 18880 18982
1455 1614 21331 21490
1614 1808 22220 22414
1808 1902 22533 22627
1902 2009 24090 24197
2009 3228 24712 25931
3228 3399 26824 26995

>ENSGALT00000105831
0 682 8485 9167
682 818 10188 10324
818 948 17259 17389
948 1050 18880 18982
1050 1209 21331 21490
1209 1403 22220 22414
1403 1497 22533 22627
1497 1604 24090 24197
1604 2823 24712 25931
2823 2994 26824 26995

>ENSGALT00000098484
0 682 8485 9167
682 818 10188 10324
818 948 17259 17389
948 1050 18880 18982
1050 1209 21331 21490
1209 1403 22220 22414
1403 1497 22533 22627
1497 1604 24090 24197
1604 2823 24712 25931
2823 2994 26824 26995

>ENSNMET00000033872
0 166 0 166
166 216 4368 4418
216 910 5468 6162
910 1046 7178 7314
1046 1176 13543 13673
1176 1278 15173 15275
1278 1437 19127 19286
1437 1631 21159 21353
1631 1725 21470 21564
1725 1832 23039 23146
1832 3054 23645 24867
3054 3225 25860 26031

