>ENSNBRT00000019381
0 18 0 18
18 156 1389 1527
156 234 1673 1751
234 282 5837 5885
282 420 5984 6122

>ENSHBUT00000033575
0 18 0 18
18 156 1374 1512
156 234 1658 1736
234 282 5887 5935
282 420 6034 6172

>ENSACIT00000008502
0 18 0 18
18 156 1447 1585
156 234 1711 1789
234 417 6282 6465

>ENSAPET00000028463
0 18 0 18
18 156 2088 2226
156 234 2355 2433
234 372 6389 6527

>ENSAPOT00000014616
0 18 0 18
18 156 1924 2062
156 234 2191 2269
234 414 7135 7315

>ENSSPAT00000012981
0 18 0 18
18 156 1107 1245
156 265 2185 2294
265 405 6713 6853

>ENSPRET00000031689
0 11 0 11
11 138 236 363
138 212 459 533
212 360 4055 4203

>ENSXCOT00000024530
0 18 0 18
18 156 484 622
156 230 711 785
230 378 4343 4491

>ENSCVAT00000002523
0 26 0 26
26 153 1202 1329
153 284 1416 1547
284 432 4514 4662

>ENSSMAT00000023418
0 18 0 18
18 156 103 241
156 234 328 406
234 420 2805 2991

>ENSMALT00000018894
0 18 0 18
18 156 438 576
156 305 835 984
305 369 4869 4933

