>YGL073W_mRNA
0 2502 0 2502

>YJR147W_mRNA
0 1077 0 1077

>FBtr0086782
0 210 554 764
210 319 1522 1631
319 1467 1693 2841
1467 1742 2900 3175
1742 1848 3247 3353
1848 1924 3589 3665
1924 2073 3728 3877

>FBtr0110966
0 210 554 764
210 319 1522 1631
319 1467 1693 2841
1467 1920 2900 3353
1920 1974 3445 3499
1974 2050 3589 3665
2050 2199 3728 3877

>FBtr0110965
0 210 554 764
210 319 1522 1631
319 1467 1693 2841
1467 1742 2900 3175
1742 1848 3247 3353
1848 1902 3445 3499
1902 1978 3589 3665
1978 2127 3728 3877

>FBtr0110964
0 210 554 764
210 319 1522 1631
319 1467 1693 2841
1467 1920 2900 3353
1920 1996 3589 3665
1996 2145 3728 3877

>Y53C10A.12.1
0 228 22 250
228 448 1848 2068
448 582 2740 2874
582 716 3084 3218
716 851 3614 3749
851 1440 4721 5310
1440 1923 6179 6662
1923 2016 8095 8188

>ENSGWIT00000007274
0 738 0 738

>ENSGWIT00000016941
0 175 0 175
175 348 12773 12946
348 352 12988 12992
352 399 13385 13432

>ENSMMOT00000027226
0 374 0 374
374 403 4389 4418
403 444 4454 4495

>ENSCINT00000016228
0 282 5 287
282 464 717 899
464 607 1168 1311
607 802 1683 1878
802 867 2256 2321
867 1031 2378 2542
1031 1266 3459 3694

