>ENSPCAT00000006169
0 42 0 42
42 58 44 60
58 78 61 81
78 168 84 174
168 250 177 259
250 258 264 272
258 282 277 301
282 306 304 328
306 321 11717 11732
321 336 11734 11749
336 342 11750 11756
342 392 11759 11809
392 551 15388 15547
551 645 16796 16890

>ENSPTRT00000047069
0 177 0 177
177 312 180 315
312 416 12467 12571
416 669 16340 16593

>ENSPTRT00000096828
0 177 0 177
177 312 180 315
312 420 16409 16517

>ENSPPAT00000039071
0 315 19 334
315 419 11782 11886
419 672 15641 15894

>ENSPPAT00000039078
0 315 19 334
315 423 15710 15818

