>T15B7.1.1
0 122 74 196
122 211 286 375
211 364 421 574
364 467 2149 2252
467 560 2301 2394
560 783 2533 2756
783 959 3186 3362
959 1036 3443 3520
1036 1119 3566 3649

>T01D3.1a.1
0 52 82 134
52 218 350 516
218 303 893 978
303 751 1354 1802
751 981 1885 2115
981 1062 2376 2457

>T01D3.1b.1
0 52 82 134
52 218 350 516
218 303 893 978
303 751 1354 1802
751 981 1885 2115
981 1056 2376 2451
1056 1272 3264 3480
1272 1422 3524 3674
1422 1585 3752 3915
1585 2482 3970 4867
2482 2820 5141 5479
2820 3132 5531 5843
3132 4016 6185 7069
4016 4191 7114 7289
4191 5148 7337 8294
5148 6951 8339 10142
6951 7164 10192 10405
7164 7737 10579 11152
7737 7799 11201 11263
7799 7944 11310 11455
7944 8332 11520 11908
8332 8455 11955 12078
8455 9681 12126 13352

