>C05C8.8.1
0 140 0 140
140 255 189 304
255 347 372 464
347 538 645 836
538 636 1313 1411
636 789 1455 1608
789 893 2159 2263
893 1160 2306 2573
1160 1320 2673 2833

>K08D9.2.1
0 122 0 122
122 258 174 310
258 541 364 647
541 639 697 795
639 792 840 993
792 896 1269 1373
896 1163 1621 1888
1163 1398 2098 2333

>R08C7.4.1
0 137 0 137
137 249 195 307
249 341 365 457
341 532 609 800
532 630 844 942
630 783 1089 1242
783 887 1347 1451
887 1154 1494 1761
1154 1392 1954 2192

>T06A1.1.1
0 143 6 149
143 255 246 358
255 347 484 576
347 538 633 824
538 636 870 968
636 789 1012 1165
789 893 1244 1348
893 1160 1397 1664
1160 1422 2140 2402

