>FBtr0335258
0 448 35261 35709
448 712 35793 36057
712 1488 36112 36888

>FBtr0111115
0 241 35819 36060
241 1017 36112 36888

>FBtr0086082
0 448 35261 35709
448 715 35793 36060
715 1491 36112 36888

>FBtr0086083
0 448 35261 35709
448 709 35793 36054
709 1485 36112 36888

>FBtr0346118
0 305 606 911
305 1284 1167 2146

>FBtr0073849
0 305 606 911
305 1284 1167 2146

>C28H8.9a.1
0 83 7 90
83 337 216 470
337 543 520 726
543 646 775 878
646 736 1670 1760
736 969 1807 2040
969 1119 2091 2241

>C28H8.9b.1
0 83 7 90
83 337 216 470
337 543 520 726
543 579 1670 1706

>C28H8.9c.1
0 83 7 90
83 337 216 470
337 555 508 726
555 591 1670 1706

