>FBtr0308331
0 24 42433 42457
24 140 56039 56155
140 309 57130 57299
309 446 57365 57502
446 590 57552 57696
590 710 62735 62855
710 957 71547 71794
957 1152 77064 77259

>FBtr0346707
0 153 4339 4492
153 198 9394 9439
198 308 20769 20879
308 489 40338 40519
489 605 56039 56155
605 774 57130 57299
774 911 57365 57502
911 1055 57552 57696
1055 1175 62735 62855
1175 1422 71547 71794
1422 1617 77064 77259

>FBtr0300118
0 153 4339 4492
153 198 9394 9439
198 308 20769 20879
308 489 32168 32349
489 605 56039 56155
605 774 57130 57299
774 911 57365 57502
911 1055 57552 57696
1055 1175 62735 62855
1175 1422 71547 71794
1422 1617 77064 77259

>FBtr0308330
0 101 56054 56155
101 270 57130 57299
270 407 57365 57502
407 551 57552 57696
551 671 62735 62855
671 918 71547 71794
918 1113 77064 77259

>FBtr0308332
0 101 56054 56155
101 270 57130 57299
270 407 57365 57502
407 551 57552 57696
551 671 62735 62855
671 918 71547 71794
918 1113 77064 77259

>FBtr0332872
0 153 4339 4492
153 198 9394 9439
198 308 20769 20879
308 489 32168 32349
489 605 56039 56155
605 774 57130 57299
774 911 57365 57502
911 1055 57552 57696
1055 1302 71547 71794
1302 1497 77064 77259

>FBtr0339652
0 55 37766 37821
55 350 59869 60164
350 531 60344 60525
531 647 65275 65391
647 816 74751 74920
816 953 79402 79539
953 1100 80705 80852
1100 1193 80943 81036
1193 2187 81160 82154
2187 2385 84012 84210

>FBtr0289988
0 55 37766 37821
55 350 59869 60164
350 531 60344 60525
531 647 65275 65391
647 816 74751 74920
816 953 79402 79539
953 1100 80705 80852
1100 1193 80943 81036
1193 2187 81160 82154
2187 2385 84012 84210

>ZC504.2.1
0 37 117 154
37 192 204 359
192 347 1070 1225
347 411 1502 1566
411 549 1858 1996
549 793 2121 2365
793 937 2564 2708
937 1016 2754 2833
1016 1141 2878 3003
1141 1467 3062 3388
1467 1614 3720 3867

>ZC504.2.2
0 37 117 154
37 192 204 359
192 347 1070 1225
347 411 1502 1566
411 549 1858 1996
549 793 2121 2365
793 937 2564 2708
937 1016 2754 2833
1016 1141 2878 3003
1141 1467 3062 3388
1467 1614 3720 3867

