>ENSPMAT00000009268
0 132 0 132
132 149 1184 1201
149 211 2928 2990
211 282 3138 3209
282 439 3788 3945
439 517 4431 4509
517 529 4714 4726
529 669 4937 5077
669 672 14047 14050
672 680 14289 14297
680 707 14377 14404
707 745 15329 15367
745 777 15813 15845
777 844 16045 16112
844 1000 18003 18159
1000 1096 18267 18363
1096 1197 23719 23820
1197 1329 26382 26514
1329 1479 26623 26773
1479 1674 27427 27622
1674 1744 28226 28296
1744 1849 28462 28567
1849 1907 29074 29132
1907 1980 29521 29594
1980 2179 32689 32888
2179 2186 35438 35445
2186 2295 40943 41052
2295 2432 41244 41381
2432 2546 44099 44213
2546 2706 45699 45859

>ENSEBUT00000018860
0 171 15 186
171 262 4506 4597
262 333 16125 16196
333 481 18997 19145
481 559 22069 22147
559 624 22879 22944
624 691 40420 40487
691 835 45724 45868
835 931 47220 47316
931 1026 48549 48644
1026 1158 49443 49575
1158 1302 49830 49974
1302 1500 56951 57149
1500 1570 58444 58514
1570 1669 58721 58820
1669 1727 61892 61950
1727 1800 66700 66773
1800 1996 66887 67083
1996 2118 67571 67693
2118 2226 83193 83301

>ENSEBUT00000018882
0 171 15 186
171 262 4506 4597
262 333 16125 16196
333 481 18997 19145
481 559 22069 22147
559 624 22879 22944
624 691 40420 40487
691 835 45724 45868
835 931 47220 47316
931 1026 48549 48644
1026 1158 49443 49575
1158 1302 49830 49974
1302 1500 56951 57149
1500 1570 58444 58514
1570 1669 58721 58820
1669 1727 61892 61950
1727 1800 66700 66773
1800 1996 66887 67083
1996 2136 67571 67711

>ENSAOWT00000028484
0 213 19 232
213 292 342 421
292 378 1816 1902
378 529 3861 4012
529 607 5232 5310
607 672 7335 7400
672 739 12908 12975
739 874 13924 14059
874 970 15010 15106
970 1071 16785 16886
1071 1203 18897 19029
1203 1353 19538 19688
1353 1542 22901 23090
1542 1612 25155 25225
1612 1708 29646 29742
1708 1766 29869 29927
1766 1839 35114 35187
1839 2026 35643 35830
2026 2148 37291 37413
2148 2291 37923 38066
2291 2405 38592 38706
2405 2589 39669 39853

>ENSAOWT00000028487
0 213 19 232
213 292 342 421
292 378 1816 1902
378 529 3861 4012
529 607 5232 5310
607 672 7335 7400
672 739 12908 12975
739 874 13924 14059
874 970 15010 15106
970 1071 16785 16886
1071 1203 18897 19029
1203 1353 19538 19688
1353 1542 22901 23090
1542 1612 25155 25225
1612 1670 29869 29927
1670 1743 35114 35187
1743 1930 35643 35830
1930 2052 37291 37413
2052 2195 37923 38066
2195 2309 38592 38706
2309 2493 39669 39853

>ENSAOWT00000028505
0 34 727 761
34 120 1816 1902
120 271 3861 4012
271 349 5232 5310
349 414 7335 7400
414 481 12908 12975
481 616 13924 14059
616 712 15010 15106
712 813 16785 16886
813 945 18897 19029
945 1095 19538 19688
1095 1284 22901 23090
1284 1354 25155 25225
1354 1450 29646 29742
1450 1508 29869 29927
1508 1581 35114 35187
1581 1768 35643 35830
1768 1890 37291 37413
1890 2033 37923 38066
2033 2147 38592 38706
2147 2331 39669 39853

>ENSAHAT00000000698
0 213 0 213
213 292 323 402
292 378 1775 1861
378 529 3807 3958
529 607 5178 5256
607 672 7281 7346
672 739 12858 12925
739 874 13873 14008
874 970 14959 15055
970 1071 16734 16835
1071 1203 18847 18979
1203 1353 19484 19634
1353 1542 22838 23027
1542 1612 25091 25161
1612 1708 29626 29722
1708 1766 29849 29907
1766 1839 35096 35169
1839 2026 35625 35812
2026 2148 37273 37395
2148 2291 37905 38048
2291 2405 38572 38686
2405 2562 39676 39833

>ENSARWT00000003228
0 213 50 263
213 292 373 452
292 378 1815 1901
378 529 3867 4018
529 607 5238 5316
607 672 7351 7416
672 739 12914 12981
739 874 13939 14074
874 970 15023 15119
970 1071 16797 16898
1071 1203 18909 19041
1203 1353 19545 19695
1353 1542 22893 23082
1542 1612 25153 25223
1612 1708 29646 29742
1708 1766 29869 29927
1766 1839 35116 35189
1839 2026 35644 35831
2026 2148 37292 37414
2148 2291 37924 38067
2291 2405 38589 38703
2405 2562 39690 39847

>ENSARWT00000003232
0 213 50 263
213 292 373 452
292 378 1815 1901
378 529 3867 4018
529 607 5238 5316
607 672 7351 7416
672 739 12914 12981
739 874 13939 14074
874 970 15023 15119
970 1071 16797 16898
1071 1203 18909 19041
1203 1353 19545 19695
1353 1542 22893 23082
1542 1612 25153 25223
1612 1670 29869 29927
1670 1743 35116 35189
1743 1930 35644 35831
1930 2052 37292 37414
2052 2195 37924 38067
2195 2309 38589 38703
2309 2466 39690 39847

>ENSDNVT00000026873
0 132 122 254
132 211 364 443
211 297 1881 1967
297 448 3906 4057
448 526 5292 5370
526 591 8911 8976
591 658 14473 14540
658 793 15496 15631
793 889 16559 16655
889 990 18587 18688
990 1122 20617 20749
1122 1272 21211 21361
1272 1461 24527 24716
1461 1531 26785 26855
1531 1627 29710 29806
1627 1685 29933 29991
1685 1758 35142 35215
1758 1945 35667 35854
1945 2067 37461 37583
2067 2210 38085 38228
2210 2324 38746 38860
2324 2481 39815 39972

