>ENSVURT00010016025
0 78 26 104
78 141 2366 2429
141 222 4855 4936
222 324 5340 5442
324 458 6383 6517
458 751 6614 6907
751 901 9009 9159
901 1005 13353 13457

>ENSVURT00010016034
0 78 26 104
78 141 2366 2429
141 222 4855 4936
222 324 5340 5442
324 458 6383 6517
458 751 6614 6907
751 901 9009 9159
901 1002 10377 10478

>ENSPCIT00000026708
0 78 129 207
78 141 2172 2235
141 222 4655 4736
222 324 5132 5234
324 458 6302 6436
458 751 6533 6826
751 901 8557 8707
901 978 9908 9985
978 1026 14841 14889

>ENSPCIT00000067981
0 78 129 207
78 159 4655 4736
159 261 5132 5234
261 395 6302 6436
395 688 6533 6826
688 838 8557 8707
838 939 9908 10009

>ENSMODT00000007388
0 78 0 78
78 141 2184 2247
141 222 5749 5830
222 324 6233 6335
324 458 6970 7104
458 751 7199 7492
751 901 9069 9219
901 1002 10589 10690

>ENSOPRT00000000737
0 30 0 30
30 105 31 106
105 239 687 821
239 505 906 1172
505 655 2065 2215
655 756 3319 3420

>ENSOCUT00000037272
0 96 0 96
96 159 785 848
159 240 1444 1525
240 342 2365 2467
342 476 4751 4885
476 742 4961 5227
742 892 6157 6307
892 897 7249 7254
897 1146 11870 12119

>ENSOCUT00000026792
0 96 0 96
96 159 785 848
159 240 1444 1525
240 342 2365 2467
342 476 4751 4885
476 742 4961 5227
742 892 6157 6307
892 993 7249 7350

>ENSOCUT00000056888
0 96 0 96
96 159 785 848
159 240 1444 1525
240 374 4751 4885
374 640 4961 5227
640 790 6157 6307
790 891 7249 7350

>ENSOCUT00000054844
0 96 0 96
96 159 785 848
159 293 4751 4885
293 559 4961 5227
559 709 6157 6307
709 810 7249 7350

>MGP_SPRETEiJ_T0042112
0 96 47 143
96 159 2873 2936
159 240 5593 5674
240 342 6699 6801
342 476 7092 7226
476 742 7307 7573
742 889 8553 8700
889 1005 10310 10426

