>ENSLOCT00000004001
0 60 278 338
60 195 1780 1915
195 414 2485 2704
414 571 3261 3418
571 1398 3982 4809

>ENSLOCT00000004021
0 60 278 338
60 195 1780 1915
195 201 2091 2097
201 420 2485 2704
420 577 3261 3418
577 1400 3982 4805
1400 1422 4837 4859

>ENSCHAT00000034539
0 60 272 332
60 183 710 833
183 402 1500 1719
402 556 2115 2269
556 1386 2382 3212

>ENSDCDT00000006954
0 63 186 249
63 186 387 510
186 405 684 903
405 559 1011 1165
559 1395 1278 2114

>ENSPNAT00000005555
0 210 0 210
210 369 2627 2786
369 1197 4005 4833

