>C17C3.12a.1
0 139 1 140
139 447 193 501
447 684 681 918
684 781 964 1061
781 927 1625 1771

>C17C3.12a.2
0 139 1 140
139 447 193 501
447 684 681 918
684 781 964 1061
781 927 1625 1771

>C17C3.12b.1
0 139 1 140
139 266 193 320
266 503 681 918
503 552 964 1013

>C17C3.12c.1
0 139 1 140
139 447 193 501
447 684 681 918
684 781 964 1061
781 840 1625 1684
840 978 2087 2225
978 1161 2276 2459

>C17C3.12d.1
0 139 1 140
139 397 193 451
397 516 681 800

>C17C3.12e.1
0 139 1 140
139 447 193 501
447 684 681 918
684 781 964 1061
781 822 2087 2128

>C55B7.4a.1
0 175 17 192
175 276 238 339
276 720 646 1090
720 817 1139 1236
817 963 1281 1427
963 1101 1473 1611
1101 1284 1846 2029

>C55B7.4b.1
0 441 649 1090
441 538 1139 1236
538 759 1281 1502

>C55B7.4b.2
0 441 649 1090
441 538 1139 1236
538 759 1281 1502

>C55B7.4b.3
0 441 649 1090
441 538 1139 1236
538 759 1281 1502

>C55B7.4b.4
0 441 649 1090
441 538 1139 1236
538 759 1281 1502

>C55B7.4b.5
0 441 649 1090
441 538 1139 1236
538 759 1281 1502

>C55B7.4b.6
0 441 649 1090
441 538 1139 1236
538 759 1281 1502

>C55B7.4b.7
0 441 649 1090
441 538 1139 1236
538 759 1281 1502

