>FBtr0334171
0 411 10114 10525
411 634 11692 11915
634 898 13303 13567
898 1098 15185 15385
1098 1219 15492 15613
1219 1358 15708 15847
1358 1576 15911 16129
1576 1869 16187 16480
1869 1995 16542 16668
1995 2183 17014 17202
2183 2322 17683 17822
2322 2337 18345 18360
2337 2394 19567 19624
2394 2481 19719 19806
2481 2560 19875 19954
2560 2653 20779 20872
2653 2869 21591 21807
2869 3082 23282 23495
3082 3425 24172 24515
3425 3915 27466 27956

>FBtr0081466
0 411 10114 10525
411 634 11692 11915
634 898 13303 13567
898 1098 15185 15385
1098 1219 15492 15613
1219 1358 15708 15847
1358 1576 15911 16129
1576 1869 16187 16480
1869 1995 16542 16668
1995 2153 17014 17172
2153 2292 17683 17822
2292 2349 19567 19624
2349 2436 19719 19806
2436 2518 19872 19954
2518 2611 20779 20872
2611 2827 21591 21807
2827 3040 23282 23495
3040 3383 24172 24515
3383 3873 27466 27956

>FBtr0306016
0 411 10114 10525
411 634 11692 11915
634 898 13303 13567
898 1098 15185 15385
1098 1219 15492 15613
1219 1358 15708 15847
1358 1576 15911 16129
1576 1869 16187 16480
1869 1995 16542 16668
1995 2153 17014 17172
2153 2292 17683 17822
2292 2349 19567 19624
2349 2436 19719 19806
2436 2611 19872 20047
2611 2704 20779 20872
2704 2920 21591 21807
2920 3133 23282 23495
3133 3476 24172 24515
3476 3498 26663 26685

>FBtr0299908
0 411 10114 10525
411 634 11692 11915
634 898 13303 13567
898 1098 15185 15385
1098 1219 15492 15613
1219 1358 15708 15847
1358 1576 15911 16129
1576 1869 16187 16480
1869 1995 16542 16668
1995 2153 17014 17172
2153 2292 17683 17822
2292 2349 19567 19624
2349 2436 19719 19806
2436 2518 19872 19954
2518 2611 20779 20872
2611 2824 23282 23495
2824 3167 24172 24515
3167 3657 27466 27956

>FBtr0306015
0 411 10114 10525
411 634 11692 11915
634 898 13303 13567
898 1098 15185 15385
1098 1219 15492 15613
1219 1358 15708 15847
1358 1576 15911 16129
1576 1869 16187 16480
1869 1995 16542 16668
1995 2153 17014 17172
2153 2292 17683 17822
2292 2349 19567 19624
2349 2436 19719 19806
2436 2518 19872 19954
2518 2611 20779 20872
2611 2827 21591 21807
2827 3040 23282 23495
3040 3383 24172 24515
3383 3666 25437 25720

>FBtr0334172
0 411 10114 10525
411 634 11692 11915
634 898 13303 13567
898 1098 15185 15385
1098 1219 15492 15613
1219 1358 15708 15847
1358 1576 15911 16129
1576 1869 16187 16480
1869 1995 16542 16668
1995 2183 17014 17202
2183 2322 17683 17822
2322 2379 19567 19624
2379 2466 19719 19806
2466 2548 19872 19954
2548 2671 20749 20872
2671 2884 23282 23495
2884 3227 24172 24515
3227 3509 25437 25719
3509 3531 26663 26685

>FBtr0334173
0 411 10114 10525
411 634 11692 11915
634 898 13303 13567
898 1098 15185 15385
1098 1219 15492 15613
1219 1358 15708 15847
1358 1576 15911 16129
1576 1869 16187 16480
1869 1995 16542 16668
1995 2183 17014 17202
2183 2322 17683 17822
2322 2379 19567 19624
2379 2466 19719 19806
2466 2641 19872 20047
2641 2764 20749 20872
2764 2977 23282 23495
2977 3281 24211 24515
3281 3771 27466 27956

>FBtr0299910
0 411 10114 10525
411 634 11692 11915
634 898 13303 13567
898 1098 15185 15385
1098 1219 15492 15613
1219 1358 15708 15847
1358 1576 15911 16129
1576 1869 16187 16480
1869 1995 16542 16668
1995 2183 17014 17202
2183 2322 17683 17822
2322 2379 19567 19624
2379 2466 19719 19806
2466 2548 19872 19954
2548 2641 20779 20872
2641 2854 23282 23495
2854 3197 24172 24515
3197 3687 27466 27956

>FBtr0299909
0 411 10114 10525
411 634 11692 11915
634 898 13303 13567
898 1098 15185 15385
1098 1219 15492 15613
1219 1358 15708 15847
1358 1576 15911 16129
1576 1869 16187 16480
1869 2016 16542 16689

>FBtr0299911
0 411 10114 10525
411 634 11692 11915
634 898 13303 13567
898 1098 15185 15385
1098 1219 15492 15613
1219 1358 15708 15847
1358 1576 15911 16129
1576 1869 16187 16480
1869 1995 16542 16668
1995 2169 16765 16939

>FBtr0299912
0 411 10114 10525
411 634 11692 11915
634 898 13303 13567
898 1098 15185 15385
1098 1219 15492 15613
1219 1358 15708 15847
1358 1576 15911 16129
1576 1869 16187 16480
1869 1995 16542 16668
1995 2153 17014 17172
2153 2292 17683 17822
2292 2349 19567 19624
2349 2436 19719 19806
2436 2611 19872 20047
2611 2704 20779 20872
2704 2920 21591 21807
2920 3133 23282 23495
3133 3476 24172 24515
3476 3966 27466 27956

>FBtr0081467
0 411 10114 10525
411 634 11692 11915
634 898 13303 13567
898 1098 15185 15385
1098 1219 15492 15613
1219 1358 15708 15847
1358 1576 15911 16129
1576 1869 16187 16480
1869 1995 16542 16668
1995 2153 17014 17172
2153 2292 17683 17822
2292 2349 19567 19624
2349 2436 19719 19806
2436 2518 19872 19954
2518 2611 20779 20872
2611 2827 21591 21807
2827 3040 23282 23495
3040 3383 24172 24515
3383 3873 27466 27956

>F14B8.1a.1
0 4 121 125
4 85 689 770
85 194 1083 1192
194 349 3074 3229
349 965 3585 4201
965 1169 4315 4519
1169 1285 4564 4680
1285 1494 4730 4939
1494 1636 4984 5126
1636 1727 5174 5265
1727 1972 5351 5596
1972 2107 5642 5777
2107 2250 6109 6252

>F14B8.1a.2
0 4 121 125
4 85 689 770
85 194 1083 1192
194 349 3074 3229
349 965 3585 4201
965 1169 4315 4519
1169 1285 4564 4680
1285 1494 4730 4939
1494 1636 4984 5126
1636 1727 5174 5265
1727 1972 5351 5596
1972 2107 5642 5777
2107 2250 6109 6252

>F14B8.1b.1
0 154 3075 3229
154 770 3585 4201
770 974 4315 4519
974 1090 4564 4680
1090 1299 4730 4939
1299 1441 4984 5126
1441 1532 5174 5265
1532 1777 5351 5596
1777 1912 5642 5777
1912 2055 6109 6252

