>ENSGAGT00000037300
0 89 151 240
89 242 1830 1983
242 316 53857 53931
316 420 65629 65733
420 561 68723 68864
561 687 74111 74237
687 809 133081 133203
809 930 195313 195434

>ENSGAGT00000037301
0 89 151 240
89 242 1830 1983
242 316 53857 53931
316 420 65629 65733
420 561 68723 68864
561 687 74111 74237
687 809 133081 133203
809 876 143950 144017

>ENSCABT00000024268
0 89 0 89
89 242 65503 65656
242 316 67139 67213
316 420 78914 79018
420 561 82132 82273
561 687 87524 87650
687 809 143944 144066
809 930 213869 213990

