>FBtr0079624
0 13 34 47
13 852 107 946
852 991 1005 1144
991 1125 1199 1333

>FBtr0339567
0 13 11 24
13 849 79 915
849 988 973 1112
988 1110 1172 1294

>FBtr0081450
0 13 11 24
13 849 79 915
849 988 973 1112
988 1116 1166 1294

>FBtr0079470
0 13 11 24
13 855 81 923
855 994 975 1114
994 1134 1167 1307

>FBtr0335485
0 13 11 24
13 855 81 923
855 994 975 1114
994 1134 1167 1307

>FBtr0300357
0 13 50 63
13 858 334 1179
858 1000 1237 1379
1000 1116 1449 1565

>FBtr0110841
0 13 17 30
13 852 86 925
852 1015 979 1142
1015 1152 1199 1336

>FBtr0079557
0 756 64 820
756 919 873 1036
919 1038 1102 1221

>FBtr0309371
0 888 1009 1897
888 1030 2303 2445
1030 1158 2509 2637

>FBtr0086164
0 7 866 873
7 942 962 1897
942 1084 2303 2445
1084 1212 2509 2637

>FBtr0110777
0 1018 10 1028
1018 1137 1089 1208

