>FBtr0100174
0 5 10391 10396
5 327 17102 17424
327 560 17488 17721
560 813 18151 18404
813 1536 18548 19271
1536 1695 19342 19501
1695 1917 19562 19784
1917 2035 19844 19962
2035 2061 20028 20054

>FBtr0114623
0 893 13843 14736
893 1215 17102 17424
1215 1448 17488 17721
1448 1689 18163 18404
1689 2415 18545 19271
2415 2574 19342 19501
2574 2796 19562 19784
2796 2914 19844 19962
2914 2940 20028 20054

>FBtr0086584
0 440 13843 14283
440 762 17102 17424
762 995 17488 17721
995 1248 18151 18404
1248 1974 18545 19271
1974 2133 19342 19501
2133 2355 19562 19784
2355 2476 19841 19962
2476 2502 20028 20054

>FBtr0086582
0 5 10391 10396
5 327 17102 17424
327 560 17488 17721
560 801 18163 18404
801 1527 18545 19271
1527 1686 19342 19501
1686 1908 19562 19784
1908 2026 19844 19962
2026 2052 20028 20054

>FBtr0340450
0 5 10391 10396
5 327 17102 17424
327 560 17488 17721
560 813 18151 18404
813 1467 18617 19271
1467 1626 19342 19501
1626 1848 19562 19784
1848 1966 19844 19962
1966 1992 20028 20054

>FBtr0086583
0 5 10391 10396
5 327 17102 17424
327 560 17488 17721
560 801 18163 18404
801 1527 18545 19271
1527 1686 19342 19501
1686 1908 19562 19784
1908 2026 19844 19962
2026 2052 20028 20054

>FBtr0100176
0 5 10391 10396
5 327 17102 17424
327 560 17488 17721
560 801 18163 18404
801 1527 18545 19271
1527 1686 19342 19501
1686 1908 19562 19784
1908 2026 19844 19962
2026 2052 20028 20054

>Y50D4C.1a.1
0 5 172 177
5 385 2562 2942
385 482 4562 4659
482 904 7702 8124
904 1148 10391 10635
1148 1274 11671 11797
1274 1407 12738 12871

>Y50D4C.1b.1
0 343 2599 2942
343 440 4562 4659
440 933 7702 8195

>Y50D4C.1c.1
0 5 172 177
5 385 2562 2942
385 482 4562 4659
482 975 7702 8195

>Y50D4C.1d.1
0 355 2587 2942
355 452 4562 4659
452 874 7702 8124
874 1118 10391 10635
1118 1244 11671 11797
1244 1377 12738 12871

>Y50D4C.1e.1
0 59 4600 4659
59 481 7702 8124
481 725 10391 10635
725 851 11671 11797
851 984 12738 12871

>Y50D4C.1f.1
0 127 7997 8124
127 371 10391 10635
371 497 11671 11797
497 630 12738 12871

>Y50D4C.1g.1
0 233 10402 10635
233 359 11671 11797
359 492 12738 12871

