>ENSVURT00010022562
0 70 173658 173728
70 203 183469 183602
203 373 186729 186899
373 543 200978 201148
543 685 201866 202008
685 785 203229 203329
785 855 203831 203901
855 1878 205961 206984

>ENSMEUT00000009201
0 70 0 70
70 203 2779 2912
203 373 6196 6366
373 543 24544 24714
543 685 25441 25583
685 785 25744 25844
785 855 26517 26587
855 1869 27965 28979

>ENSSHAT00000010074
0 43 76382 76425
43 176 122505 122638
176 346 130144 130314
346 516 142161 142331
516 658 142824 142966
658 758 144095 144195
758 828 144694 144764
828 1857 146783 147812

>ENSSHAT00000010075
0 18 121278 121296
18 42 121838 121862
42 209 122471 122638
209 379 130144 130314
379 549 142161 142331
549 691 142824 142966
691 791 144095 144195
791 861 144694 144764
861 1890 146783 147812

>ENSMODT00000077042
0 103 236562 236665
103 236 243445 243578
236 406 251071 251241
406 576 255664 255834
576 718 256324 256466
718 818 257616 257716
818 888 258191 258261
888 1861 260685 261658
1861 1878 261742 261759

>ENSMODT00000025937
0 103 236562 236665
103 236 243445 243578
236 406 251071 251241
406 576 255664 255834
576 718 256324 256466
718 818 257616 257716
818 888 258191 258261
888 1911 260685 261708

>ENSMODT00000061633
0 43 187164 187207
43 176 243445 243578
176 346 251071 251241
346 516 255664 255834
516 658 256324 256466
658 758 257616 257716
758 828 258191 258261
828 1851 260685 261708

>ENSCLAT00000012721
0 67 133881 133948
67 200 137102 137235
200 370 138543 138713
370 540 149005 149175
540 682 150559 150701
682 782 151913 152013
782 852 155091 155161
852 1860 157003 158011

>ENSCLAT00000012722
0 67 133881 133948
67 200 137102 137235
200 370 138543 138713
370 540 149005 149175
540 682 150559 150701
682 782 151913 152013
782 852 155091 155161
852 1860 157003 158011

>ENSCPOT00000040802
0 70 45 115
70 203 3061 3194
203 373 4528 4698
373 543 8434 8604
543 685 12467 12609
685 785 13953 14053
785 855 14968 15038
855 1863 16910 17918

