>ENSDNVT00000019795
0 550 1840 2390
550 699 3491 3640
699 906 3859 4066
906 1035 4475 4604
1035 1080 5194 5239
1080 1159 6174 6253
1159 1341 6720 6902
1341 2391 7889 8939

>ENSDNVT00000019797
0 550 1840 2390
550 699 3491 3640
699 906 3859 4066
906 1035 4475 4604
1035 1114 6174 6253
1114 1296 6720 6902
1296 2346 7889 8939

>ENSNPET00000009198
0 550 0 550
550 703 1707 1860
703 909 2061 2267
909 1038 2707 2836
1038 1083 3421 3466
1083 1159 4389 4465
1159 1341 4901 5083
1341 2391 6122 7172

>ENSAHAT00000027660
0 550 0 550
550 699 1655 1804
699 912 2023 2236
912 1041 2650 2779
1041 1086 3373 3418
1086 1165 4362 4441
1165 1347 4910 5092
1347 2397 6114 7164

>ENSAOWT00000024550
0 550 0 550
550 699 1662 1811
699 912 2030 2243
912 1041 2657 2786
1041 1086 3380 3425
1086 1165 4369 4448
1165 1347 4917 5099
1347 2397 6121 7171

>ENSARWT00000003146
0 550 0 550
550 699 1671 1820
699 912 2035 2248
912 1041 2662 2791
1041 1086 3385 3430
1086 1165 4371 4450
1165 1347 4920 5102
1347 2397 6136 7186

