>ENST00000524115
0 162 3462 3624
162 408 4123 4369

>ENST00000518699
0 382 325 707
382 552 2582 2752
552 798 4123 4369

>ENSPPYT00000021627
0 117 0 117
117 165 120 168
165 411 600 846

>ENSMMUT00000020643
0 54 0 54
54 156 58 160
156 402 631 877

>ENSCAPT00000020376
0 382 0 382
382 552 1956 2126

>ENSSART00000001194
0 382 0 382
382 552 12248 12418
552 774 14111 14333

>ENSEEUT00000011490
0 183 0 183
183 234 185 236
234 250 238 254
250 279 255 284
279 313 286 320
313 373 321 381
373 543 3323 3493
543 780 8120 8357

