>ENSCHAT00000056181
0 619 919 1538
619 960 2530 2871
960 1093 2985 3118
1093 1551 3289 3747
1551 1738 3867 4054
1738 1917 4413 4592
1917 2093 4710 4886
2093 2823 5018 5748

>ENSDCDT00000006438
0 577 244 821
577 918 1514 1855
918 1051 1944 2077
1051 1768 2414 3131
1768 1947 3220 3399
1947 2123 3484 3660
2123 2829 3739 4445

>ENSDCDT00000006441
0 577 244 821
577 918 1514 1855
918 1051 1944 2077
1051 1509 2414 2872
1509 1696 2944 3131
1696 1875 3220 3399
1875 2051 3484 3660
2051 2757 3739 4445

>ENSEEET00000040082
0 4 0 4
4 598 630 1224
598 646 1723 1771
646 987 2130 2471
987 1120 2618 2751
1120 1536 2896 3312
1536 1557 3405 3426
1557 1744 3459 3646
1744 1923 3738 3917
1923 2099 4009 4185
2099 2823 4275 4999

>ENSEEET00000040083
0 4 0 4
4 607 630 1233
607 948 2130 2471
948 1081 2618 2751
1081 1497 2896 3312
1497 1518 3405 3426
1518 1705 3459 3646
1705 1884 3738 3917
1884 2060 4009 4185
2060 2784 4275 4999

>ENSEEET00000040121
0 517 635 1152
517 858 2130 2471
858 991 2618 2751
991 1434 2896 3339
1434 1615 3459 3640
1615 1794 3738 3917
1794 1970 4009 4185
1970 2361 4275 4666
2361 2373 5457 5469

>ENSEEET00000040123
0 586 638 1224
586 927 2130 2471
927 1060 2618 2751
1060 1518 2896 3354
1518 1705 3459 3646
1705 1884 3738 3917
1884 2060 4009 4185
2060 2784 4275 4999

>ENSIPUT00000014712
0 613 585 1198
613 954 1816 2157
954 1087 2310 2443
1087 1545 2552 3010
1545 1732 3093 3280
1732 1911 3370 3549
1911 2087 3668 3844
2087 2802 3929 4644

>ENSIPUT00000014726
0 585 585 1170
585 634 1435 1484
634 975 1816 2157
975 1108 2310 2443
1108 1551 2552 2995
1551 1738 3093 3280
1738 1917 3370 3549
1917 2093 3668 3844
2093 2808 3929 4644

