>FBtr0071404
0 24 275 299
24 435 14778 15189
435 666 15258 15489
666 1568 28050 28952
1568 1729 29022 29183
1729 1959 29248 29478
1959 2167 29542 29750
2167 2391 29813 30037

>FBtr0100193
0 66 15423 15489
66 968 28050 28952
968 1129 29022 29183
1129 1359 29248 29478
1359 1567 29542 29750
1567 1791 29813 30037

>FBtr0100192
0 671 28281 28952
671 832 29022 29183
832 1062 29248 29478
1062 1270 29542 29750
1270 1494 29813 30037

>FBtr0333427
0 671 28281 28952
671 832 29022 29183
832 1062 29248 29478
1062 1270 29542 29750
1270 1494 29813 30037

>FBtr0303558
0 3 9404 9407
3 414 14778 15189
414 645 15258 15489
645 1547 28050 28952
1547 1708 29022 29183
1708 1938 29248 29478
1938 2146 29542 29750
2146 2370 29813 30037

>FBtr0071406
0 39 13396 13435
39 450 14778 15189
450 681 15258 15489
681 1583 28050 28952
1583 1744 29022 29183
1744 1974 29248 29478
1974 2182 29542 29750
2182 2406 29813 30037

>FBtr0071405
0 114 8547 8661
114 525 14778 15189
525 756 15258 15489
756 1658 28050 28952
1658 1819 29022 29183
1819 2049 29248 29478
2049 2257 29542 29750
2257 2481 29813 30037

>FBtr0303559
0 671 28281 28952
671 832 29022 29183
832 1062 29248 29478
1062 1270 29542 29750
1270 1494 29813 30037

>FBtr0071407
0 671 28281 28952
671 832 29022 29183
832 1062 29248 29478
1062 1270 29542 29750
1270 1494 29813 30037

>F44F4.2.1
0 135 22 157
135 365 202 432
365 468 482 585
468 875 633 1040
875 1319 1091 1535
1319 1668 1581 1930

>F44F4.2.2
0 135 22 157
135 365 202 432
365 468 482 585
468 875 633 1040
875 1319 1091 1535
1319 1668 1581 1930

