>FBtr0335242
0 218 33 251
218 678 302 762
678 2443 821 2586
2443 3745 2677 3979
3745 3955 4156 4366
3955 4247 4427 4719
4247 4883 4779 5415
4883 4949 5502 5568
4949 5427 5634 6112

>FBtr0335241
0 218 33 251
218 678 302 762
678 2443 821 2586
2443 3745 2677 3979
3745 3955 4156 4366
3955 4247 4427 4719
4247 4883 4779 5415
4883 4949 5502 5568
4949 5427 5634 6112

>FBtr0110826
0 302 8817 9119
302 445 9171 9314
445 529 9553 9637
529 670 9694 9835
670 747 9914 9991

>FBtr0343018
0 302 8817 9119
302 445 9171 9314
445 529 9553 9637
529 670 9694 9835
670 718 9914 9962
718 858 10180 10320
858 1865 10387 11394
1865 1986 11456 11577
1986 2177 11741 11932
2177 2515 11992 12330
2515 3171 12387 13043
3171 4430 13225 14484
4430 5136 14558 15264
5136 5994 15633 16491

>FBtr0299591
0 302 8817 9119
302 445 9171 9314
445 529 9553 9637
529 670 9694 9835
670 810 10180 10320
810 1817 10387 11394
1817 1938 11456 11577
1938 2129 11741 11932
2129 2467 11992 12330
2467 3120 12390 13043
3120 4379 13225 14484
4379 5085 14558 15264
5085 5943 15633 16491

>FBtr0110827
0 302 8817 9119
302 445 9171 9314
445 529 9553 9637
529 670 9694 9835
670 718 9914 9962
718 858 10180 10320
858 1865 10387 11394
1865 1986 11456 11577
1986 2177 11741 11932
2177 2515 11992 12330
2515 3168 12390 13043
3168 4427 13225 14484
4427 5133 14558 15264
5133 5991 15633 16491

>FBtr0300938
0 218 2467 2685
218 804 2786 3372
804 948 3439 3583
948 1705 3638 4395
1705 2190 4711 5196
2190 2470 5286 5566
2470 2981 5943 6454
2981 3667 6676 7362
3667 3806 8053 8192
3806 3989 8250 8433
3989 4649 8637 9297
4649 4715 9370 9436
4715 4965 9587 9837

>ENSCINT00000036164
0 131 3514 3645
131 246 4647 4762
246 354 5130 5238
354 432 5620 5698

