>ENSEBUT00000003414
0 121 1487 1608
121 193 12034 12106
193 375 36361 36543
375 497 41601 41723
497 627 41872 42002

>ENSLBET00000008379
0 118 636 754
118 190 2829 2901
190 372 3001 3183
372 494 4004 4126
494 597 6466 6569

>ENSLBET00000008388
0 118 636 754
118 190 2829 2901
190 372 3001 3183
372 494 4004 4126
494 618 4401 4525

>ENSLBET00000025851
0 118 926 1044
118 190 3114 3186
190 372 3287 3469
372 494 4240 4362
494 618 4629 4753

>ENSLBET00000025866
0 118 926 1044
118 190 3114 3186
190 372 3287 3469
372 494 4240 4362
494 579 7830 7915

>ENSORLT00000028062
0 118 491 609
118 190 1258 1330
190 372 1407 1589
372 494 2740 2862
494 615 4367 4488

