>FBtr0301500
0 92 1312 1404
92 271 1929 2108
271 556 2174 2459
556 647 2524 2615
647 784 3162 3299
784 882 3363 3461
882 1389 5484 5991
1389 1548 8153 8312
1548 1680 8372 8504

>FBtr0343648
0 92 1312 1404
92 271 1929 2108
271 556 2174 2459
556 647 2524 2615
647 784 3162 3299
784 882 3363 3461
882 966 4186 4270
966 1125 8153 8312
1125 1257 8372 8504

>FBtr0343587
0 92 1312 1404
92 271 1929 2108
271 556 2174 2459
556 647 2524 2615
647 784 3162 3299
784 882 3363 3461
882 1041 8153 8312
1041 1173 8372 8504

>FBtr0301501
0 92 1312 1404
92 271 1929 2108
271 556 2174 2459
556 647 2524 2615
647 784 3162 3299
784 882 3363 3461
882 1389 5484 5991
1389 1548 8153 8312
1548 1680 8372 8504

>FBtr0090002
0 92 1312 1404
92 271 1929 2108
271 556 2174 2459
556 647 2524 2615
647 784 3162 3299
784 882 3363 3461
882 966 4186 4270
966 1125 8153 8312
1125 1257 8372 8504

>Y50D7A.3a.1
0 105 24 129
105 292 1562 1749
292 486 2926 3120
486 731 4740 4985
731 996 6590 6855
996 1101 8521 8626
1101 1272 9245 9416
1272 1458 9676 9862

>Y50D7A.3b.1
0 105 24 129
105 303 1562 1760

>ENSCINT00000019808
0 98 37 135
98 268 247 417
268 323 637 692
323 389 1330 1396
389 462 2144 2217
462 553 3002 3093
553 674 3396 3517
674 798 3722 3846
798 933 4120 4255
933 1263 4754 5084

>ENSCSAVT00000002879
0 89 21 110
89 259 793 963
259 314 1224 1279
314 380 1741 1807
380 453 2673 2746
453 544 3900 3991
544 665 4377 4498
665 789 5608 5732
789 924 6690 6825
924 1251 7272 7599

