>ENSOANT00000038726
0 78 3815 3893
78 112 9406 9440
112 295 11395 11578
295 570 14524 14799
570 732 17571 17733

>ENSPCIT00000026148
0 52 0 52
52 105 12180 12233
105 210 18597 18702
210 311 30118 30219
311 509 48993 49191
509 704 58082 58277
704 823 78588 78707
823 1005 84544 84726
1005 1372 87978 88345
1372 1536 89162 89326
1536 1683 94144 94291
1683 1717 101002 101036
1717 1897 103509 103689
1897 2163 105180 105446
2163 2300 107438 107575
2300 2417 111236 111353
2417 2540 115840 115963
2540 2633 120906 120999
2633 2758 131729 131854
2758 2811 134935 134988
2811 2855 153170 153214
2855 2924 153616 153685
2924 3075 155363 155514
3075 3132 156656 156713
3132 3156 159887 159911

>ENSPCIT00000057346
0 52 0 52
52 105 12180 12233
105 206 30118 30219
206 401 58082 58277
401 520 78588 78707
520 702 84544 84726
702 1069 87978 88345
1069 1233 89162 89326
1233 1380 94144 94291
1380 1414 101002 101036
1414 1594 103509 103689
1594 1860 105180 105446
1860 1997 107438 107575
1997 2114 111236 111353
2114 2237 115840 115963
2237 2330 120906 120999
2330 2455 131729 131854
2455 2508 134935 134988
2508 2552 153170 153214
2552 2621 153616 153685
2621 2772 155363 155514
2772 2829 156656 156713
2829 2853 159887 159911

>ENSPCIT00000026151
0 52 0 52
52 105 12180 12233
105 210 18597 18702
210 311 30118 30219
311 509 48993 49191
509 704 58082 58277
704 823 78588 78707
823 1005 84544 84726
1005 1372 87978 88345
1372 1536 89162 89326
1536 1683 94144 94291
1683 1717 101002 101036
1717 1897 103509 103689
1897 2163 105180 105446
2163 2300 107438 107575
2300 2417 111236 111353
2417 2540 115840 115963
2540 2633 120906 120999
2633 2758 131729 131854
2758 2811 134935 134988
2811 2855 153170 153214
2855 2924 153616 153685
2924 3075 155363 155514
3075 3213 156656 156794

>ENSPCIT00000026152
0 52 0 52
52 105 12180 12233
105 210 18597 18702
210 311 30118 30219
311 509 48993 49191
509 704 58082 58277
704 823 78588 78707
823 1005 84544 84726
1005 1372 87978 88345
1372 1536 89162 89326
1536 1683 94144 94291
1683 1717 101002 101036
1717 1897 103509 103689
1897 2163 105180 105446
2163 2300 107438 107575
2300 2417 111236 111353
2417 2540 115840 115963
2540 2633 120906 120999
2633 2758 131729 131854
2758 2811 134935 134988
2811 2855 153170 153214
2855 3006 155363 155514
3006 3144 156656 156794

>ENSPCIT00000026156
0 52 0 52
52 105 12180 12233
105 210 18597 18702
210 311 30118 30219
311 509 48993 49191
509 628 78588 78707
628 810 84544 84726
810 1177 87978 88345
1177 1341 89162 89326
1341 1488 94144 94291
1488 1522 101002 101036
1522 1702 103509 103689
1702 1968 105180 105446
1968 2105 107438 107575
2105 2222 111236 111353
2222 2345 115840 115963
2345 2438 120906 120999
2438 2563 131729 131854
2563 2616 134935 134988
2616 2660 153170 153214
2660 2729 153616 153685
2729 2880 155363 155514
2880 3018 156656 156794

>ENSPCIT00000026159
0 52 0 52
52 105 12180 12233
105 210 18597 18702
210 311 30118 30219
311 506 58082 58277
506 625 78588 78707
625 807 84544 84726
807 1174 87978 88345
1174 1338 89162 89326
1338 1485 94144 94291
1485 1519 101002 101036
1519 1699 103509 103689
1699 1965 105180 105446
1965 2102 107438 107575
2102 2219 111236 111353
2219 2342 115840 115963
2342 2435 120906 120999
2435 2560 131729 131854
2560 2613 134935 134988
2613 2657 153170 153214
2657 2726 153616 153685
2726 2877 155363 155514
2877 3015 156656 156794

>ENSPCIT00000026163
0 52 0 52
52 105 12180 12233
105 210 18597 18702
210 311 30118 30219
311 430 78588 78707
430 612 84544 84726
612 979 87978 88345
979 1143 89162 89326
1143 1290 94144 94291
1290 1324 101002 101036
1324 1504 103509 103689
1504 1770 105180 105446
1770 1907 107438 107575
1907 2024 111236 111353
2024 2147 115840 115963
2147 2240 120906 120999
2240 2365 131729 131854
2365 2418 134935 134988
2418 2462 153170 153214
2462 2531 153616 153685
2531 2682 155363 155514
2682 2820 156656 156794

>ENSPCIT00000026167
0 185 49006 49191
185 380 58082 58277
380 499 78588 78707
499 681 84544 84726
681 1048 87978 88345
1048 1212 89162 89326
1212 1359 94144 94291
1359 1393 101002 101036
1393 1573 103509 103689
1573 1839 105180 105446
1839 1976 107438 107575
1976 2093 111236 111353
2093 2216 115840 115963
2216 2309 120906 120999
2309 2434 131729 131854
2434 2487 134935 134988
2487 2531 153170 153214
2531 2600 153616 153685
2600 2751 155363 155514
2751 2889 156656 156794

>ENSPCIT00000059912
0 185 49006 49191
185 380 58082 58277
380 499 78588 78707
499 681 84544 84726
681 1048 87978 88345
1048 1212 89162 89326
1212 1359 94144 94291
1359 1393 101002 101036
1393 1573 103509 103689
1573 1839 105180 105446
1839 1976 107438 107575
1976 2093 111236 111353
2093 2216 115840 115963
2216 2309 120906 120999
2309 2434 131729 131854
2434 2487 134935 134988
2487 2531 153170 153214
2531 2600 153616 153685
2600 2751 155363 155514
2751 2889 156656 156794

>ENSVURT00010019691
0 52 0 52
52 105 11325 11378
105 210 17553 17658
210 311 29197 29298
311 509 54803 55001
509 704 64321 64516
704 823 88799 88918
823 1005 94612 94794
1005 1363 98057 98415
1363 1527 99228 99392
1527 1674 104169 104316
1674 1708 108537 108571
1708 1888 110991 111171
1888 2154 112508 112774
2154 2291 114775 114912
2291 2408 118759 118876
2408 2531 123471 123594
2531 2624 128541 128634
2624 2749 139725 139850
2749 2766 142979 142996
2766 2810 159159 159203
2810 2879 159613 159682
2879 3030 161353 161504
3030 3168 162658 162796

>ENSVURT00010019705
0 52 0 52
52 105 11325 11378
105 210 17553 17658
210 311 29197 29298
311 509 54803 55001
509 628 88799 88918
628 810 94612 94794
810 1168 98057 98415
1168 1332 99228 99392
1332 1479 104169 104316
1479 1513 108537 108571
1513 1693 110991 111171
1693 1959 112508 112774
1959 2096 114775 114912
2096 2213 118759 118876
2213 2336 123471 123594
2336 2429 128541 128634
2429 2554 139725 139850
2554 2571 142979 142996
2571 2615 159159 159203
2615 2684 159613 159682
2684 2835 161353 161504
2835 2973 162658 162796

>ENSVURT00010019714
0 52 0 52
52 105 11325 11378
105 210 17553 17658
210 311 29197 29298
311 506 64321 64516
506 625 88799 88918
625 807 94612 94794
807 1165 98057 98415
1165 1329 99228 99392
1329 1476 104169 104316
1476 1510 108537 108571
1510 1690 110991 111171
1690 1956 112508 112774
1956 2093 114775 114912
2093 2210 118759 118876
2210 2333 123471 123594
2333 2426 128541 128634
2426 2551 139725 139850
2551 2568 142979 142996
2568 2612 159159 159203
2612 2681 159613 159682
2681 2832 161353 161504
2832 2970 162658 162796

>ENSVURT00010019740
0 52 0 52
52 105 11325 11378
105 210 17553 17658
210 311 29197 29298
311 430 88799 88918
430 612 94612 94794
612 970 98057 98415
970 1134 99228 99392
1134 1281 104169 104316
1281 1315 108537 108571
1315 1495 110991 111171
1495 1761 112508 112774
1761 1898 114775 114912
1898 2015 118759 118876
2015 2138 123471 123594
2138 2231 128541 128634
2231 2356 139725 139850
2356 2373 142979 142996
2373 2417 159159 159203
2417 2486 159613 159682
2486 2637 161353 161504
2637 2775 162658 162796

>ENSVURT00010019761
0 7 10966 10973
7 60 11325 11378
60 165 17553 17658
165 266 29197 29298
266 464 54803 55001
464 659 64321 64516
659 778 88799 88918
778 960 94612 94794
960 1318 98057 98415
1318 1482 99228 99392
1482 1629 104169 104316
1629 1663 108537 108571
1663 1843 110991 111171
1843 2109 112508 112774
2109 2246 114775 114912
2246 2363 118759 118876
2363 2486 123471 123594
2486 2579 128541 128634
2579 2704 139725 139850
2704 2721 142979 142996
2721 2765 159159 159203
2765 2834 159613 159682
2834 2985 161353 161504
2985 3123 162658 162796

>ENSMODT00000002445
0 52 689 741
52 105 19071 19124
105 210 34290 34395
210 311 43628 43729
311 509 69990 70188
509 704 78794 78989
704 823 100302 100421
823 1005 112624 112806
1005 1363 115544 115902
1363 1527 116809 116973
1527 1674 125077 125224
1674 1708 129861 129895
1708 1888 134034 134214
1888 2154 147319 147585
2154 2291 149589 149726
2291 2408 152296 152413
2408 2531 165239 165362
2531 2624 169314 169407
2624 2749 173901 174026
2749 2802 175604 175657
2802 2846 189599 189643
2846 2915 190840 190909
2915 3066 192952 193103
3066 3204 194339 194477

>ENSMODT00000071853
0 52 689 741
52 105 19071 19124
105 206 43628 43729
206 404 69990 70188
404 599 78794 78989
599 718 100302 100421
718 900 112624 112806
900 1258 115544 115902
1258 1422 116809 116973
1422 1569 125077 125224
1569 1603 129861 129895
1603 1783 134034 134214
1783 2049 147319 147585
2049 2186 149589 149726
2186 2303 152296 152413
2303 2426 165239 165362
2426 2519 169314 169407
2519 2644 173901 174026
2644 2697 175604 175657
2697 2741 189599 189643
2741 2810 190840 190909
2810 2961 192952 193103
2961 3099 194339 194477

>ENSMODT00000066542
0 52 689 741
52 105 19071 19124
105 210 34290 34395
210 311 43628 43729
311 509 69990 70188
509 628 100302 100421
628 810 112624 112806
810 1168 115544 115902
1168 1332 116809 116973
1332 1479 125077 125224
1479 1513 129861 129895
1513 1693 134034 134214
1693 1959 147319 147585
1959 2096 149589 149726
2096 2213 152296 152413
2213 2336 165239 165362
2336 2429 169314 169407
2429 2554 173901 174026
2554 2607 175604 175657
2607 2651 189599 189643
2651 2720 190840 190909
2720 2871 192952 193103
2871 3009 194339 194477

>ENSMODT00000078694
0 52 689 741
52 105 19071 19124
105 210 34290 34395
210 311 43628 43729
311 430 100302 100421
430 612 112624 112806
612 970 115544 115902
970 1134 116809 116973
1134 1281 125077 125224
1281 1315 129861 129895
1315 1495 134034 134214
1495 1761 147319 147585
1761 1898 149589 149726
1898 2015 152296 152413
2015 2138 165239 165362
2138 2231 169314 169407
2231 2356 173901 174026
2356 2409 175604 175657
2409 2453 189599 189643
2453 2522 190840 190909
2522 2673 192952 193103
2673 2811 194339 194477

>ENSSHAT00000010980
0 185 16889 17074
185 380 26773 26968
380 499 48507 48626
499 681 51707 51889
681 1039 54915 55273
1039 1203 56052 56216
1203 1350 60564 60711
1350 1384 71073 71107
1384 1564 73365 73545
1564 1827 75368 75631
1827 1964 77506 77643
1964 2081 81587 81704
2081 2204 89542 89665
2204 2297 94320 94413
2297 2413 101135 101251
2413 2466 105387 105440
2466 2510 121203 121247
2510 2579 121659 121728
2579 2730 124135 124286
2730 2868 125608 125746

>ENSPCAT00000000502
0 40 0 40
40 90 15026 15076
90 183 20721 20814
183 186 26529 26532
186 195 26534 26543
195 245 26545 26595
245 275 26596 26626
275 473 34764 34962
473 668 47444 47639
668 787 52255 52374
787 863 56695 56771
863 882 56772 56791
882 903 56793 56814
903 966 56916 56979
966 1011 58764 58809
1011 1032 58816 58837
1032 1053 58841 58862
1053 1188 58864 58999
1188 1285 59000 59097
1285 1443 60061 60219
1443 1581 63898 64036
1581 1615 70577 70611
1615 1616 80550 80551
1616 1671 80552 80607
1671 1680 80609 80618
1680 1792 80619 80731
1792 2061 82910 83179
2061 2078 85478 85495
2078 2103 85497 85522
2103 2136 85524 85557
2136 2192 85558 85614
2192 2309 86150 86267
2309 2432 95423 95546
2432 2525 112236 112329
2525 2650 113005 113130
2650 2703 115364 115417
2703 2747 116727 116771
2747 2816 116865 116934
2816 2967 118454 118605
2967 3105 120951 121089

>ENSUMAT00000004812
0 60 0 60
60 159 2123 2222
159 257 29785 29883
257 455 63143 63341
455 650 70786 70981
650 769 85462 85581
769 954 89741 89926
954 1294 90996 91336
1294 1452 92657 92815
1452 1599 94067 94214
1599 1633 98454 98488
1633 1813 105040 105220
1813 2076 106874 107137
2076 2210 108738 108872
2210 2327 110376 110493
2327 2450 113577 113700
2450 2543 117154 117247
2543 2668 117891 118016
2668 2721 118792 118845
2721 2765 123771 123815
2765 2834 123908 123977
2834 2985 124655 124806
2985 3123 126270 126408

>ENSUMAT00000004817
0 60 0 60
60 159 2123 2222
159 257 29785 29883
257 452 70786 70981
452 571 85462 85581
571 756 89741 89926
756 1096 90996 91336
1096 1254 92657 92815
1254 1401 94067 94214
1401 1435 98454 98488
1435 1615 105040 105220
1615 1878 106874 107137
1878 2012 108738 108872
2012 2129 110376 110493
2129 2252 113577 113700
2252 2345 117154 117247
2345 2470 117891 118016
2470 2523 118792 118845
2523 2567 123771 123815
2567 2636 123908 123977
2636 2787 124655 124806
2787 2925 126270 126408

>ENSUMAT00000004827
0 60 0 60
60 150 2132 2222
150 248 29785 29883
248 446 63143 63341
446 565 85462 85581
565 750 89741 89926
750 1090 90996 91336
1090 1248 92657 92815
1248 1395 94067 94214
1395 1429 98454 98488
1429 1609 105040 105220
1609 1872 106874 107137
1872 2006 108738 108872
2006 2123 110376 110493
2123 2246 113577 113700
2246 2339 117154 117247
2339 2464 117891 118016
2464 2517 118792 118845
2517 2561 123771 123815
2561 2630 123908 123977
2630 2781 124655 124806
2781 2919 126270 126408

>ENSUMAT00000004833
0 113 59936 60049
113 311 63143 63341
311 506 70786 70981
506 625 85462 85581
625 810 89741 89926
810 1150 90996 91336
1150 1308 92657 92815
1308 1455 94067 94214
1455 1489 98454 98488
1489 1669 105040 105220
1669 1932 106874 107137
1932 2066 108738 108872
2066 2183 110376 110493
2183 2306 113577 113700
2306 2399 117154 117247
2399 2524 117891 118016
2524 2577 118792 118845
2577 2621 123771 123815
2621 2690 123908 123977
2690 2841 124655 124806
2841 2979 126270 126408

>ENSUAMT00000024645
0 40 115 155
40 93 10613 10666
93 192 17307 17406
192 290 45563 45661
290 488 77497 77695
488 683 85150 85345
683 802 99361 99480
802 987 104511 104696
987 1327 105770 106110
1327 1485 107421 107579
1485 1632 108605 108752
1632 1666 112992 113026
1666 1846 120313 120493
1846 2109 122142 122405
2109 2243 124005 124139
2243 2360 125644 125761
2360 2483 129237 129360
2483 2580 132887 132984

>ENSUAMT00000024648
0 40 115 155
40 93 10613 10666
93 192 17307 17406
192 290 45563 45661
290 485 85150 85345
485 604 99361 99480
604 789 104511 104696
789 1129 105770 106110
1129 1287 107421 107579
1287 1434 108605 108752
1434 1468 112992 113026
1468 1648 120313 120493
1648 1911 122142 122405
1911 2045 124005 124139
2045 2162 125644 125761
2162 2285 129237 129360
2285 2382 132887 132984

>ENSUAMT00000024673
0 52 15270 15322
52 123 17335 17406
123 221 45563 45661
221 419 77497 77695
419 614 85150 85345
614 733 99361 99480
733 918 104511 104696
918 1258 105770 106110
1258 1416 107421 107579
1416 1563 108605 108752
1563 1597 112992 113026
1597 1777 120313 120493
1777 2040 122142 122405
2040 2174 124005 124139
2174 2291 125644 125761
2291 2414 129237 129360
2414 2507 132887 132980
2507 2562 134554 134609

>ENSUAMT00000024674
0 52 15270 15322
52 123 17335 17406
123 221 45563 45661
221 419 77497 77695
419 538 99361 99480
538 723 104511 104696
723 1063 105770 106110
1063 1221 107421 107579
1221 1368 108605 108752
1368 1402 112992 113026
1402 1582 120313 120493
1582 1845 122142 122405
1845 1979 124005 124139
1979 2096 125644 125761
2096 2219 129237 129360
2219 2312 132887 132980
2312 2367 134554 134609

>ENSUAMT00000024677
0 113 74230 74343
113 311 77497 77695
311 506 85150 85345
506 625 99361 99480
625 810 104511 104696
810 1150 105770 106110
1150 1308 107421 107579
1308 1455 108605 108752
1455 1489 112992 113026
1489 1669 120313 120493
1669 1932 122142 122405
1932 2066 124005 124139
2066 2183 125644 125761
2183 2306 129237 129360
2306 2396 132887 132977
2396 2658 133620 133882

>ENSNVIT00000026382
0 40 0 40
40 93 22309 22362
93 189 32681 32777
189 287 54210 54308
287 485 92676 92874
485 680 99303 99498
680 796 109568 109684
796 981 113536 113721
981 1315 114769 115103
1315 1470 117317 117472
1470 1617 119954 120101
1617 1651 124424 124458
1651 1831 131604 131784
1831 2094 133416 133679
2094 2228 135269 135403
2228 2345 136959 137076
2345 2438 143168 143261
2438 2562 143878 144002
2562 2606 158843 158887
2606 2675 158981 159050
2675 2826 159747 159898
2826 2964 161338 161476

>ENSNVIT00000026392
0 40 0 40
40 93 22309 22362
93 189 32681 32777
189 287 54210 54308
287 485 92676 92874
485 601 109568 109684
601 786 113536 113721
786 1120 114769 115103
1120 1275 117317 117472
1275 1422 119954 120101
1422 1456 124424 124458
1456 1636 131604 131784
1636 1899 133416 133679
1899 2033 135269 135403
2033 2150 136959 137076
2150 2243 143168 143261
2243 2367 143878 144002
2367 2411 158843 158887
2411 2480 158981 159050
2480 2631 159747 159898
2631 2769 161338 161476

>ENSNVIT00000026396
0 40 0 40
40 93 22309 22362
93 189 32681 32777
189 287 54210 54308
287 482 99303 99498
482 598 109568 109684
598 783 113536 113721
783 1117 114769 115103
1117 1272 117317 117472
1272 1419 119954 120101
1419 1453 124424 124458
1453 1633 131604 131784
1633 1896 133416 133679
1896 2030 135269 135403
2030 2147 136959 137076
2147 2240 143168 143261
2240 2364 143878 144002
2364 2408 158843 158887
2408 2477 158981 159050
2477 2628 159747 159898
2628 2766 161338 161476

