>ENSLOCT00000020119
0 246 692 938
246 364 57279 57397
364 417 58039 58092
417 490 76400 76473
490 674 80956 81140
674 743 90608 90677
743 886 96735 96878
886 1925 103853 104892
1925 2041 108698 108814
2041 2150 117574 117683
2150 2534 120738 121122
2534 2654 127434 127554
2654 2793 153243 153382
2793 3073 154512 154792
3073 3773 155958 156658
3773 4262 159245 159734
4262 4304 161473 161515
4304 4465 163474 163635
4465 4657 163887 164079
4657 4710 165100 165153
4710 4734 168699 168723
4734 4758 169756 169780
4758 4836 170062 170140
4836 4920 176836 176920
4920 5032 180845 180957
5032 5154 181930 182052
5154 5327 185604 185777
5327 5414 186499 186586
5414 5568 188462 188616
5568 5758 192109 192299
5758 5856 193553 193651
5856 5952 194154 194250
5952 6121 194466 194635
6121 6357 199869 200105
6357 6512 200603 200758
6512 6584 201083 201155
6584 6781 201540 201737
6781 6900 202311 202430
6900 7104 204020 204224
7104 7224 204933 205053

>ENSLOCT00000020122
0 45 893 938
45 163 57279 57397
163 216 58039 58092
216 289 76400 76473
289 473 80956 81140
473 542 90608 90677
542 685 96735 96878
685 1724 103853 104892
1724 1840 108698 108814
1840 1949 117574 117683
1949 2333 120738 121122
2333 2453 127434 127554
2453 2592 153243 153382
2592 2872 154512 154792
2872 3572 155958 156658
3572 4061 159245 159734
4061 4103 161473 161515
4103 4264 163474 163635
4264 4456 163887 164079
4456 4509 165100 165153
4509 4533 168699 168723
4533 4611 170062 170140
4611 4695 176836 176920
4695 4807 180845 180957
4807 4929 181930 182052
4929 5102 185604 185777
5102 5256 188462 188616
5256 5446 192109 192299
5446 5544 193553 193651
5544 5640 194154 194250
5640 5809 194466 194635
5809 6045 199869 200105
6045 6200 200603 200758
6200 6272 201083 201155
6272 6469 201540 201737
6469 6588 202311 202430
6588 6792 204020 204224
6792 6912 204933 205053

>ENSDNVT00000000694
0 243 225 468
243 361 78976 79094
361 414 79736 79789
414 487 108824 108897
487 665 113534 113712
665 734 128134 128203
734 874 130892 131032
874 1910 137799 138835
1910 2026 148858 148974
2026 2135 162871 162980
2135 2519 163390 163774
2519 2639 167407 167527
2639 2778 205104 205243
2778 3055 209567 209844
3055 3761 212063 212769
3761 4250 214303 214792
4250 4292 221106 221148
4292 4453 223534 223695
4453 4642 225550 225739
4642 4695 227825 227878
4695 4719 232700 232724
4719 4797 235017 235095
4797 4881 245025 245109
4881 4993 246617 246729
4993 5115 248065 248187
5115 5288 249967 250140
5288 5442 253567 253721
5442 5617 256147 256322
5617 5715 259807 259905
5715 5811 260538 260634
5811 5980 260930 261099
5980 6216 261777 262013
6216 6371 263952 264107
6371 6443 265053 265125
6443 6640 265570 265767
6640 6759 266420 266539
6759 6963 269344 269548
6963 7083 271792 271912

>ENSDNVT00000000733
0 243 225 468
243 361 78976 79094
361 414 79736 79789
414 487 108824 108897
487 665 113534 113712
665 734 128134 128203
734 874 130892 131032
874 1910 137799 138835
1910 2026 148858 148974
2026 2135 162871 162980
2135 2519 163390 163774
2519 2639 167407 167527
2639 2778 205104 205243
2778 3055 209567 209844
3055 3761 212063 212769
3761 4250 214303 214792
4250 4411 223534 223695
4411 4600 225550 225739
4600 4653 227825 227878
4653 4677 232700 232724
4677 4755 235017 235095
4755 4839 245025 245109
4839 4951 246617 246729
4951 5073 248065 248187
5073 5246 249967 250140
5246 5400 253567 253721
5400 5575 256147 256322
5575 5673 259807 259905
5673 5769 260538 260634
5769 5938 260930 261099
5938 6174 261777 262013
6174 6329 263952 264107
6329 6401 265053 265125
6401 6598 265570 265767
6598 6717 266420 266539
6717 6921 269344 269548
6921 7041 271792 271912

>ENSDNVT00000000773
0 243 225 468
243 361 78976 79094
361 414 79736 79789
414 487 108824 108897
487 665 113534 113712
665 805 130892 131032
805 1841 137799 138835
1841 1957 148858 148974
1957 2066 162871 162980
2066 2450 163390 163774
2450 2570 167407 167527
2570 2709 205104 205243
2709 2986 209567 209844
2986 3692 212063 212769
3692 4181 214303 214792
4181 4223 221106 221148
4223 4384 223534 223695
4384 4573 225550 225739
4573 4626 227825 227878
4626 4650 232700 232724
4650 4728 235017 235095
4728 4812 245025 245109
4812 4924 246617 246729
4924 5046 248065 248187
5046 5219 249967 250140
5219 5373 253567 253721
5373 5548 256147 256322
5548 5646 259807 259905
5646 5742 260538 260634
5742 5911 260930 261099
5911 6147 261777 262013
6147 6302 263952 264107
6302 6374 265053 265125
6374 6571 265570 265767
6571 6690 266420 266539
6690 6894 269344 269548
6894 7014 271792 271912

>ENSDNVT00000000821
0 243 225 468
243 361 78976 79094
361 414 79736 79789
414 487 108824 108897
487 665 113534 113712
665 734 128134 128203
734 874 130892 131032
874 1913 137796 138835
1913 2029 148858 148974
2029 2138 162871 162980
2138 2522 163390 163774
2522 2642 167407 167527
2642 2781 205104 205243
2781 3058 209567 209844
3058 3764 212063 212769
3764 3925 223534 223695
3925 4114 225550 225739
4114 4167 227825 227878
4167 4191 232700 232724
4191 4269 235017 235095
4269 4353 245025 245109
4353 4465 246617 246729
4465 4587 248065 248187
4587 4760 249967 250140
4760 4914 253567 253721
4914 5089 256147 256322
5089 5187 259807 259905
5187 5283 260538 260634
5283 5452 260930 261099
5452 5688 261777 262013
5688 5843 263952 264107
5843 5915 265053 265125
5915 6112 265570 265767
6112 6231 266420 266539
6231 6435 269344 269548
6435 6555 271792 271912

>ENSNPET00000002672
0 231 0 231
231 349 69005 69123
349 402 69782 69835
402 475 95125 95198
475 653 98281 98459
653 722 111594 111663
722 862 114342 114482
862 1904 120539 121581
1904 2020 132048 132164
2020 2129 144780 144889
2129 2519 145616 146006
2519 2639 149354 149474
2639 2772 186196 186329
2772 3049 189648 189925
3049 3755 192129 192835
3755 4244 194353 194842
4244 4286 200886 200928
4286 4447 203047 203208
4447 4639 205052 205244
4639 4692 207528 207581
4692 4770 213909 213987
4770 4854 222070 222154
4854 4966 223679 223791
4966 5103 225066 225203
5103 5276 226940 227113
5276 5306 227144 227174
5306 5460 228504 228658
5460 5635 231914 232089
5635 5733 235523 235621
5733 5829 236254 236350
5829 5998 236654 236823
5998 6234 237490 237726
6234 6389 239652 239807
6389 6461 240734 240806
6461 6658 241242 241439
6658 6777 242144 242263
6777 6981 245092 245296
6981 7101 247494 247614

>ENSNPET00000002675
0 541 139783 140324
541 650 144780 144889
650 1040 145616 146006
1040 1160 149354 149474
1160 1293 186196 186329
1293 1570 189648 189925
1570 2276 192129 192835
2276 2765 194353 194842
2765 2926 203047 203208
2926 3118 205052 205244
3118 3171 207528 207581
3171 3249 213909 213987
3249 3333 222070 222154
3333 3445 223679 223791
3445 3567 225066 225188
3567 3740 226940 227113
3740 3894 228504 228658
3894 4069 231914 232089
4069 4167 235523 235621
4167 4263 236254 236350
4263 4432 236654 236823
4432 4668 237490 237726
4668 4823 239652 239807
4823 4895 240734 240806
4895 5092 241242 241439
5092 5211 242144 242263
5211 5415 245092 245296
5415 5535 247494 247614

>ENSAOWT00000020814
0 243 0 243
243 361 80497 80615
361 414 81262 81315
414 487 109439 109512
487 665 114106 114284
665 734 130473 130542
734 874 133234 133374
874 1910 140231 141267
1910 2026 151222 151338
2026 2135 165430 165539
2135 2519 165958 166342
2519 2639 173080 173200
2639 2772 211623 211756
2772 3049 215694 215971
3049 3755 218191 218897
3755 4244 220425 220914
4244 4286 227353 227395
4286 4447 229811 229972
4447 4636 231839 232028
4636 4689 234454 234507
4689 4767 241596 241674
4767 4851 251673 251757
4851 4963 253267 253379
4963 5085 254709 254831
5085 5106 255417 255438
5106 5279 256602 256775
5279 5345 259367 259433
5345 5499 260534 260688
5499 5674 264393 264568
5674 5772 268055 268153
5772 5868 268791 268887
5868 6037 269186 269355
6037 6273 269939 270175
6273 6428 272100 272255
6428 6500 273194 273266
6500 6697 273701 273898
6697 6816 274512 274631
6816 7098 277410 277692

>ENSAOWT00000020820
0 541 159397 159938
541 650 165430 165539
650 1034 165958 166342
1034 1154 173080 173200
1154 1287 211623 211756
1287 1564 215694 215971
1564 2270 218191 218897
2270 2759 220425 220914
2759 2920 229811 229972
2920 3109 231839 232028
3109 3162 234454 234507
3162 3240 241596 241674
3240 3324 251673 251757
3324 3436 253267 253379
3436 3558 254709 254831
3558 3731 256602 256775
3731 3885 260534 260688
3885 4060 264393 264568
4060 4158 268055 268153
4158 4254 268791 268887
4254 4423 269186 269355
4423 4659 269939 270175
4659 4814 272100 272255
4814 4886 273194 273266
4886 5083 273701 273898
5083 5202 274512 274631
5202 5484 277410 277692

>ENSAHAT00000014098
0 243 0 243
243 361 80496 80614
361 414 81261 81314
414 487 109430 109503
487 665 114098 114276
665 734 130519 130588
734 874 133280 133420
874 1910 140274 141310
1910 2026 151258 151374
2026 2135 165438 165547
2135 2519 165966 166350
2519 2639 173121 173241
2639 2772 211663 211796
2772 3049 215734 216011
3049 3755 218231 218937
3755 4244 220465 220954
4244 4286 227392 227434
4286 4447 229850 230011
4447 4636 231869 232058
4636 4689 234484 234537
4689 4767 241632 241710
4767 4851 251707 251791
4851 4963 253301 253413
4963 5085 254743 254865
5085 5258 256637 256810
5258 5412 260569 260723
5412 5587 264428 264603
5587 5685 268091 268189
5685 5781 268827 268923
5781 5950 269222 269391
5950 6186 269977 270213
6186 6341 272137 272292
6341 6413 273231 273303
6413 6610 273738 273935
6610 6729 274549 274668
6729 6963 277447 277681
6963 6987 277889 277913

>ENSAHAT00000014101
0 541 159434 159975
541 650 165438 165547
650 1034 165966 166350
1034 1154 173121 173241
1154 1287 211663 211796
1287 1564 215734 216011
1564 2270 218231 218937
2270 2759 220465 220954
2759 2920 229850 230011
2920 3109 231869 232058
3109 3162 234484 234537
3162 3240 241632 241710
3240 3324 251707 251791
3324 3436 253301 253413
3436 3558 254743 254865
3558 3731 256637 256810
3731 3885 260569 260723
3885 4060 264428 264603
4060 4158 268091 268189
4158 4254 268827 268923
4254 4423 269222 269391
4423 4659 269977 270213
4659 4814 272137 272292
4814 4886 273231 273303
4886 5083 273738 273935
5083 5202 274549 274668
5202 5484 277447 277729

>ENSARWT00000008063
0 243 0 243
243 361 80484 80602
361 414 81249 81302
414 487 109442 109515
487 665 114111 114289
665 734 130576 130645
734 874 133338 133478
874 1910 140332 141368
1910 2026 151335 151451
2026 2135 165531 165640
2135 2519 166059 166443
2519 2639 173223 173343
2639 2772 211748 211881
2772 3049 215052 215329
3049 3755 217549 218255
3755 4244 219784 220273
4244 4286 226717 226759
4286 4447 229172 229333
4447 4636 231184 231373
4636 4689 233800 233853
4689 4767 240943 241021
4767 4851 251030 251114
4851 4963 252622 252734
4963 5085 254063 254185
5085 5258 255953 256126
5258 5412 259887 260041
5412 5587 263739 263914
5587 5685 267396 267494
5685 5781 268132 268228
5781 5950 268519 268688
5950 6186 269274 269510
6186 6341 271432 271587
6341 6413 272526 272598
6413 6610 273033 273230
6610 6729 273844 273963
6729 6933 276743 276947
6933 7053 279205 279325

>ENSARWT00000008064
0 541 159498 160039
541 650 165531 165640
650 1034 166059 166443
1034 1154 173223 173343
1154 1287 211748 211881
1287 1564 215052 215329
1564 2270 217549 218255
2270 2759 219784 220273
2759 2920 229172 229333
2920 3109 231184 231373
3109 3162 233800 233853
3162 3240 240943 241021
3240 3324 251030 251114
3324 3436 252622 252734
3436 3558 254063 254185
3558 3731 255953 256126
3731 3885 259887 260041
3885 4060 263739 263914
4060 4158 267396 267494
4158 4254 268132 268228
4254 4423 268519 268688
4423 4659 269274 269510
4659 4814 271432 271587
4814 4886 272526 272598
4886 5083 273033 273230
5083 5202 273844 273963
5202 5406 276743 276947
5406 5526 279205 279325

