>ENSCINT00000026650
0 134 78 212
134 311 693 870
311 413 1153 1255
413 511 1496 1594
511 652 1962 2103
652 748 2306 2402
748 890 3008 3150
890 978 3514 3602

>ENSCINT00000027776
0 39 0 39
39 134 1171 1266
134 276 1355 1497
276 416 2103 2243
416 420 2637 2641
420 589 2987 3156
589 744 3216 3371
744 862 3444 3562
862 957 4751 4846
957 1209 4981 5233
1209 1293 6348 6432
1293 1346 8575 8628
1346 1380 8901 8935
1380 1394 9041 9055
1394 1416 9157 9179
1416 1498 9285 9367
1498 1674 9628 9804
1674 1730 10094 10150
1730 1794 10306 10370

>ENSCSAVT00000010849
0 134 71 205
134 311 461 638
311 413 1231 1333
413 511 1663 1761
511 652 2069 2210
652 745 2265 2358
745 816 2421 2492

