>F07F6.6.1
0 132 101 233
132 215 363 446
215 417 505 707
417 510 755 848
510 597 895 982
597 698 1033 1134
698 1104 1175 1581
1104 1311 1878 2085
1311 1416 2131 2236
1416 1497 2283 2364
1497 1650 2424 2577
1650 1927 2669 2946
1927 2076 3000 3149
2076 2211 3191 3326
2211 2407 3371 3567
2407 2514 3618 3725
2514 2606 5501 5593
2606 2874 5637 5905
2874 3078 6187 6391

>F07F6.6.2
0 132 101 233
132 215 363 446
215 417 505 707
417 510 755 848
510 597 895 982
597 698 1033 1134
698 1104 1175 1581
1104 1311 1878 2085
1311 1416 2131 2236
1416 1497 2283 2364
1497 1650 2424 2577
1650 1927 2669 2946
1927 2076 3000 3149
2076 2211 3191 3326
2211 2407 3371 3567
2407 2514 3618 3725
2514 2606 5501 5593
2606 2874 5637 5905
2874 3078 6187 6391

>FBtr0299672
0 371 0 371
371 894 424 947
894 1863 999 1968

>FBtr0078763
0 177 6940 7117
177 300 7188 7311
300 525 8680 8905
525 728 9022 9225
728 894 9912 10078
894 1000 10143 10249
1000 1161 10312 10473
1161 1378 10540 10757
1378 1574 10838 11034
1574 1787 11101 11314
1787 2216 11519 11948
2216 2389 12659 12832
2389 2646 12885 13142
2646 2991 13203 13548

