>ENSCCNT00000040880
0 118 17416 17534
118 1683 19770 21335

>ENSMUGT00000010045
0 1404 0 1404

>ENSUPAT00010030382
0 118 91 209
118 1662 2559 4103

>ENSCLAT00000023866
0 163 0 163
163 1725 1953 3515

>ENSCAPT00000019549
0 163 0 163
163 1728 1817 3382

>ENSOCUT00000032094
0 118 0 118
118 1686 2028 3596

>ENSOPRT00000006947
0 48 0 48
48 69 49 70
69 202 79 212
202 1392 2061 3251
1392 1719 3252 3579
1719 1728 3581 3590

>ENSGGOT00000006696
0 211 32 243
211 1740 3404 4933

>ENST00000412723
0 211 17029 17240
211 1740 20375 21904

>ENST00000443835
0 211 17029 17240
211 279 20685 20753

