>ENSGGOT00000046065
0 44 0 44
44 318 77 351

>ENST00000641918
0 318 0 318

>ENSPTRT00000095061
0 300 0 300
300 330 318 348

>ENSPPAT00000022428
0 308 0 308
308 330 344 366

>ENSNLET00000037590
0 330 0 330

>ENSMFAT00000021304
0 15 0 15
15 312 33 330

>ENSPANT00000052620
0 15 0 15
15 291 33 309

>ENSMLET00000043525
0 98 0 98
98 312 2827 3041

>ENSCATT00000024946
0 318 0 318

>ENSRROT00000054624
0 20 0 20
20 312 104 396

>ENSCJAT00000074036
0 324 0 324

>ENSCCAT00000037365
0 53 0 53
53 330 110 387

>ENSANAT00000042114
0 44 0 44
44 318 68 342

>ENSTSYT00000040876
0 92 0 92
92 309 119 336

>ENSPSMT00000026552
0 327 0 327

