>ENSDORT00000003910
0 32 0 32
32 131 3376 3475
131 209 9752 9830
209 360 16419 16570
360 423 22556 22619
423 522 22983 23082
522 591 23154 23223
591 688 31477 31574
688 770 32024 32106
770 831 34318 34379

>ENSMSIT00000048418
0 33 379 412
33 134 40902 41003
134 212 56882 56960
212 247 58819 58854
247 354 65056 65163
354 417 72574 72637
417 516 79923 80022
516 562 81133 81179
562 642 81334 81414
642 741 82954 83053
741 838 83865 83962
838 920 85321 85403
920 955 87043 87078
955 1005 88799 88849

>ENSMSIT00000048419
0 33 379 412
33 134 40902 41003
134 212 56882 56960
212 247 58819 58854
247 354 65056 65163
354 417 72574 72637
417 516 79923 80022
516 562 81133 81179
562 642 81334 81414
642 741 82954 83053
741 838 83865 83962
838 920 85321 85403
920 955 87043 87078
955 1005 88799 88849

>ENSMUST00000238172
0 42 64949 64991
42 105 71933 71996
105 204 80433 80532
204 250 81654 81700
250 330 81855 81935
330 429 83447 83546
429 526 84359 84456
526 608 85924 86006
608 643 87681 87716
643 693 89442 89492

>ENSMUST00000114741
0 33 4804 4837
33 134 45211 45312
134 212 56465 56543
212 247 58190 58225
247 354 64884 64991
354 417 71933 71996
417 516 80433 80532
516 562 81654 81700
562 642 81855 81935
642 741 83447 83546
741 838 84359 84456
838 920 85924 86006
920 955 87681 87716
955 1005 89442 89492

>MGP_SPRETEiJ_T0049158
0 33 162 195
33 134 41280 41381
134 212 57974 58052
212 247 59974 60009
247 354 68446 68553
354 417 75766 75829
417 516 83084 83183
516 562 84312 84358
562 642 84513 84593
642 741 86076 86175
741 838 86987 87084
838 920 91089 91171
920 955 92807 92842
955 1002 94597 94644

>MGP_CAROLIEiJ_T0047207
0 33 177 210
33 134 38462 38563
134 212 49574 49652
212 247 51990 52025
247 354 55818 55925
354 417 63542 63605
417 516 71261 71360
516 562 72492 72538
562 642 72693 72773
642 741 74496 74595
741 838 75400 75497
838 920 76439 76521
920 955 78414 78449
955 1002 80166 80213

>MGP_PahariEiJ_T0039769
0 33 160 193
33 134 40557 40658
134 212 51926 52004
212 247 53834 53869
247 354 60773 60880
354 417 68637 68700
417 516 76963 77062
516 562 78224 78270
562 642 78429 78509
642 741 79942 80041
741 838 80837 80934
838 920 82059 82141
920 955 83786 83821
955 1002 85397 85444

>ENSRNOT00000022833
0 33 151 184
33 134 70155 70256
134 212 81574 81652
212 247 84015 84050
247 354 90620 90727
354 417 98014 98077
417 516 106042 106141
516 562 107513 107559
562 642 107713 107793
642 741 109114 109213
741 838 110022 110119
838 920 110934 111016
920 955 111648 111683
955 1005 113278 113328

>ENSMUGT00000021486
0 33 144 177
33 134 36537 36638
134 212 42656 42734
212 247 45070 45105
247 354 48047 48154
354 417 54214 54277
417 516 63435 63534
516 562 64474 64520
562 642 64666 64746
642 741 67282 67381
741 838 68428 68525
838 920 69350 69432
920 955 70356 70391
955 1005 72077 72127

