>ENSCPOT00000038616
0 76 0 76
76 207 1928 2059
207 301 5455 5549
301 445 5760 5904
445 604 7000 7159
604 724 7453 7573
724 889 8021 8186
889 1054 8783 8948
1054 1209 9116 9271
1209 1339 9707 9837
1339 1485 10591 10737
1485 1609 10810 10934
1609 1749 11099 11239
1749 1879 11665 11795
1879 2022 12001 12144
2022 2155 12346 12479
2155 2304 12876 13025
2304 2434 13197 13327
2434 2473 14245 14284
2473 2612 15123 15262
2612 2755 18771 18914
2755 2865 19201 19311
2865 3024 19655 19814
3024 3036 19892 19904
3036 3118 19958 20040
3118 3240 23301 23423
3240 3286 23465 23511
3286 3379 24736 24829
3379 3478 25288 25387
3478 3657 25468 25647
3657 3723 25981 26047

>ENSCPOT00000023073
0 76 0 76
76 207 1928 2059
207 301 5455 5549
301 445 5760 5904
445 604 7000 7159
604 724 7453 7573
724 889 8021 8186
889 1054 8783 8948
1054 1209 9116 9271
1209 1339 9707 9837
1339 1485 10591 10737
1485 1609 10810 10934
1609 1755 11099 11245
1755 1879 11671 11795
1879 2022 12001 12144
2022 2155 12346 12479
2155 2304 12876 13025
2304 2434 13197 13327
2434 2473 14245 14284
2473 2612 15123 15262
2612 2755 18771 18914
2755 2865 19201 19311
2865 3024 19655 19814
3024 3036 19892 19904
3036 3177 23282 23423
3177 3223 23465 23511
3223 3358 24736 24871
3358 3537 25468 25647
3537 3603 25981 26047

