>ENSPSIT00000013011
0 17 158 175
17 123 16134 16240
123 335 23186 23398
335 387 23484 23536
387 466 23600 23679
466 648 24563 24745
648 687 25251 25290
687 930 40447 40690
930 1083 48484 48637

>ENSLACT00000016381
0 101 643 744
101 372 2532 2803
372 456 3673 3757
456 705 5535 5784
705 1029 8239 8563
1029 1272 9905 10148
1272 1396 11484 11608
1396 1650 14836 15090
1650 2160 33069 33579
2160 2480 42082 42402
2480 2611 44955 45086
2611 2700 46227 46316
2700 3369 49556 50225

>ENSMUNT00000004085
0 71 820 891
71 177 4542 4648
177 389 5520 5732
389 448 6052 6111
448 636 6514 6702
636 675 7746 7785
675 918 9311 9554
918 1067 14254 14403
1067 1185 14731 14849
1185 1295 15274 15384
1295 1542 15669 15916
1542 1623 16117 16198
1623 1914 18480 18771
1914 2235 19617 19938
2235 2478 20582 20825
2478 2608 24133 24263
2608 2862 25456 25710
2862 2919 26468 26525
2919 3387 27969 28437
3387 3665 29784 30062
3665 3799 32972 33106
3799 3873 36356 36430
3873 4488 36602 37217

