>C50C10.7.1
0 198 0 198
198 286 245 333
286 365 376 455
365 500 497 632
500 642 680 822
642 1077 1151 1586

>C50C10.6.1
0 198 0 198
198 277 244 323
277 356 368 447
356 491 492 627
491 633 673 815
633 1044 860 1271

>R10E8.5.1
0 183 0 183
183 275 241 333
275 422 375 522
422 564 1732 1874
564 930 1919 2285

>W08G11.5.1
0 186 0 186
186 274 227 315
274 353 948 1027
353 488 1071 1206
488 630 1259 1401
630 918 1844 2132

>Y116A8C.40a.1
0 15 0 15
15 171 119 275
171 338 3697 3864
338 473 3910 4045
473 615 4100 4242
615 931 5700 6016
931 1047 6501 6617

>Y116A8C.40b.1
0 15 0 15
15 171 119 275
171 338 3697 3864
338 473 3910 4045
473 615 4100 4242
615 931 5700 6016
931 939 6511 6519

