>ENSAOCT00000025594
0 79 96 175
79 201 397 519
201 279 966 1044
279 468 1265 1454
468 570 1597 1699
570 696 3010 3136
696 819 3553 3676
819 969 4121 4271
969 1130 4363 4524
1130 1287 4951 5108
1287 1437 5331 5481
1437 1525 7058 7146
1525 1650 7219 7344

>ENSAPOT00000023188
0 79 182 261
79 201 467 589
201 279 1035 1113
279 471 1334 1526
471 597 3050 3176
597 720 3593 3716
720 870 4421 4571
870 1031 4682 4843
1031 1188 5268 5425
1188 1338 5572 5722
1338 1426 7179 7267
1426 1551 7340 7465

>ENSAPOT00000023223
0 135 454 589
135 213 1035 1113
213 405 1334 1526
405 507 1675 1777
507 633 3050 3176
633 756 3593 3716
756 906 4421 4571
906 1067 4682 4843
1067 1224 5268 5425
1224 1374 5572 5722
1374 1462 7179 7267
1462 1587 7340 7465

>ENSAPOT00000032945
0 79 182 261
79 201 467 589
201 279 1035 1113
279 471 1334 1526
471 573 1675 1777
573 699 3050 3176
699 822 3593 3716
822 972 4421 4571
972 1133 4682 4843
1133 1290 5268 5425
1290 1440 5572 5722
1440 1528 7179 7267
1528 1653 7340 7465

>ENSPRNT00000000050
0 255 0 255
255 402 737 884
402 504 981 1083
504 630 2062 2188
630 753 2285 2408
753 903 3288 3438
903 1064 3519 3680
1064 1208 3763 3907
1208 1233 3943 3968
1233 1329 4078 4174
1329 1458 5060 5189

>ENSPRNT00000000051
0 255 0 255
255 402 737 884
402 536 981 1115
536 720 2224 2408
720 870 3288 3438
870 1031 3519 3680
1031 1175 3763 3907
1175 1200 3943 3968
1200 1296 4078 4174
1296 1425 5060 5189

>ENSGAFT00000020238
0 79 130 209
79 192 395 508
192 219 1198 1225
219 411 1356 1548
411 513 1755 1857
513 639 4165 4291
639 762 4514 4637
762 909 5401 5548
909 1070 5662 5823
1070 1227 5924 6081
1227 1377 6168 6318
1377 1465 7919 8007
1465 1575 8107 8217

>ENSXMAT00000005165
0 79 122 201
79 192 373 486
192 219 1267 1294
219 411 1435 1627
411 513 1834 1936
513 639 4088 4214
639 762 4447 4570
762 909 5277 5424
909 1070 5535 5696
1070 1227 5799 5956
1227 1377 6043 6193
1377 1465 7762 7850
1465 1575 7965 8075

>ENSPMET00000001356
0 79 84 163
79 192 332 445
192 219 1218 1245
219 411 1388 1580
411 513 1787 1889
513 639 4107 4233
639 762 4466 4589
762 909 5317 5464
909 1070 5588 5749
1070 1227 5860 6017
1227 1377 6104 6254
1377 1465 7222 7310
1465 1575 7419 7529

>ENSPFOT00000012429
0 79 1521 1600
79 192 1769 1882
192 276 2045 2129
276 456 2822 3002
456 558 3221 3323
558 684 5587 5713
684 807 5946 6069
807 954 6799 6946
954 1115 7071 7232
1115 1272 7343 7500
1272 1422 7587 7737
1422 1510 8705 8793
1510 1616 8902 9008
1616 1635 9611 9630

>ENSPRET00000000723
0 79 0 79
79 248 264 433
248 408 1648 1808
408 555 5311 5458
555 716 5569 5730
716 788 5840 5912
788 840 6008 6060
840 984 6090 6234
984 1072 7208 7296
1072 1166 7387 7481
1166 1203 10468 10505

>ENSCVAT00000004789
0 57 198 255
57 159 676 778
159 285 4042 4168
285 408 4256 4379
408 558 4710 4860
558 692 4970 5104
692 849 5205 5362
849 984 5448 5583
984 1062 8253 8331

>ENSFHET00000030619
0 181 0 181
181 411 3350 3580
411 561 3942 4092
561 722 4180 4341
722 915 4446 4639
915 1167 4745 4997

>ENSFHET00000030664
0 268 0 268
268 453 3630 3815
453 597 3948 4092
597 758 4180 4341
758 911 4446 4599
911 1206 4702 4997

>ENSORLT00000028321
0 91 118 209
91 204 2916 3029
204 270 4330 4396
270 432 4471 4633
432 534 4708 4810
534 660 5953 6079
660 792 6303 6435
792 930 6582 6720
930 1091 6790 6951
1091 1248 7024 7181
1248 1398 7284 7434
1398 1492 7977 8071
1492 1614 8154 8276

