>ENSGAGT00000000969
0 103 1707 1810
103 139 2177 2213
139 283 2765 2909
283 346 3526 3589
346 517 4367 4538
517 647 5504 5634
647 864 6019 6236
864 968 6727 6831
968 1094 7315 7441
1094 1255 8604 8765
1255 1329 9367 9441

>ENSGAGT00000000979
0 103 1707 1810
103 247 2765 2909
247 310 3526 3589
310 481 4367 4538
481 611 5504 5634
611 828 6019 6236
828 932 6727 6831
932 1058 7315 7441
1058 1219 8604 8765
1219 1293 9367 9441

>ENSGAGT00000000991
0 103 1707 1810
103 139 2177 2213
139 283 2765 2909
283 346 3526 3589
346 517 4367 4538
517 647 5504 5634
647 864 6019 6236
864 968 6727 6831
968 1094 7315 7441
1094 1255 8604 8765
1255 1329 9367 9441

>ENSGAGT00000000994
0 103 1707 1810
103 139 2177 2213
139 283 2765 2909
283 346 3526 3589
346 517 4367 4538
517 647 5504 5634
647 864 6019 6236
864 968 6727 6831
968 1094 7315 7441
1094 1255 8604 8765
1255 1329 9367 9441

