>ENSOCUT00000034085
0 22 20085 20107
22 106 22343 22427
106 183 22836 22913
183 2466 23147 25430

>ENSOPRT00000000032
0 30 0 30
30 157 483 610
157 241 1427 1511
241 321 1962 2042
321 597 2822 3098
597 603 3099 3105
603 1668 3107 4172
1668 1687 4174 4193
1687 1737 4197 4247
1737 1744 4249 4256
1744 1818 4260 4334
1818 1827 4336 4345
1827 2009 4346 4528
2009 2022 4530 4543

>ENSOCUT00000044086
0 18 1144 1162
18 145 1621 1748
145 214 2678 2747
214 294 3255 3335
294 2391 3552 5649

>ENSOCUT00000034149
0 75 8 83
75 202 1621 1748
202 271 2678 2747
271 351 3255 3335
351 2448 3552 5649

>ENSCPOT00000042252
0 75 648 723
75 2496 1069 3490

>ENSCLAT00000018501
0 106 47436 47542
106 189 48335 48418
189 2064 48856 50731

>ENSCLAT00000018502
0 106 879 985
106 186 1361 1441
186 2658 1918 4390

