>F37C12.13a.1
0 66 34111 34177
66 161 34219 34314
161 265 34364 34468
265 357 34509 34601
357 522 34646 34811
522 605 34857 34940
605 738 34983 35116
738 827 35167 35256
827 1131 35310 35614
1131 1305 35670 35844

>F37C12.13a.2
0 66 34111 34177
66 161 34219 34314
161 265 34364 34468
265 357 34509 34601
357 522 34646 34811
522 605 34857 34940
605 738 34983 35116
738 827 35167 35256
827 1131 35310 35614
1131 1305 35670 35844

>F37C12.13b.1
0 66 34111 34177
66 165 34219 34318
165 198 34364 34397

>FBtr0074355
0 457 136 593
457 1198 753 1494
1198 1236 1549 1587

>FBtr0344090
0 457 136 593
457 1198 753 1494
1198 1236 1549 1587

>ENSSHAT00000002276
0 66 0 66
66 161 3602 3697
161 281 4179 4299
281 384 4418 4521
384 522 5553 5691
522 605 8081 8164
605 738 9249 9382
738 827 14088 14177
827 972 14386 14531
972 1162 15114 15304
1162 1241 16454 16533
1241 1326 17262 17347

>ENSMODT00000024044
0 66 0 66
66 161 4987 5082
161 281 5998 6118
281 384 6236 6339
384 522 7470 7608
522 605 8624 8707
605 738 9812 9945
738 827 14546 14635
827 974 15068 15215
974 1156 15785 15967
1156 1235 16794 16873
1235 1317 17517 17599

>ENSMEUT00000000121
0 66 0 66
66 161 20163 20258
161 281 20751 20871
281 384 20990 21093
384 522 21971 22109
522 605 24095 24178
605 738 25137 25270
738 827 27656 27745
827 974 28207 28354
974 1143 28846 29015
1143 1220 30112 30189
1220 1262 30868 30910
1262 1278 30911 30927
1278 1296 30929 30947

>MGP_SPRETEiJ_T0059625
0 66 80 146
66 161 428 523
161 281 1188 1308
281 384 1422 1525
384 522 2019 2157
522 605 2863 2946
605 738 4242 4375
738 827 8521 8610
827 974 9532 9679
974 1159 10383 10568
1159 1238 12515 12594
1238 1314 12726 12802

