>ENSEBUT00000018294
0 75 0 75
75 106 34162 34193
106 199 40087 40180
199 469 59601 59871
469 843 60197 60571

>ENSEBUT00000006657
0 121 0 121
121 385 132010 132274
385 649 134368 134632
649 988 134962 135301
988 1075 190109 190196
1075 1260 292958 293143

>ENSEBUT00000006678
0 121 128063 128184
121 385 132010 132274
385 649 134368 134632
649 988 134962 135301
988 1075 190109 190196
1075 1260 292958 293143

>ENSEBUT00000006690
0 121 128063 128184
121 385 132010 132274
385 649 134368 134632
649 988 134962 135301
988 1075 190109 190196
1075 1275 205126 205326

>ENSEBUT00000014246
0 517 33 550
517 607 1581 1671
607 694 8206 8293
694 799 8570 8675
799 882 10245 10328

>ENSEBUT00000014257
0 517 33 550
517 607 1581 1671
607 694 8206 8293
694 799 8570 8675
799 984 26667 26852

>ENSEBUT00000014271
0 517 33 550
517 607 1581 1671
607 694 8206 8293
694 799 8570 8675
799 882 10245 10328

>ENSEBUT00000014288
0 517 33 550
517 607 1581 1671
607 694 8206 8293
694 799 8570 8675
799 882 10245 10328

>ENSEBUT00000014306
0 517 33 550
517 607 1581 1671
607 712 8570 8675
712 795 10245 10328

