>FBtr0070897
0 1272 54 1326

>Y102E9.2a.1
0 93 6 99
93 186 143 236
186 558 286 658
558 646 706 794
646 765 838 957
765 914 1004 1153
914 1071 1672 1829
1071 1167 1907 2003

>Y102E9.2b.1
0 93 6 99
93 186 143 236
186 558 286 658
558 655 697 794
655 774 838 957
774 923 1004 1153
923 1080 1672 1829
1080 1176 1907 2003

>ENSAMXT00000042115
0 83 113 196
83 152 1431 1500
152 299 1974 2121
299 456 2226 2383
456 569 2846 2959
569 630 3076 3137
630 735 3301 3406
735 806 4194 4265
806 993 4452 4639
993 1063 4731 4801
1063 1278 5047 5262

>ENSAMXT00000008708
0 83 113 196
83 230 1974 2121
230 387 2226 2383
387 500 2846 2959
500 561 3076 3137
561 666 3301 3406
666 737 4194 4265
737 924 4452 4639
924 997 4728 4801
997 1212 5047 5262

