>ENSDCDT00000038216
0 239 2062 2301
239 400 22262 22423
400 559 34156 34315
559 697 36899 37037
697 746 38003 38052
746 849 39369 39472
849 959 39632 39742
959 1062 40422 40525
1062 1452 44344 44734

>ENSCHAT00000032082
0 251 1656 1907
251 412 20238 20399
412 571 35882 36041
571 709 38763 38901
709 758 40417 40466
758 861 43083 43186
861 971 43300 43410
971 1074 45278 45381
1074 1482 50927 51335

>ENSAMXT00000034377
0 320 94 414
320 481 16938 17099
481 640 36048 36207
640 778 38042 38180
778 827 41655 41704
827 930 45631 45734
930 1040 46484 46594
1040 1143 51932 52035
1143 1545 62955 63357

>ENSAMXT00000018772
0 239 175 414
239 400 16938 17099
400 559 36048 36207
559 738 38042 38221
738 831 45641 45734
831 941 46484 46594
941 1044 51932 52035
1044 1446 62955 63357

