>ENSNSUT00000011594
0 10 0 10
10 115 933 1038
115 252 1964 2101
252 426 5241 5415
426 533 7303 7410
533 607 11066 11140
607 699 11232 11324
699 889 11442 11632
889 1065 12718 12894

>ENSFCAT00000062574
0 3 0 3
3 18 6245 6260
18 24 6261 6267
24 109 6268 6353
109 246 8295 8432
246 420 8930 9104
420 527 11118 11225
527 601 15036 15110
601 693 16390 16482
693 883 17588 17778
883 1014 18951 19082
1014 1020 20255 20261

>ENSMFAT00000032227
0 3 0 3
3 462 2166 2625
462 936 2742 3216
936 1077 5486 5627

>ENSXCOT00000025806
0 177 0 177
177 306 2870 2999
306 480 3093 3267
480 576 3961 4057
576 792 5624 5840

