>ENSXETT00000053460
0 66 1094 1160
66 185 1922 2041
185 318 2541 2674
318 461 3375 3518
461 630 3867 4036

>ENSXETT00000053462
0 96 1064 1160
96 215 1922 2041
215 348 2541 2674
348 491 3375 3518
491 660 3867 4036

>ENSSFOT00015010684
0 69 0 69
69 188 560 679
188 321 1959 2092
321 464 2802 2945
464 633 3316 3485

>ENSPKIT00000023747
0 69 0 69
69 188 207 326
188 321 602 735
321 464 939 1082
464 633 1412 1581

>ENSPKIT00000010373
0 66 0 66
66 185 1473 1592
185 318 2100 2233
318 461 2454 2597
461 630 2766 2935

>ENSSFOT00015022501
0 57 0 57
57 176 337 456
176 309 951 1084
309 452 1502 1645
452 621 1782 1951

>ENSPRNT00000013272
0 66 0 66
66 185 150 269
185 318 357 490
318 461 887 1030
461 630 1125 1294

