>FBtr0080594
0 465 21441 21906
465 916 22001 22452
916 1056 28697 28837
1056 1392 36410 36746
1392 1468 36953 37029
1468 1663 40370 40565
1663 1750 41490 41577
1750 1860 43288 43398
1860 2012 47807 47959
2012 2135 48316 48439
2135 2274 48553 48692
2274 2424 48938 49088

>FBtr0300594
0 465 21441 21906
465 916 22001 22452
916 1056 28697 28837
1056 1392 36410 36746
1392 1468 36953 37029
1468 1663 40370 40565
1663 1750 41490 41577
1750 1860 43288 43398
1860 2012 47807 47959
2012 2135 48316 48439
2135 2274 48553 48692
2274 2424 48938 49088

>FBtr0309867
0 465 21441 21906
465 916 22001 22452
916 1056 28697 28837
1056 1392 36410 36746
1392 1468 36953 37029
1468 1663 40370 40565
1663 1750 41490 41577
1750 1860 43288 43398
1860 2012 47807 47959
2012 2135 48316 48439
2135 2274 48553 48692
2274 2424 48938 49088

>FBtr0331284
0 67 16652 16719
67 207 60498 60638
207 252 60909 60954
252 362 70338 70448
362 543 76848 77029
543 619 78293 78369
619 814 78746 78941
814 901 79720 79807
901 1011 87945 88055
1011 1226 88124 88339
1226 1400 88398 88572
1400 1482 89058 89140

>FBtr0079913
0 67 16652 16719
67 207 60498 60638
207 252 60909 60954
252 297 66919 66964
297 407 70338 70448
407 588 76848 77029
588 664 78293 78369
664 859 78746 78941
859 946 83813 83900
946 1056 87945 88055
1056 1271 88124 88339
1271 1445 88398 88572
1445 1527 89058 89140

>FBtr0079914
0 67 16652 16719
67 207 60498 60638
207 252 66919 66964
252 362 70338 70448
362 543 76848 77029
543 619 78293 78369
619 814 78746 78941
814 901 83813 83900
901 1011 87945 88055
1011 1226 88124 88339
1226 1400 88398 88572
1400 1482 89058 89140

>FBtr0079915
0 67 16652 16719
67 207 60498 60638
207 252 60909 60954
252 362 70338 70448
362 543 76848 77029
543 619 78293 78369
619 814 78746 78941
814 901 83813 83900
901 1011 87945 88055
1011 1226 88124 88339
1226 1400 88398 88572
1400 1482 89058 89140

>FBtr0303898
0 67 16652 16719
67 207 60498 60638
207 252 66919 66964
252 362 70338 70448
362 543 76848 77029
543 619 78293 78369
619 814 78746 78941
814 901 79720 79807
901 1011 87945 88055
1011 1226 88124 88339
1226 1400 88398 88572
1400 1482 89058 89140

>FBtr0079916
0 67 16652 16719
67 207 60498 60638
207 252 66919 66964
252 362 70338 70448
362 543 76848 77029
543 619 78293 78369
619 814 78746 78941
814 901 79720 79807
901 1011 87945 88055
1011 1226 88124 88339
1226 1400 88398 88572
1400 1482 89058 89140

>FBtr0079912
0 67 16652 16719
67 207 60498 60638
207 252 60909 60954
252 362 70338 70448
362 543 76848 77029
543 619 78293 78369
619 814 78746 78941
814 901 79720 79807
901 988 83813 83900
988 1098 87945 88055
1098 1313 88124 88339
1313 1487 88398 88572
1487 1569 89058 89140

>FBtr0301834
0 160 4791 4951
160 300 5190 5330
300 345 5503 5548
345 455 5610 5720
455 636 5848 6029
636 712 6090 6166
712 907 6407 6602
907 994 7858 7945
994 1104 13923 14033
1104 1259 16805 16960
1259 1376 17079 17196
1376 1530 18193 18347
1530 1674 18514 18658
1674 1680 18727 18733

>FBtr0343798
0 160 4791 4951
160 300 5190 5330
300 345 5503 5548
345 455 5610 5720
455 636 5848 6029
636 712 6090 6166
712 907 6407 6602
907 994 7858 7945
994 1104 13923 14033
1104 1259 16805 16960
1259 1376 17079 17196
1376 1530 18193 18347
1530 1674 18514 18658
1674 1680 18727 18733

>FBtr0301835
0 160 4791 4951
160 300 5190 5330
300 345 5503 5548
345 455 5610 5720
455 636 5848 6029
636 712 6090 6166
712 907 6407 6602
907 994 7858 7945
994 1104 13923 14033
1104 1259 16805 16960
1259 1376 17079 17196
1376 1530 18193 18347
1530 1692 18514 18676

>FBtr0074680
0 160 4791 4951
160 300 5190 5330
300 345 5503 5548
345 455 5610 5720
455 636 5848 6029
636 712 6090 6166
712 907 6407 6602
907 994 7858 7945
994 1104 13923 14033
1104 1259 16805 16960
1259 1376 17079 17196
1376 1530 18193 18347
1530 1674 18514 18658
1674 1680 18727 18733

