>FBtr0300875
0 377 15100 15477
377 538 16197 16358
538 740 16970 17172
740 992 17502 17754
992 1936 17820 18764
1936 2140 18915 19119
2140 2415 22079 22354

>FBtr0300876
0 377 15100 15477
377 538 16197 16358
538 740 16970 17172
740 992 17502 17754
992 1936 17820 18764
1936 2140 18915 19119
2140 2415 22079 22354

>FBtr0085790
0 452 3000 3452
452 613 3724 3885
613 815 4252 4454
815 2005 4758 5948
2005 2230 6537 6762
2230 2322 6989 7081

>FBtr0346230
0 452 3000 3452
452 613 3724 3885
613 815 4252 4454
815 2005 4758 5948
2005 2230 6537 6762
2230 2322 6989 7081

>FBtr0085486
0 374 3250 3624
374 535 3689 3850
535 737 3909 4111
737 989 4244 4496
989 1921 4638 5570
1921 2122 5643 5844
2122 2232 5987 6097

>FBtr0085485
0 374 3250 3624
374 535 3689 3850
535 737 3909 4111
737 989 4244 4496
989 1921 4638 5570
1921 2122 5643 5844
2122 2232 5987 6097

