>ENSPVIT00000025154
0 204 0 204
204 330 1261 1387
330 438 2870 2978
438 571 4832 4965
571 675 5783 5887
675 861 6882 7068
861 952 7170 7261
952 1011 7996 8055
1011 1104 9570 9663
1104 1194 11792 11882
1194 1365 12324 12495
1365 1480 13238 13353
1480 1590 14252 14362

>ENSPVIT00000025155
0 108 1279 1387
108 216 2870 2978
216 349 4832 4965
349 453 5783 5887
453 639 6882 7068
639 730 7170 7261
730 789 7996 8055
789 882 9570 9663
882 972 11792 11882
972 1143 12324 12495
1143 1258 13238 13353
1258 1368 14252 14362

>ENSACAT00000017304
0 113 91 204
113 240 1879 2006
240 348 4347 4455
348 481 4774 4907
481 585 5884 5988
585 771 6191 6377
771 862 6490 6581
862 921 6734 6793
921 1014 7907 8000
1014 1104 10824 10914
1104 1275 12148 12319
1275 1390 14243 14358
1390 1500 15765 15875

