>ENSTNIT00000014738
0 111 0 111
111 222 813 924
222 264 2362 2404
264 331 3299 3366
331 384 3645 3698
384 450 4082 4148
450 507 4493 4550
507 584 4617 4694
584 690 5660 5766

>ENSMMOT00000016609
0 111 0 111
111 222 870 981
222 264 2492 2534
264 331 4626 4693
331 384 4859 4912
384 450 5267 5333
450 507 6050 6107
507 584 6191 6268
584 690 7519 7625

>ENSPMGT00000021823
0 114 3707 3821
114 225 4789 4900
225 267 9907 9949
267 334 15309 15376
334 387 15528 15581
387 453 15889 15955
453 510 16586 16643
510 587 16708 16785
587 681 17843 17937
681 699 18418 18436

