>ENSCSAVT00000010012
0 220 3 223
220 338 798 916
338 459 1276 1397
459 630 1894 2065

>ENSCSAVT00000019443
0 220 7 227
220 338 814 932
338 459 1300 1421
459 666 1902 2109

>ENSCSAVT00000009996
0 58 169 227
58 176 815 933
176 298 1721 1843
298 414 2326 2442

>ENSCSAVT00000019438
0 217 13 230
217 335 7148 7266
335 456 7424 7545
456 663 7932 8139

>ENSCSAVT00000019439
0 217 13 230
217 335 367 485
335 456 637 758
456 662 1141 1347
662 663 2237 2238

>ENSCSAVT00000019440
0 217 13 230
217 335 6407 6525
335 456 6682 6803
456 663 7188 7395

>ENSCINT00000025181
0 73 37 110
73 226 507 660
226 338 873 985
338 459 1419 1540
459 705 1644 1890

>ENSCINT00000034607
0 73 0 73
73 226 712 865
226 338 924 1036
338 459 1672 1793
459 705 1896 2142

>ENSCINT00000025316
0 70 0 70
70 232 557 719
232 344 784 896
344 465 1359 1480
465 717 1746 1998

>ENSCINT00000012582
0 100 0 100
100 241 134 275
241 353 351 463
353 474 735 856
474 720 1297 1543

>ENSCSAVT00000007319
0 220 66 286
220 338 639 757
338 459 952 1073
459 666 1483 1690

>ENSCSAVT00000012494
0 109 636 745
109 227 1090 1208
227 348 1562 1683
348 555 2210 2417

>ENSCINT00000034217
0 217 16 233
217 335 575 693
335 456 1106 1227
456 666 5305 5515

>ENSCINT00000027322
0 217 15 232
217 335 1047 1165
335 456 1473 1594
456 666 2442 2652

>ENSCSAVT00000009990
0 220 7 227
220 340 809 929
340 461 1258 1379
461 465 1861 1865

>ENSCINT00000036318
0 174 782 956

