>ENSGGOT00000001095
0 57 0 57
57 1062 413 1418
1062 1078 1472 1488
1078 2958 1512 3392
2958 3227 3476 3745
3227 3297 3831 3901

>ENST00000564831
0 57 39 96
57 2955 456 3354
2955 3224 3438 3707
3224 3294 3793 3863

>ENST00000431282
0 57 39 96
57 1048 456 1447
1048 2928 1474 3354
2928 3197 3438 3707
3197 3267 3793 3863

>ENSPTRT00000095396
0 57 0 57
57 843 413 1199
843 909 1217 1283
909 954 1325 1370
954 1118 1388 1552
1118 1146 1572 1600
1146 1316 1616 1786
1316 1381 1807 1872
1381 1410 1932 1961
1410 1475 1984 2049
1475 2442 2418 3385
2442 2715 3469 3742

>ENSPTRT00000100613
0 57 0 57
57 147 413 503
147 195 3017 3065

>ENSPPYT00000008512
0 57 126 183
57 3015 539 3497
3015 3284 3581 3850
3284 3354 3936 4006

>ENSNLET00000055006
0 57 0 57
57 957 404 1304
957 1092 1331 1466
1092 2961 1565 3434
2961 3230 3518 3787
3230 3300 3873 3943

>ENSTGET00000021897
0 57 0 57
57 2907 399 3249
2907 3176 3333 3602
3176 3246 3688 3758

>ENSPANT00000022691
0 57 0 57
57 2907 410 3260
2907 3176 3344 3613
3176 3246 3699 3769

>ENSMLET00000046954
0 57 27 84
57 2850 437 3230
2850 3119 3314 3583
3119 3189 3669 3739

>ENSCATT00000013459
0 252 580 832
252 3099 1185 4032
3099 3368 4116 4385
3368 3438 4471 4541

>ENSCATT00000013493
0 57 775 832
57 1000 1185 2128
1000 2877 2155 4032
2877 3146 4116 4385
3146 3216 4471 4541

>ENSMMUT00000001018
0 252 0 252
252 3018 605 3371
3018 3287 3459 3728
3287 3357 3814 3884

>ENSMFAT00000000744
0 57 111 168
57 2847 521 3311
2847 3116 3399 3668
3116 3186 3754 3824

>ENSMNET00000043917
0 252 601 853
252 3129 1206 4083
3129 3398 4171 4440
3398 3468 4526 4596

>ENSCSAT00000004318
0 252 958 1210
252 3078 1563 4389
3078 3347 4473 4742
3347 3417 4828 4898

>ENSRROT00000065712
0 57 0 57
57 211 406 560
211 2853 666 3308
2853 3122 3392 3661
3122 3192 3747 3817

>ENSRBIT00000067648
0 252 609 861
252 3048 1210 4006
3048 3317 4090 4359
3317 3387 4445 4515

