>ENSDCDT00000014399
0 450 881 1331
450 520 1956 2026
520 639 2900 3019
639 773 4683 4817
773 945 5034 5206
945 1029 5488 5572
1029 1115 5718 5804
1115 1193 5891 5969
1193 1363 6470 6640
1363 1605 6777 7019
1605 1617 8226 8238
1617 1826 8335 8544
1826 1863 8722 8759
1863 1938 8857 8932
1938 1984 9073 9119
1984 2046 9358 9420
2046 2115 9714 9783
2115 2194 9870 9949
2194 2311 10552 10669
2311 2364 11399 11452
2364 2391 12062 12089

>ENSDCDT00000014419
0 450 881 1331
450 520 1956 2026
520 639 2900 3019
639 773 4683 4817
773 945 5034 5206
945 1029 5488 5572
1029 1115 5718 5804
1115 1193 5891 5969
1193 1363 6470 6640
1363 1605 6777 7019
1605 1814 8335 8544
1814 1851 8722 8759
1851 1926 8857 8932
1926 1972 9073 9119
1972 2034 9358 9420
2034 2103 9714 9783
2103 2182 9870 9949
2182 2299 10552 10669
2299 2352 11399 11452
2352 2379 12062 12089

>ENSIPUT00000018383
0 198 0 198
198 268 2057 2127
268 387 3869 3988
387 521 8690 8824
521 693 9367 9539
693 777 11480 11564
777 863 12984 13070
863 941 13173 13251
941 1117 14578 14754
1117 1368 15060 15311
1368 1380 15471 15483
1380 1589 15565 15774
1589 1626 17472 17509
1626 1701 17608 17683
1701 1747 17771 17817
1747 1809 18853 18915
1809 1878 19498 19567
1878 1957 19903 19982
1957 2074 20183 20300
2074 2127 21783 21836
2127 2154 24101 24128

>ENSIPUT00000018433
0 198 0 198
198 268 2057 2127
268 387 3869 3988
387 521 8690 8824
521 693 9367 9539
693 777 11480 11564
777 863 12984 13070
863 941 13173 13251
941 1117 14578 14754
1117 1368 15060 15311
1368 1380 15471 15483
1380 1589 15565 15774
1589 1626 17472 17509
1626 1701 17608 17683
1701 1747 17771 17817
1747 1809 18853 18915
1809 1878 19498 19567
1878 1957 19903 19982
1957 2074 20183 20300
2074 2274 21783 21983

>ENSIPUT00000018485
0 198 0 198
198 268 2057 2127
268 387 3869 3988
387 521 8690 8824
521 693 9367 9539
693 777 11480 11564
777 863 12984 13070
863 941 13173 13251
941 1105 14578 14742
1105 1356 15060 15311
1356 1575 15565 15784
1575 1650 17608 17683
1650 1788 18777 18915
1788 1857 19498 19567
1857 1936 19903 19982
1936 2151 20183 20398

>ENSEEET00000033723
0 198 198 396
198 268 905 975
268 387 2548 2667
387 521 4507 4641
521 693 4968 5140
693 777 5967 6051
777 863 6161 6247
863 941 6454 6532
941 1120 6664 6843
1120 1380 7061 7321
1380 1589 7583 7792
1589 1626 8196 8233
1626 1701 8318 8393
1701 1821 8521 8641

>ENSAMXT00000042545
0 198 167 365
198 268 4322 4392
268 387 8559 8678
387 521 20308 20442
521 693 22621 22793
693 777 23822 23906
777 863 24010 24096
863 941 25651 25729
941 1117 25860 26036
1117 1362 27114 27359
1362 1578 29717 29933
1578 1653 31077 31152
1653 1699 32662 32708
1699 1761 34782 34844
1761 1830 35037 35106
1830 2037 37084 37291

>ENSAMXT00000035024
0 198 167 365
198 268 4322 4392
268 387 8559 8678
387 521 20308 20442
521 693 22621 22793
693 777 23822 23906
777 863 24010 24096
863 941 25651 25729
941 1117 25860 26036
1117 1362 27114 27359
1362 1374 28555 28567
1374 1583 29717 29926
1583 1620 30951 30988
1620 1695 31077 31152
1695 1741 32662 32708
1741 1818 34782 34859

