>ENSCINT00000019224
0 189 0 189
189 409 564 784
409 622 1142 1355
622 819 1671 1868
819 929 2238 2348
929 1089 2828 2988
1089 1226 3426 3563
1226 1433 4073 4280
1433 1586 4743 4896
1586 1665 5265 5344

>T14E8.1a.1
0 174 28 202
174 256 839 921
256 365 977 1086
365 569 1133 1337
569 820 1382 1633
820 909 1680 1769
909 1125 1818 2034
1125 1232 2078 2185
1232 1335 2364 2467
1335 1455 2514 2634
1455 1644 2679 2868
1644 1766 2916 3038
1766 2159 3084 3477
2159 2341 3720 3902
2341 2594 3954 4207
2594 2733 4254 4393
2733 2900 4489 4656
2900 3053 5211 5364
3053 3261 5600 5808

>T14E8.1b.1
0 174 28 202
174 256 839 921
256 365 977 1086
365 569 1133 1337
569 820 1382 1633
820 909 1680 1769
909 1125 1818 2034
1125 1232 2078 2185
1232 1335 2364 2467
1335 1455 2514 2634
1455 1644 2679 2868
1644 1766 2916 3038
1766 2159 3084 3477
2159 2341 3720 3902
2341 2594 3954 4207
2594 2733 4254 4393
2733 2900 4489 4656
2900 3042 5211 5353
3042 3093 5600 5651

>T14E8.1b.2
0 174 28 202
174 256 839 921
256 365 977 1086
365 569 1133 1337
569 820 1382 1633
820 909 1680 1769
909 1125 1818 2034
1125 1232 2078 2185
1232 1335 2364 2467
1335 1455 2514 2634
1455 1644 2679 2868
1644 1766 2916 3038
1766 2159 3084 3477
2159 2341 3720 3902
2341 2594 3954 4207
2594 2733 4254 4393
2733 2900 4489 4656
2900 3042 5211 5353
3042 3093 5600 5651

>T14E8.1c.1
0 174 28 202
174 256 839 921
256 365 977 1086
365 569 1133 1337
569 820 1382 1633
820 909 1680 1769
909 1125 1818 2034
1125 1232 2078 2185
1232 1335 2364 2467
1335 1455 2514 2634
1455 1644 2679 2868
1644 1766 2916 3038
1766 2159 3084 3477
2159 2341 3720 3902
2341 2594 3954 4207
2594 2733 4254 4393
2733 2900 4489 4656
2900 3049 5211 5360
3049 3057 5600 5608

