>ENSSFOT00015034012
0 90 41285 41375
90 168 41609 41687
168 313 42309 42454
313 410 43265 43362
410 573 43468 43631
573 660 44889 44976
660 798 46009 46147
798 875 46262 46339
875 949 47071 47145
949 1098 47249 47398
1098 1226 47510 47638
1226 1322 47778 47874
1322 1487 48266 48431
1487 1681 48584 48778
1681 1752 48876 48947
1752 1981 49034 49263
1981 2188 49373 49580
2188 2328 49671 49811
2328 2507 52257 52436
2507 2586 54271 54350
2586 2666 54528 54608
2666 2790 55286 55410
2790 2986 55880 56076
2986 3159 56770 56943

>ENSSFOT00015034042
0 2 274 276
2 42 40171 40211
42 120 41609 41687
120 265 42309 42454
265 362 43265 43362
362 525 43468 43631
525 612 44889 44976
612 750 46009 46147
750 827 46262 46339
827 901 47071 47145
901 1050 47249 47398
1050 1178 47510 47638
1178 1274 47778 47874
1274 1439 48266 48431
1439 1633 48584 48778
1633 1704 48876 48947
1704 1933 49034 49263
1933 2140 49373 49580
2140 2280 49671 49811
2280 2459 52257 52436
2459 2538 54271 54350
2538 2618 54528 54608
2618 2742 55286 55410
2742 2938 55880 56076
2938 3111 56770 56943

>ENSSFOT00015034068
0 2 274 276
2 42 40171 40211
42 187 42309 42454
187 284 43265 43362
284 447 43468 43631
447 534 44889 44976
534 672 46009 46147
672 749 46262 46339
749 823 47071 47145
823 972 47249 47398
972 1100 47510 47638
1100 1196 47778 47874
1196 1361 48266 48431
1361 1555 48584 48778
1555 1626 48876 48947
1626 1855 49034 49263
1855 2062 49373 49580
2062 2202 49671 49811
2202 2381 52257 52436
2381 2460 54271 54350
2460 2540 54528 54608
2540 2664 55286 55410
2664 2860 55880 56076
2860 3033 56770 56943

>ENSSFOT00015034105
0 324 41051 41375
324 402 41609 41687
402 547 42309 42454
547 644 43265 43362
644 807 43468 43631
807 894 44889 44976
894 1032 46009 46147
1032 1109 46262 46339
1109 1183 47071 47145
1183 1332 47249 47398
1332 1460 47510 47638
1460 1556 47778 47874
1556 1721 48266 48431
1721 1915 48584 48778
1915 1986 48876 48947
1986 2215 49034 49263
2215 2422 49373 49580
2422 2562 49671 49811
2562 2741 52257 52436
2741 2820 54271 54350
2820 2900 54528 54608
2900 3024 55286 55410
3024 3220 55880 56076
3220 3393 56770 56943

>ENSPKIT00000002136
0 42 499 541
42 120 2372 2450
120 274 2981 3135
274 371 3563 3660
371 534 3742 3905
534 621 4496 4583
621 759 7197 7335
759 836 7604 7681
836 910 8049 8123
910 1059 8614 8763
1059 1187 9119 9247
1187 1283 9329 9425
1283 1442 9508 9667
1442 1636 9763 9957
1636 1707 13481 13552
1707 1936 13749 13978
1936 2140 14320 14524
2140 2280 14613 14753
2280 2475 15445 15640
2475 2571 15980 16076
2571 2750 16908 17087
2750 2829 17598 17677
2829 2909 17823 17903
2909 3033 18601 18725
3033 3229 19577 19773
3229 3402 20195 20368

>ENSPKIT00000002207
0 42 499 541
42 120 2372 2450
120 274 2981 3135
274 371 3563 3660
371 534 3742 3905
534 621 4496 4583
621 759 7197 7335
759 836 7604 7681
836 910 8049 8123
910 1059 8614 8763
1059 1187 9119 9247
1187 1283 9329 9425
1283 1442 9508 9667
1442 1636 9763 9957
1636 1707 13481 13552
1707 1936 13749 13978
1936 2140 14320 14524
2140 2280 14613 14753
2280 2459 16908 17087
2459 2538 17598 17677
2538 2618 17823 17903
2618 2742 18601 18725
2742 2938 19577 19773
2938 3111 20195 20368

>ENSPKIT00000002263
0 42 499 541
42 120 2372 2450
120 274 2981 3135
274 389 3545 3660
389 552 3742 3905
552 639 4496 4583
639 777 7197 7335
777 854 7604 7681
854 928 8049 8123
928 1077 8614 8763
1077 1205 9119 9247
1205 1301 9329 9425
1301 1460 9508 9667
1460 1654 9763 9957
1654 1725 13481 13552
1725 1954 13749 13978
1954 2187 14320 14553
2187 2366 16908 17087
2366 2445 17598 17677
2445 2525 17823 17903
2525 2649 18601 18725
2649 2845 19577 19773
2845 3018 20195 20368

>ENSSFOT00015018791
0 171 0 171
171 249 2027 2105
249 394 2718 2863
394 518 3365 3489
518 681 3718 3881
681 768 6290 6377
768 906 7063 7201
906 986 7856 7936
986 1060 8833 8907
1060 1209 9800 9949
1209 1337 10146 10274
1337 1433 10479 10575
1433 1601 10718 10886
1601 1816 10970 11185
1816 1887 11711 11782
1887 2116 11906 12135
2116 2353 13081 13318
2353 2493 13491 13631
2493 4197 14580 16284
4197 4293 17270 17366
4293 4472 17631 17810
4472 4551 17918 17997
4551 4631 18174 18254
4631 4755 19944 20068
4755 4957 21259 21461
4957 5130 21798 21971

>ENSSFOT00015018834
0 171 0 171
171 249 2027 2105
249 394 2718 2863
394 518 3365 3489
518 681 3718 3881
681 768 6290 6377
768 906 7063 7201
906 986 7856 7936
986 1060 8833 8907
1060 1209 9800 9949
1209 1337 10146 10274
1337 1433 10479 10575
1433 1601 10718 10886
1601 1816 10970 11185
1816 1887 11711 11782
1887 2116 11906 12135
2116 2353 13081 13318
2353 2493 13491 13631
2493 2589 17270 17366
2589 2768 17631 17810
2768 2847 17918 17997
2847 2927 18174 18254
2927 3051 19944 20068
3051 3253 21259 21461
3253 3426 21798 21971

>ENSPKIT00000008434
0 42 0 42
42 120 2400 2478
120 265 3522 3667
265 389 5289 5413
389 552 5888 6051
552 639 8132 8219
639 777 9937 10075
777 854 10262 10339
854 928 10825 10899
928 1077 11334 11483
1077 1205 11993 12121
1205 1301 12363 12459
1301 1469 12897 13065
1469 1684 13155 13370
1684 1755 14299 14370
1755 1984 14674 14903
1984 2197 15113 15326
2197 2328 16639 16770
2328 3456 17539 18667
3456 3552 19540 19636
3552 3731 20793 20972
3731 3810 21086 21165
3810 3890 21725 21805
3890 4014 23122 23246
4014 4210 24262 24458
4210 4383 24989 25162

>ENSPKIT00000008476
0 42 0 42
42 120 2400 2478
120 265 3522 3667
265 389 5289 5413
389 552 5888 6051
552 639 8132 8219
639 777 9937 10075
777 854 10262 10339
854 928 10825 10899
928 1077 11334 11483
1077 1205 11993 12121
1205 1301 12363 12459
1301 1469 12897 13065
1469 1684 13155 13370
1684 1755 14299 14370
1755 1984 14674 14903
1984 2197 15113 15326
2197 2328 16639 16770
2328 2424 19540 19636
2424 2603 20793 20972
2603 2682 21086 21165
2682 2762 21725 21805
2762 2886 23122 23246
2886 3082 24262 24458
3082 3255 24989 25162

>ENSPKIT00000008536
0 42 0 42
42 120 2400 2478
120 265 3522 3667
265 389 5289 5413
389 552 5888 6051
552 639 8132 8219
639 777 9937 10075
777 854 10262 10339
854 928 10825 10899
928 1077 11334 11483
1077 1205 11993 12121
1205 1301 12363 12459
1301 1469 12897 13065
1469 1684 13155 13370
1684 1755 14299 14370
1755 1984 14674 14903
1984 2197 15113 15326
2197 2328 16639 16770
2328 2507 20793 20972
2507 2586 21086 21165
2586 2666 21725 21805
2666 2790 23122 23246
2790 2986 24262 24458
2986 3159 24989 25162

>ENSAMXT00000031181
0 42 446 488
42 120 6554 6632
120 265 8076 8221
265 389 9081 9205
389 552 9969 10132
552 639 12608 12695
639 777 15108 15246
777 854 15603 15680
854 928 16379 16453
928 1080 17765 17917
1080 1208 19594 19722
1208 1304 20508 20604
1304 1469 20986 21151
1469 1705 21879 22115
1705 1776 22515 22586
1776 2005 22701 22930
2005 2257 23987 24239
2257 2397 25262 25402
2397 2556 27534 27693
2556 2652 29864 29960
2652 2831 33253 33432
2831 2910 35071 35150
2910 2990 36529 36609
2990 3114 36979 37103
3114 3310 39698 39894
3310 3489 41115 41294

>ENSAMXT00000006610
0 42 446 488
42 120 6554 6632
120 265 8076 8221
265 389 9081 9205
389 552 9969 10132
552 639 12608 12695
639 777 15108 15246
777 854 15603 15680
854 928 16379 16453
928 1080 17765 17917
1080 1208 19594 19722
1208 1304 20508 20604
1304 1469 20986 21151
1469 1705 21879 22115
1705 1776 22515 22586
1776 2005 22701 22930
2005 2257 23987 24239
2257 2397 25262 25402
2397 2493 29864 29960
2493 2672 33253 33432
2672 2751 35071 35150
2751 2831 36529 36609
2831 2955 36979 37103
2955 3151 39698 39894
3151 3330 41115 41294

>ENSAMXT00000055333
0 42 446 488
42 120 6554 6632
120 265 8076 8221
265 389 9081 9205
389 552 9969 10132
552 639 12608 12695
639 777 15108 15246
777 854 15603 15680
854 928 16379 16453
928 1080 17765 17917
1080 1208 19594 19722
1208 1304 20508 20604
1304 1540 21879 22115
1540 1611 22515 22586
1611 1840 22701 22930
1840 2092 23987 24239
2092 2232 25262 25402
2232 2391 27534 27693
2391 2487 29864 29960
2487 2666 33253 33432
2666 2745 35071 35150
2745 2825 36529 36609
2825 2949 36979 37103
2949 3145 39698 39894
3145 3324 41115 41294

>ENSAMXT00000037436
0 42 446 488
42 120 6554 6632
120 265 8076 8221
265 389 9081 9205
389 552 9969 10132
552 639 12608 12695
639 777 15108 15246
777 854 15603 15680
854 928 16379 16453
928 1080 17765 17917
1080 1208 19594 19722
1208 1304 20508 20604
1304 1469 20986 21151
1469 1705 21879 22115
1705 1776 22515 22586
1776 2005 22701 22930
2005 2257 23987 24239
2257 2397 25262 25402
2397 2576 33253 33432
2576 2655 35071 35150
2655 2735 36529 36609
2735 2859 36979 37103
2859 3055 39698 39894
3055 3234 41115 41294

