>ENSPVIT00000022870
0 107 550 657
107 174 1700 1767
174 334 4604 4764
334 455 7142 7263
455 532 11729 11806
532 676 11899 12043
676 805 12212 12341
805 920 14348 14463
920 990 15819 15889
990 1121 17500 17631
1121 1241 24228 24348
1241 1333 41812 41904
1333 1416 45750 45833
1416 1494 47312 47390
1494 1593 49617 49716
1593 1782 52892 53081
1782 1851 54826 54895

>ENSPVIT00000022872
0 107 550 657
107 174 1700 1767
174 334 4604 4764
334 455 7142 7263
455 532 11729 11806
532 676 11899 12043
676 791 14348 14463
791 861 15819 15889
861 992 17500 17631
992 1112 24228 24348
1112 1204 41812 41904
1204 1287 45750 45833
1287 1365 47312 47390
1365 1464 49617 49716
1464 1653 52892 53081
1653 1722 54826 54895

>ENSPNAT00000029644
0 277 63 340
277 362 3659 3744
362 436 4831 4905
436 565 5003 5132
565 724 8936 9095
724 836 10625 10737
836 956 14674 14794
956 1042 15705 15791
1042 1125 20555 20638
1125 1200 21861 21936
1200 1302 22215 22317
1302 1491 23974 24163
1491 1560 25296 25365

>ENSPNAT00000029666
0 277 63 340
277 362 3659 3744
362 436 4831 4905
436 565 5003 5132
565 724 8936 9095
724 836 10625 10737
836 906 11890 11960
906 1037 13199 13330
1037 1157 14674 14794
1157 1243 15705 15791
1243 1326 20555 20638
1326 1401 21861 21936
1401 1503 22215 22317
1503 1692 23974 24163
1692 1761 25296 25365

>ENSAMXT00000051684
0 46 885 931
46 202 2445 2601
202 314 3736 3848
314 384 7090 7160
384 515 8481 8612
515 635 9795 9915
635 721 10071 10157
721 804 14592 14675
804 879 16002 16077
879 981 16396 16498
981 1170 18569 18758
1170 1239 20782 20851

>ENSIPUT00000034267
0 145 168 313
145 242 1024 1121
242 337 1836 1931
337 466 2000 2129
466 613 2518 2665
613 725 2962 3074
725 795 4017 4087
795 926 4555 4686
926 1046 4820 4940
1046 1132 5116 5202
1132 1215 5632 5715
1215 1290 5794 5869
1290 1386 5984 6080
1386 1575 6577 6766
1575 1644 6855 6924

>ENSIPUT00000034293
0 172 168 340
172 301 2000 2129
301 561 3827 4087
561 692 4555 4686
692 1012 4820 5140
1012 1173 6605 6766
1173 1242 6855 6924

>ENSIPUT00000034295
0 154 2237 2391
154 301 2518 2665
301 413 2962 3074
413 483 4017 4087
483 614 4555 4686
614 734 4820 4940
734 820 5116 5202
820 903 5632 5715
903 978 5794 5869
978 1074 5984 6080
1074 1263 6577 6766
1263 1332 6855 6924

