>ENSCCNT00000005104
0 168 0 168
168 331 2321 2484
331 481 5181 5331
481 642 9820 9981
642 816 11054 11228
816 958 12884 13026
958 1146 17726 17914
1146 1288 21564 21706
1288 1422 23818 23952
1422 1427 23954 23959
1427 1467 23960 24000

>ENSCCNT00000005066
0 168 455 623
168 331 2757 2920
331 481 4491 4641
481 586 9175 9280
586 612 9621 9647
612 786 11668 11842
786 928 13111 13253
928 1116 15954 16142
1116 1258 20098 20240
1258 1440 22361 22543

>ENSCCNT00000006388
0 168 0 168
168 331 2274 2437
331 481 4695 4845
481 642 8421 8582
642 816 11379 11553
816 958 14312 14454
958 1146 16480 16668
1146 1288 22166 22308
1288 1470 39165 39347

>ENSCCNT00000006425
0 168 0 168
168 331 2274 2437
331 481 4695 4845
481 642 8421 8582
642 816 11379 11553
816 958 14312 14454
958 1146 16480 16668
1146 1296 22166 22316
1296 1386 27276 27366

