>FBtr0302330
0 129 4549 4678
129 384 8804 9059
384 661 10682 10959
661 751 11155 11245
751 806 11302 11357
806 917 12235 12346
917 1188 12480 12751
1188 1515 12871 13198
1515 1662 13291 13438
1662 1909 13499 13746
1909 2148 17821 18060
2148 2580 18268 18700

>FBtr0087344
0 129 4549 4678
129 384 8804 9059
384 661 10682 10959
661 751 11155 11245
751 806 11302 11357
806 917 12235 12346
917 1188 12480 12751
1188 1755 12871 13438
1755 2901 13499 14645

>FBtr0087346
0 129 4549 4678
129 384 8804 9059
384 661 10682 10959
661 751 11155 11245
751 806 11302 11357
806 917 12235 12346
917 1188 12480 12751
1188 1755 12871 13438
1755 2901 13499 14645

>FBtr0087345
0 129 4549 4678
129 384 8804 9059
384 661 10682 10959
661 751 11155 11245
751 806 11302 11357
806 917 12235 12346
917 1188 12480 12751
1188 1755 12871 13438
1755 2002 13499 13746
2002 2241 17821 18060
2241 2673 18268 18700

>FBtr0087347
0 186 12565 12751
186 753 12871 13438
753 1899 13499 14645

>FBtr0087348
0 186 12565 12751
186 753 12871 13438
753 1000 13499 13746
1000 1239 17821 18060
1239 1671 18268 18700

>FBtr0306648
0 186 12565 12751
186 513 12871 13198
513 660 13291 13438
660 907 13499 13746
907 1146 17821 18060
1146 1578 18268 18700

>FBtr0087343
0 129 4549 4678
129 384 8804 9059
384 661 10682 10959
661 751 11155 11245
751 806 11302 11357
806 917 12235 12346
917 1188 12480 12751
1188 1755 12871 13438
1755 2901 13499 14645

>ZK1067.6a.1
0 25 0 25
25 448 1081 1504
448 623 2578 2753
623 799 3022 3198
799 964 7176 7341
964 1203 7583 7822
1203 1671 8745 9213
1671 1857 9263 9449

>ZK1067.6b.1
0 148 7193 7341
148 387 7583 7822
387 855 8745 9213
855 1041 9263 9449

>ZK1067.6b.2
0 148 7193 7341
148 387 7583 7822
387 855 8745 9213
855 1041 9263 9449

>ENSCSAVT00000003513
0 50 960 1010
50 160 1071 1181
160 256 1369 1465
256 311 1746 1801
311 422 2371 2482
422 555 2909 3042
555 598 3723 3766
598 693 4386 4481
693 810 4914 5031
810 900 5321 5411
900 1058 6219 6377
1058 1167 6553 6662
1167 1375 6736 6944
1375 1587 7284 7496
1587 1779 7690 7882
1779 1938 8307 8466

>ENSCSAVT00000003514
0 38 960 998
38 100 1056 1118
100 211 1354 1465
211 266 1746 1801
266 377 2371 2482
377 510 2909 3042
510 553 3723 3766
553 648 4386 4481
648 765 4914 5031
765 855 5321 5411
855 924 6219 6288
924 959 6342 6377
959 1068 6553 6662
1068 1276 6736 6944
1276 1400 7284 7408
1400 1446 7613 7659
1446 1638 7690 7882
1638 1797 8307 8466

>ENSCSAVT00000003515
0 39 4442 4481
39 156 4914 5031
156 246 5321 5411
246 404 6219 6377
404 513 6553 6662
513 721 6736 6944
721 933 7284 7496
933 1125 7690 7882
1125 1281 8307 8463

