>ENSDCDT00000009105
0 575 0 575
575 627 605 657
627 845 2022 2240
845 1369 3211 3735
1369 1425 3816 3872

>ENSDCDT00000009107
0 575 0 575
575 653 605 683
653 863 2030 2240
863 1449 3211 3797

>ENSCHAT00000024254
0 30 0 30
30 126 1944 2040
126 360 2247 2481
360 377 2876 2893
377 514 3500 3637
514 1113 4258 4857

>ENSCHAT00000024268
0 657 633 1290
657 753 1944 2040
753 987 2247 2481
987 1004 2876 2893
1004 1141 3500 3637
1141 1740 4258 4857

>ENSAMXT00000021694
0 3 129 132
3 237 287 521
237 260 656 679
260 394 1146 1280
394 960 1704 2270

>ENSIPUT00000027553
0 43 3581 3624
43 431 4859 5247
431 572 5495 5636
572 697 6858 6983
697 1266 7064 7633

