>ENSPKIT00000010335
0 154 47 201
154 206 593 645
206 304 1057 1155
304 435 1258 1389
435 607 1624 1796
607 706 2090 2189
706 991 2370 2655
991 1150 3230 3389
1150 1755 3585 4190
1755 1930 4425 4600
1930 2016 7121 7207
2016 2121 8234 8339
2121 2258 8517 8654
2258 2451 8754 8947
2451 2617 9082 9248
2617 2754 9489 9626

>ENSSFOT00015030210
0 148 490 638
148 200 839 891
200 298 1662 1760
298 429 1880 2011
429 601 2576 2748
601 700 3045 3144
700 985 3247 3532
985 1144 4199 4358
1144 1722 4757 5335
1722 1897 5425 5600
1897 1983 8355 8441
1983 2088 9831 9936
2088 2177 10116 10205
2177 2370 10327 10520
2370 2536 10798 10964
2536 2673 11455 11592

>ENSSFOT00015030252
0 230 490 720
230 343 1647 1760
343 474 1880 2011
474 646 2576 2748
646 745 3045 3144
745 1030 3247 3532
1030 1189 4199 4358
1189 1767 4757 5335
1767 1942 5425 5600
1942 2028 8355 8441
2028 2133 9831 9936
2133 2222 10116 10205
2222 2415 10327 10520
2415 2581 10798 10964
2581 2718 11455 11592

