>ENSMSIT00000001481
0 58 192 250
58 97 977 1016
97 532 1815 2250
532 585 3498 3551

>ENSMUST00000226484
0 58 30 88
58 97 807 846
97 528 1667 2098

>ENSMUST00000078842
0 62 30 92
62 65 378 381
65 85 639 659
85 136 795 846
136 540 1667 2071
540 568 2073 2101
568 621 3354 3407

>ENSMUST00000037685
0 58 71 129
58 97 866 905
97 367 1720 1990
367 417 3257 3307

>ENSMUST00000226584
0 58 71 129
58 97 866 905
97 441 1720 2064

>ENSRNOT00000074622
0 58 0 58
58 97 774 813
97 226 1601 1730
226 276 2773 2823

>ENSRNOT00000055268
0 58 51 109
58 97 825 864
97 226 1652 1781
226 276 12957 13007

