>ZK675.1a.1
0 91 36 127
91 177 173 259
177 309 301 433
309 740 2322 2753
740 1462 2802 3524
1462 2858 3570 4966
2858 3902 5014 6058
3902 4014 6105 6217
4014 4227 6267 6480

>ZK675.1a.2
0 91 36 127
91 177 173 259
177 309 301 433
309 740 2322 2753
740 1462 2802 3524
1462 2858 3570 4966
2858 3902 5014 6058
3902 4014 6105 6217
4014 4227 6267 6480

>ZK675.1b.1
0 314 2439 2753
314 1036 2802 3524
1036 2432 3570 4966
2432 3476 5014 6058
3476 3588 6105 6217
3588 3801 6267 6480

>ZK675.1b.2
0 314 2439 2753
314 1036 2802 3524
1036 2432 3570 4966
2432 3476 5014 6058
3476 3588 6105 6217
3588 3801 6267 6480

>F21H12.4.1
0 860 0 860
860 1148 910 1198
1148 1488 1245 1585
1488 2004 1715 2231

>FBtr0089427
0 129 773 902
129 683 10303 10857
683 2610 11194 13121
2610 2818 13259 13467
2818 3090 13530 13802
3090 3858 13917 14685

