>ENSHHUT00000057726
0 129 19 148
129 283 13298 13452
283 607 17510 17834
607 794 21738 21925
794 990 24932 25128
990 3310 25422 27742
3310 3390 30617 30697
3390 3478 56876 56964
3478 3603 61323 61448
3603 3980 63459 63836
3980 4037 64536 64593
4037 4097 65325 65385
4097 4266 66515 66684
4266 4366 66867 66967
4366 4409 69967 70010
4409 4524 70123 70238
4524 4681 72297 72454
4681 4749 74446 74514
4749 4795 74787 74833
4795 4946 75237 75388
4946 5059 75621 75734
5059 5206 76009 76156
5206 5460 76379 76633
5460 5586 76751 76877
5586 5704 77097 77215
5704 5956 77407 77659
5956 6033 77881 77958
6033 6215 78654 78836
6215 6298 79248 79331
6298 6499 79445 79646
6499 6664 81947 82112
6664 6735 82219 82290
6735 6780 82809 82854
6780 6831 83081 83132
6831 7296 83261 83726
7296 7639 84067 84410
7639 7689 84543 84593

>ENSHHUT00000057751
0 33 115 148
33 187 13298 13452
187 511 17510 17834
511 698 21738 21925
698 894 24932 25128
894 3214 25422 27742
3214 3294 30617 30697
3294 3382 56876 56964
3382 3507 61323 61448
3507 3884 63459 63836
3884 3941 64536 64593
3941 4001 65325 65385
4001 4170 66515 66684
4170 4270 66867 66967
4270 4381 67971 68082
4381 4424 69967 70010
4424 4539 70123 70238
4539 4696 72297 72454
4696 4764 74446 74514
4764 4810 74787 74833
4810 4961 75237 75388
4961 5074 75621 75734
5074 5221 76009 76156
5221 5475 76379 76633
5475 5601 76751 76877
5601 5719 77097 77215
5719 5971 77407 77659
5971 6048 77881 77958
6048 6230 78654 78836
6230 6313 79248 79331
6313 6514 79445 79646
6514 6679 81947 82112
6679 6750 82219 82290
6750 6795 82809 82854
6795 6846 83081 83132
6846 7311 83261 83726
7311 7654 84067 84410
7654 7704 84543 84593

>ENSHHUT00000057773
0 33 115 148
33 187 13298 13452
187 511 17510 17834
511 698 21738 21925
698 894 24932 25128
894 3214 25422 27742
3214 3294 30617 30697
3294 3382 56876 56964
3382 3507 61323 61448
3507 3884 63459 63836
3884 3944 65325 65385
3944 4113 66515 66684
4113 4213 66867 66967
4213 4324 67971 68082
4324 4367 69967 70010
4367 4482 70123 70238
4482 4639 72297 72454
4639 4707 74446 74514
4707 4753 74787 74833
4753 4904 75237 75388
4904 5017 75621 75734
5017 5164 76009 76156
5164 5418 76379 76633
5418 5544 76751 76877
5544 5662 77097 77215
5662 5914 77407 77659
5914 5991 77881 77958
5991 6173 78654 78836
6173 6256 79248 79331
6256 6457 79445 79646
6457 6622 81947 82112
6622 6693 82219 82290
6693 6738 82809 82854
6738 6789 83081 83132
6789 7254 83261 83726
7254 7597 84067 84410
7597 7647 84543 84593

>ENSHHUT00000057793
0 33 115 148
33 187 13298 13452
187 511 17510 17834
511 698 21738 21925
698 894 24932 25128
894 3214 25422 27742
3214 3294 30617 30697
3294 3382 56876 56964
3382 3507 61323 61448
3507 3884 63459 63836
3884 3941 64536 64593
3941 4110 66515 66684
4110 4210 66867 66967
4210 4321 67971 68082
4321 4364 69967 70010
4364 4479 70123 70238
4479 4636 72297 72454
4636 4704 74446 74514
4704 4750 74787 74833
4750 4901 75237 75388
4901 5014 75621 75734
5014 5161 76009 76156
5161 5415 76379 76633
5415 5541 76751 76877
5541 5659 77097 77215
5659 5911 77407 77659
5911 5988 77881 77958
5988 6170 78654 78836
6170 6253 79248 79331
6253 6454 79445 79646
6454 6619 81947 82112
6619 6690 82219 82290
6690 6735 82809 82854
6735 6786 83081 83132
6786 7251 83261 83726
7251 7594 84067 84410
7594 7644 84543 84593

>ENSHHUT00000057844
0 235 75921 76156
235 570 76379 76714
570 688 77097 77215
688 940 77407 77659
940 1017 77881 77958
1017 1185 78654 78822
1185 1425 83084 83324
1425 1765 83390 83730
1765 2121 84155 84511

