>ENSDNOT00000050122
0 54 0 54
54 108 4196 4250
108 195 5790 5877
195 1674 11785 13264

>ENSCHOT00000001012
0 54 0 54
54 108 4613 4667
108 201 5677 5770
201 318 11357 11474
318 336 11476 11494
336 348 11496 11508
348 392 11510 11554
392 1674 11732 13014

>ENSMSIT00000007387
0 10 0 10
10 78 1664 1732
78 1320 10016 11258

>ENSMUST00000066207
0 10 66 76
10 78 1736 1804
78 1326 11745 12993

>MGP_SPRETEiJ_T0072091
0 10 66 76
10 78 1735 1803
78 1326 10161 11409

>MGP_CAROLIEiJ_T0069425
0 10 66 76
10 78 1733 1801
78 1329 9516 10767

>MGP_PahariEiJ_T0032582
0 10 66 76
10 78 1709 1777
78 1149 8005 9076
1149 1320 9130 9301

>ENSRNOT00000002927
0 54 1758 1812
54 1308 10004 11258

>ENSRNOT00000091558
0 78 7427 7505
78 1332 10004 11258

