>C06A5.9.1
0 7 116 123
7 81 175 249
81 256 297 472
256 448 518 710
448 591 760 903
591 708 947 1064
708 792 1111 1195
792 879 1243 1330
879 981 1376 1478
981 1146 1547 1712

>C06A5.8a.1
0 49 88 137
49 129 186 266
129 304 316 491
304 502 617 815
502 747 866 1111
747 852 1276 1381

>C06A5.8a.2
0 49 88 137
49 129 186 266
129 304 316 491
304 502 617 815
502 747 866 1111
747 852 1276 1381

>C06A5.8b.1
0 100 391 491
100 298 617 815
298 543 866 1111
543 648 1276 1381

>C06A5.8b.2
0 100 391 491
100 298 617 815
298 543 866 1111
543 648 1276 1381

