>ENSPMAT00000003758
0 108 0 108
108 210 1102 1204
210 266 1596 1652
266 348 1901 1983
348 417 2775 2844
417 497 3069 3149
497 631 3802 3936
631 698 3979 4046
698 716 4288 4306
716 790 4993 5067
790 858 5247 5315
858 942 5766 5850
942 1009 7412 7479
1009 1118 7776 7885
1118 1233 8778 8893
1233 1277 13069 13113
1277 1286 13152 13161
1286 1344 13612 13670
1344 1407 13742 13805
1407 1461 13912 13966
1461 1563 14171 14273
1563 1713 15336 15486
1713 1851 16140 16278

>ENSPMAT00000003761
0 60 1144 1204
60 116 1596 1652
116 198 1901 1983
198 267 2775 2844
267 347 3069 3149
347 511 3802 3966
511 544 4407 4440
544 686 4956 5098
686 765 5771 5850
765 772 7322 7329
772 835 7416 7479
835 944 7776 7885
944 981 8298 8335
981 1065 8809 8893
1065 1109 13069 13113
1109 1118 13152 13161
1118 1176 13612 13670
1176 1239 13742 13805
1239 1293 13912 13966
1293 1395 14171 14273
1395 1545 15336 15486
1545 1683 16140 16278

>ENSPMAT00000003754
0 108 0 108
108 210 1102 1204
210 266 1596 1652
266 348 1901 1983
348 417 2775 2844
417 497 3069 3149
497 666 3802 3971
666 682 4287 4303
682 715 4407 4440
715 826 4956 5067
826 870 5289 5333
870 954 5766 5850
954 1021 7412 7479
1021 1122 7776 7877
1122 1164 8299 8341
1164 1313 8809 8958
1313 1372 10205 10264
1372 1383 11727 11738
1383 1453 13070 13140
1453 1500 13919 13966
1500 1602 14171 14273
1602 1752 15336 15486
1752 1890 16140 16278

>ENSEBUT00000026908
0 60 0 60
60 116 872 928
116 195 11782 11861
195 261 11987 12053
261 341 12210 12290
341 460 12411 12530
460 559 16182 16281
559 648 16908 16997
648 735 17242 17329
735 802 19582 19649
802 901 19798 19897
901 949 29596 29644
949 1020 29741 29812
1020 1165 29947 30092
1165 1389 30369 30593
1389 1587 32295 32493

>ENSPVIT00000028319
0 30 160 190
30 110 1085 1165
110 265 1316 1471
265 361 2449 2545
361 480 2962 3081
480 552 3186 3258
552 619 4552 4619
619 727 5039 5147
727 781 5856 5910
781 855 8023 8097
855 955 9294 9394
955 1012 10792 10849
1012 1068 11744 11800
1068 1170 12968 13070
1170 1320 13171 13321
1320 1461 13455 13596

>ENSPVIT00000028320
0 142 1329 1471
142 238 2449 2545
238 357 2962 3081
357 429 3186 3258
429 496 4552 4619
496 604 5039 5147
604 658 5856 5910
658 732 8023 8097
732 832 9294 9394
832 889 10792 10849
889 1209 11744 12064

>ENSPVIT00000028321
0 80 1085 1165
80 235 1316 1471
235 331 2449 2545
331 450 2962 3081
450 522 3186 3258
522 589 4552 4619
589 697 5039 5147
697 751 5856 5910
751 825 8023 8097
825 925 9294 9394
925 982 10792 10849
982 1038 11744 11800
1038 1179 12968 13109

>ENSACAT00000026455
0 115 0 115
115 223 3549 3657
223 277 3968 4022
277 348 6730 6801
348 436 9395 9483
436 502 9582 9648
502 514 13729 13741
514 570 15047 15103
570 672 15688 15790
672 822 18801 18951
822 963 19061 19202

