>ENSCINT00000034737
0 102 461 563
102 375 756 1029
375 582 1543 1750
582 756 2199 2373
756 861 2939 3044
861 912 3821 3872

>ENSCINT00000031120
0 114 813 927
114 342 1283 1511
342 554 2167 2379
554 639 3677 3762
639 887 4293 4541
887 1050 4942 5105
1050 1184 6068 6202
1184 1353 6623 6792

>ENSCSAVT00000003405
0 90 970 1060
90 302 1615 1827
302 387 2296 2381
387 635 2545 2793
635 798 2965 3128
798 935 3427 3564
935 1101 4250 4416

>ENSCSAVT00000003399
0 33 55 88
33 126 430 523
126 282 916 1072
282 555 1374 1647
555 576 1857 1878

>ENSLACT00000000693
0 100 0 100
100 150 4788 4838
150 261 8405 8516
261 366 10552 10657
366 450 13122 13206
450 507 15658 15715
507 633 16121 16247
633 711 18407 18485
711 800 23286 23375
800 897 25050 25147
897 1036 28095 28234
1036 1115 30267 30346
1115 1350 32230 32465
1350 1681 39176 39507
1681 1779 39622 39720
1779 1974 41197 41392
1974 2166 42306 42498
2166 2332 45683 45849
2332 2589 47452 47709
2589 2790 51713 51914
2790 2942 70818 70970
2942 3142 73171 73371
3142 3360 76482 76700
3360 3558 79149 79347
3558 3819 79621 79882
3819 3981 82434 82596
3981 4078 89564 89661
4078 4200 96477 96599
4200 4371 98032 98203
4371 4440 103673 103742
4440 4448 104935 104943
4448 4493 105459 105504
4493 4500 107121 107128
4500 4620 115609 115729
4620 4740 118444 118564
4740 4905 119347 119512
4905 5087 120505 120687
5087 5286 122225 122424
5286 5415 127614 127743
5415 5682 133285 133552
5682 5889 135070 135277
5889 6045 141390 141546
6045 6195 144213 144363
6195 6306 147175 147286
6306 6453 148655 148802
6453 6667 167886 168100
6667 6793 169907 170033
6793 6940 185548 185695
6940 7143 189647 189850
7143 7265 194135 194257
7265 7479 198665 198879
7479 7659 200757 200937
7659 7806 207340 207487
7806 7926 214543 214663
7926 8214 216464 216752
8214 8352 220133 220271
8352 8465 222592 222705
8465 8634 224591 224760

>ENSVURT00010025960
0 100 1784 1884
100 150 2294 2344
150 261 9127 9238
261 366 12411 12516
366 450 13203 13287
450 507 13685 13742
507 633 14579 14705
633 711 15487 15565
711 800 16789 16878
800 897 17377 17474
897 1036 18973 19112
1036 1115 23271 23350
1115 1350 24368 24603
1350 1675 25033 25358
1675 1773 25457 25555
1773 1968 25999 26194
1968 2160 26635 26827
2160 2326 29436 29602
2326 2583 30713 30970
2583 2784 32060 32261
2784 2936 33924 34076
2936 3136 35918 36118
3136 3354 39180 39398
3354 3552 39524 39722
3552 3813 41578 41839
3813 3975 42374 42536
3975 4072 43336 43433
4072 4194 45764 45886
4194 4365 46360 46531
4365 4434 49951 50020
4434 4554 54648 54768
4554 4674 55085 55205
4674 4839 55857 56022
4839 5021 56130 56312
5021 5220 56589 56788
5220 5349 57146 57275
5349 5616 58874 59141
5616 5823 60006 60213
5823 5982 61113 61272
5982 6117 61374 61509
6117 6228 62175 62286
6228 6375 62746 62893
6375 6589 67039 67253
6589 6715 67959 68085
6715 6862 76198 76345
6862 7065 77439 77642
7065 7187 78741 78863
7187 7401 79114 79328
7401 7581 81949 82129
7581 7728 83769 83916
7728 7848 85860 85980
7848 8136 86258 86546
8136 8274 86705 86843
8274 8387 88763 88876
8387 8523 91893 92029
8523 8715 109607 109799
8715 8944 120613 120842
8944 9210 121384 121650
9210 9311 122203 122304
9311 9513 129627 129829
9513 9678 134508 134673
9678 9769 135932 136023
9769 9969 137587 137787
9969 10231 138894 139156
10231 10457 152365 152591
10457 10675 153641 153859
10675 10860 161664 161849
10860 11064 164602 164806
11064 11259 164899 165094
11259 11544 168543 168828

>ENSVURT00010029065
0 100 1803 1903
100 150 2313 2363
150 261 9146 9257
261 366 12430 12535
366 450 13222 13306
450 507 13704 13761
507 633 14598 14724
633 711 15506 15584
711 800 16808 16897
800 897 17396 17493
897 1036 18992 19131
1036 1115 23290 23369
1115 1350 24387 24622
1350 1675 25052 25377
1675 1773 25476 25574
1773 1968 26018 26213
1968 2160 26654 26846
2160 2326 29455 29621
2326 2583 30732 30989
2583 2784 32079 32280
2784 2936 33943 34095
2936 3136 35937 36137
3136 3354 39199 39417
3354 3552 39543 39741
3552 3813 41597 41858
3813 3975 42393 42555
3975 4072 43355 43452
4072 4194 45783 45905
4194 4365 46379 46550
4365 4434 49970 50039
4434 4554 54667 54787
4554 4674 55104 55224
4674 4839 55876 56041
4839 5021 56149 56331
5021 5220 56608 56807
5220 5349 57165 57294
5349 5616 58893 59160
5616 5823 60025 60232
5823 5982 61132 61291
5982 6117 61393 61528
6117 6228 62194 62305
6228 6375 62765 62912
6375 6589 67058 67272
6589 6715 67978 68104
6715 6862 76217 76364
6862 7065 77458 77661
7065 7187 78760 78882
7187 7401 79133 79347
7401 7581 81968 82148
7581 7728 83788 83935
7728 7848 85879 85999
7848 8136 86277 86565
8136 8274 86724 86862
8274 8387 88782 88895
8387 8523 91912 92048
8523 8715 109626 109818
8715 8911 120632 120828
8911 9177 121403 121669
9177 9278 122222 122323
9278 9480 129646 129848
9480 9645 134527 134692
9645 9736 135951 136042
9736 9936 137606 137806
9936 10198 138913 139175
10198 10424 152384 152610
10424 10642 153660 153878
10642 10827 161683 161868
10827 11031 164621 164825
11031 11226 164918 165113
11226 11511 168562 168847

>ENSPCIT00000022218
0 100 51 151
100 150 565 615
150 261 6844 6955
261 366 10744 10849
366 450 11530 11614
450 507 12010 12067
507 633 12904 13030
633 786 13826 13979

>ENSMEUT00000010673
0 100 0 100
100 150 506 556
150 261 4645 4756
261 366 8636 8741
366 450 9026 9110
450 487 9210 9247
487 507 9352 9372
507 633 10091 10217
633 711 10904 10982
711 800 11082 11171
800 897 11271 11368
897 1036 11468 11607
1036 1068 14661 14693
1068 1112 14695 14739
1112 1347 15462 15697
1347 1672 16186 16511
1672 1770 16610 16708
1770 1965 17119 17314
1965 2157 18681 18873
2157 2323 22183 22349
2323 2540 23702 23919
2540 2580 23921 23961
2580 2781 24764 24965
2781 2933 26787 26939
2933 3129 27653 27849
3129 3133 27951 27955
3133 3351 28055 28273
3351 3504 28373 28526
3504 3549 28628 28673
3549 3810 35167 35428
3810 3831 36058 36079
3831 3966 36082 36217
3966 4063 36968 37065
4063 4185 39806 39928
4185 4356 40399 40570
4356 4425 43644 43713
4425 4479 46155 46209
4479 4599 48313 48433
4599 4672 48533 48606
4672 4719 48708 48755
4719 4884 49398 49563
4884 4968 50548 50632
4968 5066 50634 50732
5066 5265 51033 51232
5265 5394 51563 51692
5394 5661 53505 53772
5661 5868 54650 54857
5868 6027 55704 55863
6027 6162 56042 56177
6162 6273 56829 56940
6273 6420 57350 57497
6420 6634 61577 61791
6634 6760 64474 64600
6760 6907 65795 65942
6907 7107 67069 67269
7107 7229 68135 68257
7229 7443 68589 68803
7443 7623 70806 70986
7623 7770 72418 72565
7770 7890 74329 74449
7890 8178 74709 74997
8178 8316 75395 75533
8316 8429 77296 77409
8429 8565 80872 81008
8565 8757 88720 88912
8757 8986 95728 95957
8986 9252 96452 96718
9252 9353 99287 99388
9353 9555 101731 101933
9555 9720 107525 107690
9720 9811 108904 108995
9811 9957 111175 111321
9957 10219 112446 112708
10219 10445 120977 121203
10445 10663 122139 122357
10663 10848 127777 127962
10848 11052 130134 130338
11052 11187 130428 130563
11187 11247 130564 130624
11247 11532 133966 134251

>ENSOANT00000003066
0 100 70 170
100 150 504 554
150 261 4444 4555
261 366 5640 5745
366 450 8105 8189
450 507 9071 9128
507 633 10352 10478
633 711 13534 13612
711 800 13845 13934
800 897 14508 14605
897 1036 16265 16404
1036 1115 21071 21150
1115 1350 21914 22149
1350 1675 22744 23069
1675 1773 23161 23259
1773 1968 23921 24116
1968 2160 24805 24997
2160 2326 29775 29941
2326 2583 32935 33192
2583 2784 33772 33973
2784 2936 39782 39934
2936 3136 43075 43275
3136 3354 43871 44089
3354 3552 44229 44427
3552 3813 46362 46623
3813 3975 47301 47463
3975 4072 48639 48736
4072 4194 49314 49436
4194 4365 51181 51352
4365 4434 55650 55719
4434 4488 58559 58613
4488 4608 59796 59916
4608 4728 60246 60366
4728 4893 61412 61577
4893 5075 61673 61855
5075 5274 62182 62381
5274 5403 62826 62955
5403 5670 66469 66736
5670 5877 67440 67647
5877 6036 69749 69908
6036 6171 70000 70135
6171 6282 70756 70867
6282 6429 71646 71793
6429 6643 72715 72929
6643 6769 73674 73800
6769 6916 77818 77965
6916 7116 78792 78992
7116 7238 80234 80356
7238 7452 80647 80861
7452 7632 84759 84939
7632 7779 86527 86674
7779 7899 88382 88502
7899 8187 88835 89123
8187 8325 89284 89422
8325 8438 90487 90600
8438 8574 91349 91485
8574 8766 100968 101160
8766 8995 103492 103721
8995 9261 104404 104670
9261 9362 105249 105350
9362 9564 110644 110846
9564 9729 114519 114684
9729 9820 116420 116511
9820 9966 122823 122969
9966 10228 123615 123877
10228 10454 131851 132077
10454 10672 134541 134759
10672 10857 138787 138972
10857 11061 146137 146341
11061 11256 146445 146640
11256 11541 151227 151512

>ENSSDAT00000024493
0 100 0 100
100 150 506 556
150 261 6051 6162
261 366 7419 7524
366 450 9352 9436
450 507 11400 11457
507 633 12013 12139
633 711 13368 13446
711 804 13619 13712

>ENSOPRT00000010973
0 100 0 100
100 150 477 527
150 261 5100 5211
261 366 7135 7240
366 450 9814 9898
450 507 11187 11244
507 633 12917 13043
633 711 14182 14260
711 800 14411 14500
800 897 15297 15394
897 1036 16330 16469
1036 1115 20925 21004
1115 1350 21141 21376
1350 1684 107042 107376
1684 1782 107464 107562
1782 1977 107968 108163
1977 2169 108640 108832
2169 2335 110698 110864
2335 2592 112979 113236
2592 2793 113336 113537
2793 2945 117865 118017
2945 3145 119197 119397
3145 3363 120693 120911
3363 3558 121018 121213
3558 3771 121796 122009
3771 3816 122012 122057
3816 3978 122476 122638
3978 4075 124151 124248
4075 4176 125808 125909
4176 4194 125911 125929
4194 4365 126214 126385
4365 4434 131774 131843
4434 4488 133922 133976
4488 4608 135576 135696
4608 4728 135940 136060
4728 4845 136294 136411
4845 4884 136413 136452
4884 5066 136529 136711
5066 5106 136878 136918
5106 5262 136921 137077
5262 5388 137341 137467
5388 5655 138945 139212
5655 5862 140466 140673
5862 6021 141366 141525
6021 6156 238384 238519
6156 6267 239542 239653
6267 6414 244956 245103
6414 6489 253041 253116
6489 6510 253120 253141
6510 6513 253142 253145
6513 6568 253147 253202
6568 6694 253562 253688
6694 6841 257020 257167
6841 7041 257532 257732
7041 7110 258197 258266
7110 7160 258268 258318
7160 7323 258626 258789
7323 7371 258792 258840
7371 7551 260270 260450
7551 7698 261316 261463
7698 7818 264304 264424
7818 8106 264616 264904
8106 8241 265029 265164
8241 8354 282836 282949
8354 8490 283578 283714
8490 8682 284001 284193
8682 8911 289861 290090
8911 9177 290579 290845
9177 9278 291330 291431
9278 9480 299050 299252
9480 9645 300287 300452
9645 9736 302386 302477
9736 9780 303795 303839
9780 9795 303842 303857
9795 9819 303860 303884
9819 9873 303886 303940
9873 10135 304476 304738
10135 10197 306307 306369
10197 10291 306372 306466
10291 10358 306470 306537
10358 10566 307058 307266
10566 10573 307268 307275
10573 10758 308510 308695
10758 10962 310641 310845
10962 11133 310932 311103
11133 11142 311104 311113
11142 11427 312563 312848

