>ENSCSAVT00000004422
0 144 128 272
144 284 528 668
284 493 1360 1569
493 585 2083 2175
585 765 3179 3359
765 894 4276 4405
894 1023 6575 6704
1023 1111 8528 8616
1111 1245 10077 10211
1245 1338 10741 10834
1338 1500 11444 11606
1500 1649 12087 12236
1649 1743 12803 12897
1743 1865 13834 13956
1865 2009 14341 14485
2009 2154 14952 15097
2154 2285 15758 15889
2285 2395 16403 16513
2395 2526 16957 17088
2526 2645 17969 18088
2645 2763 18580 18698
2763 2919 19166 19322
2919 3021 19767 19869
3021 3177 20476 20632

>ENSCINT00000010684
0 192 84 276
192 324 903 1035
324 445 1478 1599
445 549 1955 2059
549 601 2621 2673
601 622 2708 2729
622 681 3090 3149
681 795 3335 3449
795 933 3640 3778
933 1062 4127 4256
1062 1131 4437 4506
1131 1138 5227 5234
1138 1266 5666 5794
1266 1362 6160 6256
1362 1524 6659 6821
1524 1529 7015 7020
1529 1637 8122 8230
1637 1731 8738 8832
1731 1853 10565 10687
1853 1997 11312 11456
1997 2139 12254 12396
2139 2285 12833 12979
2285 2395 13582 13692
2395 2526 14205 14336
2526 2645 15216 15335
2645 2763 15635 15753
2763 2919 16105 16261
2919 3021 16808 16910
3021 3177 17327 17483

>FBtr0334643
0 1745 1210 2955
1745 1952 3017 3224
1952 2540 3425 4013
2540 2847 4069 4376
2847 3018 4435 4606
3018 3138 4674 4794
3138 3264 4857 4983

>FBtr0083940
0 1745 1210 2955
1745 1952 3017 3224
1952 2540 3425 4013
2540 2847 4069 4376
2847 3018 4435 4606
3018 3138 4674 4794
3138 3264 4857 4983

>FBtr0083941
0 1745 1210 2955
1745 1952 3017 3224
1952 2540 3425 4013
2540 2847 4069 4376
2847 3018 4435 4606
3018 3138 4674 4794
3138 3264 4857 4983

