>ENSXETT00000012349
0 54 5044 5098
54 165 5963 6074
165 263 6300 6398
263 327 6592 6656
327 471 6755 6899
471 581 7914 8024
581 747 8134 8300
747 1196 8438 8887
1196 1351 8994 9149
1351 1464 10074 10187
1464 1584 10451 10571
1584 1674 11701 11791
1674 2377 12151 12854
2377 2550 12939 13112
2550 2706 17914 18070
2706 2764 18154 18212
2764 3465 18304 19005

>ENSXETT00000012357
0 354 1621 1975
354 414 5825 5885
414 525 5963 6074
525 623 6300 6398
623 687 6592 6656
687 831 6755 6899
831 941 7914 8024
941 1107 8134 8300
1107 1556 8438 8887
1556 1711 8994 9149
1711 1824 10074 10187
1824 1932 10451 10559
1932 2022 11701 11791
2022 2169 12151 12298
2169 2692 12331 12854
2692 2865 12939 13112
2865 3021 17914 18070
3021 3079 18154 18212
3079 3780 18304 19005

>ENSXETT00000012370
0 354 1621 1975
354 414 5825 5885
414 525 5963 6074
525 623 6300 6398
623 687 6592 6656
687 831 6755 6899
831 941 7914 8024
941 1107 8134 8300
1107 1556 8438 8887
1556 1711 8994 9149
1711 1824 10074 10187
1824 1944 10451 10571
1944 2034 11701 11791
2034 2737 12151 12854
2737 2910 12939 13112
2910 3066 17914 18070
3066 3124 18154 18212
3124 3825 18304 19005

>ENSXETT00000012408
0 84 0 84
84 128 114 158
128 238 527 637
238 301 1298 1361
301 780 1496 1975
780 840 5825 5885
840 951 5963 6074
951 1049 6300 6398
1049 1113 6592 6656
1113 1257 6755 6899
1257 1367 7914 8024
1367 1518 8134 8285
1518 1988 8417 8887
1988 2143 8994 9149
2143 2214 10074 10145
2214 2343 10451 10580
2343 2433 11701 11791
2433 3124 12151 12842
3124 3306 12930 13112
3306 3462 17914 18070
3462 3520 18154 18212
3520 4221 18304 19005

