>ENSJHYT00000008708
0 214 0 214
214 269 283 338
269 453 2392 2576

>ENSPMJT00000010947
0 256 0 256
256 273 301 318
273 387 2392 2506

>ENSCPGT00000006602
0 284 0 284
284 420 3602 3738

>ENSCPUT00000013234
0 233 0 233
233 369 3621 3757

>ENSNMET00000030500
0 370 0 370
370 564 3402 3596

>ENSABRT00000024614
0 277 0 277
277 411 3439 3573

>ENSAHAT00000005643
0 415 0 415
415 511 3505 3601
511 534 5158 5181

>ENSAOWT00000018423
0 415 0 415
415 511 3496 3592
511 534 5152 5175

>ENSARWT00000005796
0 409 0 409
409 513 3500 3604

>ENSDNVT00000024016
0 288 0 288
288 399 3360 3471

>ENSNPET00000005055
0 387 0 387
387 501 3078 3192

