>FBtr0078962
0 799 761 1560
799 1665 7430 8296
1665 1995 9085 9415

>FBtr0078961
0 799 761 1560
799 1665 7430 8296
1665 1995 9085 9415

>FBtr0335032
0 215 5963 6178
215 603 7303 7691
603 848 7751 7996
848 1661 8116 8929
1661 1917 9075 9331
1917 2222 9390 9695
2222 3195 9807 10780

>FBtr0335030
0 215 5963 6178
215 603 7303 7691
603 848 7751 7996
848 1661 8116 8929
1661 1917 9075 9331
1917 2204 9390 9677
2204 3177 9807 10780

>FBtr0300769
0 215 5963 6178
215 603 7303 7691
603 848 7751 7996
848 1661 8116 8929
1661 1959 9033 9331
1959 2246 9390 9677
2246 3219 9807 10780

>FBtr0335028
0 215 5963 6178
215 603 7303 7691
603 848 7751 7996
848 1661 8116 8929
1661 1917 9075 9331
1917 2204 9390 9677
2204 3177 9807 10780

>FBtr0335033
0 215 5963 6178
215 603 7303 7691
603 848 7751 7996
848 1661 8116 8929
1661 1899 9093 9331
1899 2183 9393 9677
2183 3156 9807 10780

>FBtr0335029
0 215 5963 6178
215 603 7303 7691
603 848 7751 7996
848 1661 8116 8929
1661 1959 9033 9331
1959 2246 9390 9677
2246 3219 9807 10780

>FBtr0335031
0 215 5963 6178
215 603 7303 7691
603 848 7751 7996
848 1661 8116 8929
1661 1917 9075 9331
1917 2204 9390 9677
2204 3177 9807 10780

>FBtr0310613
0 215 5963 6178
215 603 7303 7691
603 848 7751 7996
848 1661 8116 8929
1661 1959 9033 9331
1959 2246 9390 9677
2246 3219 9807 10780

>R148.5a.1
0 149 0 149
149 514 652 1017
514 727 1990 2203
727 1406 3049 3728
1406 1491 4188 4273
1491 1587 4557 4653

>R148.5b.1
0 149 0 149
149 514 652 1017
514 727 1990 2203
727 1406 3049 3728
1406 1518 4188 4300

