>ENSCINT00000019992
0 100 51 151
100 267 207 374
267 497 611 841
497 609 1131 1243
609 712 1352 1455
712 865 1716 1869
865 932 2113 2180
932 1146 2229 2443

>ENSCINT00000033440
0 174 444 618
174 357 875 1058

>ENSCSAVT00000012262
0 112 20 132
112 264 644 796
264 338 1395 1469
338 500 2008 2170
500 618 2447 2565
618 736 3096 3214
736 862 3908 4034
862 990 5558 5686
990 1122 6029 6161

>ENSCINT00000019778
0 115 31 146
115 270 488 643
270 344 918 992
344 506 1309 1471
506 624 1990 2108
624 742 2463 2581
742 868 2971 3097
868 996 4510 4638
996 1137 4862 5003

>ENSCSAVT00000012267
0 88 14 102
88 243 862 1017
243 317 1573 1647
317 476 2057 2216
476 594 2591 2709
594 712 2862 2980
712 783 3177 3248

>ENSCMIT00000024517
0 49 1648 1697
49 204 3280 3435
204 278 4068 4142
278 437 4618 4777
437 549 6155 6267
549 805 6826 7082
805 852 7991 8038
852 936 13876 13960

>ENSCMIT00000024526
0 49 1648 1697
49 204 3280 3435
204 278 4068 4142
278 437 4618 4777
437 549 6155 6267
549 805 6826 7082
805 933 7991 8119

