>ENSLACT00000025228
0 82 110 192
82 103 2648 2669
103 221 3625 3743
221 334 13891 14004
334 417 18546 18629
417 513 22132 22228

>ENSGACT00000011215
0 66 4667 4733
66 183 6817 6934
183 243 8208 8268
243 406 8839 9002
406 538 9079 9211
538 599 10116 10177
599 750 11109 11260
750 825 11449 11524
825 915 11618 11708
915 1029 11893 12007
1029 1108 12203 12282
1108 1242 12356 12490
1242 1320 13218 13296
1320 1374 13697 13751
1374 1473 13864 13963
1473 1560 14033 14120
1560 1680 14533 14653
1680 1707 14696 14723

>ENSGACT00000011223
0 86 419 505
86 168 4651 4733
168 285 6817 6934
285 345 8208 8268
345 508 8839 9002
508 640 9079 9211
640 701 10116 10177
701 852 11109 11260
852 927 11449 11524
927 1017 11618 11708
1017 1131 11893 12007
1131 1210 12203 12282
1210 1344 12356 12490
1344 1389 12677 12722

>ENSLBET00000006724
0 100 0 100
100 134 130 164
134 318 298 482
318 378 847 907
378 541 4003 4166
541 673 4252 4384
673 734 4693 4754
734 885 6608 6759
885 960 7311 7386
960 1050 8508 8598
1050 1164 8854 8968
1164 1243 9232 9311
1243 1377 11412 11546
1377 1455 12766 12844
1455 1599 13704 13848

>ENSLCRT00005054876
0 15 9311 9326
15 75 10206 10266
75 238 11170 11333
238 370 11436 11568
370 431 11918 11979
431 592 13658 13819
592 649 13882 13939
649 684 14020 14055
684 774 14583 14673
774 888 15616 15730
888 967 15861 15940
967 1101 16036 16170
1101 1179 17130 17208
1179 1260 17366 17447
1260 1335 17576 17651
1335 1422 17882 17969
1422 1567 20399 20544
1567 1613 20805 20851
1613 1711 21141 21239
1711 1802 21387 21478
1802 1875 21901 21974
1875 2019 22203 22347
2019 2251 44819 45051
2251 2369 50802 50920
2369 2432 52266 52329
2432 2543 53619 53730
2543 2642 55648 55747
2642 2730 56047 56135
2730 2832 56791 56893

>ENSLCRT00005054879
0 114 44912 45026
114 185 50605 50676
185 261 50800 50876
261 314 51573 51626
314 370 52266 52322
370 391 53433 53454
391 509 53612 53730
509 625 55648 55764
625 708 56052 56135
708 810 56791 56893

>ENSLCRT00005054884
0 15 9311 9326
15 75 10206 10266
75 238 11170 11333
238 370 11436 11568
370 431 11918 11979
431 592 13658 13819
592 649 13882 13939
649 684 14020 14055
684 774 14583 14673
774 870 15634 15730
870 949 15861 15940
949 1083 16036 16170
1083 1161 17130 17208
1161 1242 17366 17447
1242 1317 17576 17651
1317 1404 17882 17969
1404 1480 18868 18944
1480 1612 20412 20544
1612 1658 20805 20851
1658 1756 21141 21239
1756 1847 21387 21478
1847 1902 21901 21956
1902 2059 22203 22360
2059 2294 22400 22635
2294 2417 50800 50923
2417 2528 53619 53730
2528 2627 55648 55747
2627 2763 56047 56183

>ENSMMOT00000025032
0 427 0 427
427 616 1999 2188
616 748 2265 2397
748 809 3640 3701
809 960 5731 5882
960 1035 6972 7047
1035 1125 7583 7673
1125 1239 7853 7967
1239 1318 8657 8736
1318 1452 9024 9158
1452 1530 10534 10612
1530 1611 10896 10977
1611 1686 11066 11141
1686 1791 11764 11869
1791 1847 12694 12750
1847 1884 12780 12817
1884 2011 13879 14006
2011 2102 14446 14537
2102 2169 14715 14782
2169 2392 14909 15132
2392 2866 40445 40919
2866 2984 42995 43113
2984 3059 43544 43619
3059 3165 43783 43889
3165 3267 44394 44496

>ENSMMOT00000025035
0 427 0 427
427 616 1999 2188
616 748 2265 2397
748 809 3640 3701
809 960 5731 5882
960 1035 6972 7047
1035 1125 7583 7673
1125 1239 7853 7967
1239 1318 8657 8736
1318 1452 9024 9158
1452 1530 10534 10612
1530 1611 10896 10977
1611 1716 11764 11869
1716 1772 12694 12750
1772 1809 12780 12817
1809 1936 13879 14006
1936 2027 14446 14537
2027 2094 14715 14782
2094 2317 14909 15132
2317 2791 40445 40919
2791 2909 42995 43113
2909 2984 43544 43619
2984 3090 43783 43889
3090 3192 44394 44496

