>ENSCHAT00000026839
0 94 0 94
94 750 3663 4319
750 927 5527 5704
927 1237 6640 6950
1237 1351 7168 7282
1351 1558 7995 8202
1558 1658 8780 8880
1658 1772 9821 9935
1772 1890 10099 10217
1890 2074 10445 10629
2074 2122 10765 10813
2122 2199 10973 11050
2199 2361 11351 11513
2361 2844 11791 12274
2844 3069 12465 12690
3069 3238 12824 12993
3238 3357 13292 13411
3357 3597 13943 14183
3597 3686 14944 15033
3686 3767 16444 16525
3767 3824 17686 17743
3824 3902 17931 18009
3902 3970 18123 18191
3970 4121 18336 18487
4121 4268 18605 18752
4268 4382 18935 19049
4382 4548 19518 19684
4548 4716 19812 19980
4716 4878 20598 20760
4878 5160 22546 22828
5160 8391 23179 26410

>ENSCHAT00000027211
0 94 0 94
94 211 3663 3780
211 693 3825 4307
693 870 5527 5704
870 1120 6700 6950
1120 1234 7168 7282
1234 1447 7995 8208
1447 1535 8792 8880
1535 1649 9821 9935
1649 1767 10099 10217
1767 1955 10445 10633
1955 2629 11646 12320
2629 2748 13292 13411
2748 2988 13943 14183
2988 3077 14944 15033
3077 3158 16444 16525
3158 3215 17686 17743
3215 3293 17931 18009
3293 3361 18123 18191
3361 3512 18336 18487
3512 3659 18605 18752
3659 3773 18935 19049
3773 3939 19518 19684
3939 4107 19812 19980
4107 4269 20598 20760
4269 4551 22546 22828
4551 7583 23179 26211
7583 7722 26271 26410

>ENSCHAT00000027499
0 94 0 94
94 534 3663 4103
534 705 4148 4319
705 873 5527 5695
873 1123 6700 6950
1123 1237 7168 7282
1237 1444 7995 8202
1444 1544 8780 8880
1544 1658 9821 9935
1658 1776 10099 10217
1776 1989 10445 10658
1989 2154 11348 11513
2154 2634 11794 12274
2634 2859 12465 12690
2859 3028 12824 12993
3028 3147 13292 13411
3147 3387 13943 14183
3387 3476 14944 15033
3476 3557 16444 16525
3557 3614 17686 17743
3614 3692 17931 18009
3692 3760 18123 18191
3760 3911 18336 18487
3911 4058 18605 18752
4058 4172 18935 19049
4172 4338 19518 19684
4338 4506 19812 19980
4506 4668 20598 20760
4668 4950 22546 22828
4950 5643 23179 23872
5643 6477 23992 24826

>ENSCHAT00000027517
0 94 0 94
94 534 3663 4103
534 705 4148 4319
705 873 5527 5695
873 1123 6700 6950
1123 1237 7168 7282
1237 1444 7995 8202
1444 1544 8780 8880
1544 1658 9821 9935
1658 1776 10099 10217
1776 1989 10445 10658
1989 2154 11348 11513
2154 2634 11794 12274
2634 2859 12465 12690
2859 3078 12830 13049
3078 3318 13943 14183
3318 3407 14944 15033
3407 3488 16444 16525
3488 3545 17686 17743
3545 3623 17931 18009
3623 3691 18123 18191
3691 3842 18336 18487
3842 3989 18605 18752
3989 4103 18935 19049
4103 4269 19518 19684
4269 4437 19812 19980
4437 4599 20598 20760
4599 4881 22546 22828
4881 5574 23179 23872
5574 6408 23992 24826

>ENSCHAT00000027607
0 94 0 94
94 750 3663 4319
750 927 5527 5704
927 1237 6640 6950
1237 1351 7168 7282
1351 1558 7995 8202
1558 1711 8780 8933
1711 1796 9850 9935
1796 1914 10099 10217
1914 2102 10445 10633
2102 2247 10905 11050
2247 2409 11351 11513
2409 2510 11797 11898
2510 2856 11928 12274
2856 3081 12465 12690
3081 3250 12824 12993
3250 3369 13292 13411
3369 3609 13943 14183
3609 3698 14944 15033
3698 3779 16444 16525
3779 3836 17686 17743
3836 3914 17931 18009
3914 3982 18123 18191
3982 4133 18336 18487
4133 4280 18605 18752
4280 4394 18935 19049
4394 4560 19518 19684
4560 4728 19812 19980
4728 4890 20598 20760
4890 5172 22546 22828
5172 5957 23179 23964
5957 6600 24135 24778

>ENSDCDT00000055834
0 94 34 128
94 768 4946 5620
768 945 6601 6778
945 1234 6890 7179
1234 1348 7466 7580
1348 1546 7796 7994
1546 1634 8221 8309
1634 1772 8406 8544
1772 1890 8757 8875
1890 2074 9331 9515
2074 2152 10144 10222
2152 2238 10581 10667
2238 2385 10817 10964
2385 2883 11045 11543
2883 3117 11641 11875
3117 3283 12002 12168
3283 3402 12314 12433
3402 3642 12732 12972
3642 3731 14337 14426
3731 3812 15298 15379
3812 3869 15637 15694
3869 3947 15785 15863
3947 4256 15943 16252
4256 4403 16337 16484
4403 4517 16569 16683
4517 4683 16774 16940
4683 4851 19011 19179
4851 5013 19366 19528
5013 5295 19730 20012
5295 7971 20343 23019

>ENSDCDT00000055835
0 94 2919 3013
94 768 4946 5620
768 945 6601 6778
945 1234 6890 7179
1234 1348 7466 7580
1348 1546 7796 7994
1546 1634 8221 8309
1634 1772 8406 8544
1772 1890 8757 8875
1890 2074 9331 9515
2074 2152 10144 10222
2152 2238 10581 10667
2238 2385 10817 10964
2385 2883 11045 11543
2883 3117 11641 11875
3117 3283 12002 12168
3283 3402 12314 12433
3402 3642 12732 12972
3642 3731 14337 14426
3731 3812 15298 15379
3812 3869 15637 15694
3869 3947 15785 15863
3947 4256 15943 16252
4256 4403 16337 16484
4403 4517 16569 16683
4517 4683 16774 16940
4683 4851 19011 19179
4851 5013 19366 19528
5013 5295 19730 20012
5295 7971 20343 23019

>ENSDCDT00000055839
0 94 2919 3013
94 768 4946 5620
768 945 6601 6778
945 1234 6890 7179
1234 1348 7466 7580
1348 1546 7796 7994
1546 1634 8221 8309
1634 1772 8406 8544
1772 1890 8757 8875
1890 2074 9331 9515
2074 2152 10144 10222
2152 2238 10581 10667
2238 2385 10817 10964
2385 2883 11045 11543
2883 3117 11641 11875
3117 3283 12002 12168
3283 3402 12314 12433
3402 3642 12732 12972
3642 3731 14337 14426
3731 3812 15298 15379
3812 3869 15637 15694
3869 3947 15785 15863
3947 4015 15943 16011
4015 4166 16101 16252
4166 4313 16337 16484
4313 4427 16569 16683
4427 4593 16774 16940
4593 4761 19011 19179
4761 4923 19366 19528
4923 5205 19730 20012
5205 7881 20343 23019

>ENSAMXT00000007693
0 94 434 528
94 720 4316 4942
720 900 5037 5217
900 1192 5749 6041
1192 1306 6215 6329
1306 1510 6504 6708
1510 1616 6803 6909
1616 1751 7020 7155
1751 1869 7280 7398
1869 2053 7498 7682
2053 2131 7917 7995
2131 2211 8084 8164
2211 2364 8879 9032
2364 2799 10255 10690
2799 3018 10826 11045
3018 3184 11135 11301
3184 3303 11464 11583
3303 3543 12379 12619
3543 3632 12725 12814
3632 3743 14588 14699
3743 3800 14926 14983
3800 3878 15170 15248
3878 3946 15344 15412
3946 4097 15503 15654
4097 4244 15787 15934
4244 4358 16044 16158
4358 4524 16314 16480
4524 4692 16573 16741
4692 4854 16825 16987
4854 5136 17077 17359
5136 8016 17478 20358

