>ENSPVAT00000010716
0 30 0 30
30 74 31 75
74 128 76 130
128 138 131 141
138 159 143 164
159 174 166 181
174 177 182 185
177 305 187 315
305 315 316 326
315 420 328 433
420 483 441 504
483 507 507 531
507 522 532 547
522 549 549 576
549 558 604 613
558 579 618 639
579 606 641 668

>ENSTTRT00000002138
0 54 0 54
54 84 55 85
84 96 87 99
96 117 100 121
117 138 123 144
138 177 246 285
177 216 287 326
216 231 328 343
231 496 344 609
496 522 648 674
522 562 685 725
562 586 730 754
586 609 755 778

>ENSEEUT00000005705
0 66 0 66
66 162 67 163
162 168 165 171
168 353 173 358
353 423 460 530
423 432 632 641
432 435 643 646
435 474 647 686
474 494 688 708
494 510 712 728
510 516 739 745
516 546 747 777
546 558 779 791
558 585 793 820

>ENSOPRT00000009253
0 70 0 70
70 84 71 85
84 131 87 134
131 174 135 178
174 186 181 193
186 255 195 264
255 270 267 282
270 539 284 553
539 551 624 636
551 573 643 665
573 603 666 696
603 615 699 711
615 618 712 715

>ENSETET00000006397
0 20 0 20
20 37 21 38
37 60 42 65
60 70 72 82
70 80 83 93
80 137 94 151
137 165 152 180
165 297 182 314
297 521 316 540
521 534 670 683
534 540 685 691
540 560 693 713
560 573 718 731
573 576 734 737

