>ENSPCIT00000025237
0 241 325 566
241 565 5087 5411
565 676 5496 5607
676 820 5716 5860
820 1024 7170 7374
1024 1239 8875 9090

>ENSVURT00010008941
0 166 0 166
166 481 428 743
481 610 814 943
610 760 1054 1204
760 934 2572 2746
934 1149 4249 4464

>ENSMODT00000039945
0 122 0 122
122 165 158 201
165 466 3105 3406
466 577 3466 3577
577 766 3662 3851
766 883 5932 6049
883 1098 6596 6811

>ENSMODT00000059486
0 185 0 185
185 484 3128 3427
484 595 3466 3577
595 714 3662 3781
714 1095 6430 6811

>ENSOCUT00000022689
0 298 0 298
298 616 787 1105
616 766 1180 1330
766 889 1434 1557
889 1090 1705 1906
1090 1302 6533 6745

>ENSPCOT00000042382
0 127 305 432
127 457 3746 4076
457 607 4160 4310
607 733 4475 4601
733 934 4755 4956
934 1146 11747 11959

>ENSMICT00000016882
0 127 216 343
127 457 3749 4079
457 607 4161 4311
607 733 4830 4956
733 934 5109 5310
934 1146 11787 11999

>ENSPSMT00000001982
0 127 0 127
127 457 3570 3900
457 607 3984 4134
607 733 4293 4419
733 934 4575 4776
934 1146 10696 10908

>ENSOGAT00000005023
0 127 0 127
127 457 7304 7634
457 610 7718 7871
610 736 8033 8159
736 937 8324 8525
937 1149 27419 27631

>ENSPTRT00000007103
0 127 319 446
127 457 4468 4798
457 607 4879 5029
607 733 5190 5316
733 934 5465 5666
934 1146 13275 13487

>ENSPPAT00000038599
0 127 98 225
127 457 4237 4567
457 607 4648 4798
607 733 4959 5085
733 934 5234 5435
934 1146 12913 13125

>ENST00000294244
0 127 231 358
127 457 4349 4679
457 607 4760 4910
607 733 5071 5197
733 934 5346 5547
934 1146 13472 13684

>ENSGGOT00000010171
0 127 292 419
127 457 4415 4745
457 607 4826 4976
607 733 5137 5263
733 934 5412 5613
934 1146 13291 13503

>ENSPPYT00000003740
0 127 0 127
127 457 4119 4449
457 607 4530 4680
607 733 4841 4967
733 934 5114 5315
934 1146 15984 16196

>ENSNLET00000005926
0 127 0 127
127 440 4069 4382
440 620 4456 4636
620 713 15446 15539
713 1005 18898 19190

