>ENSVURT00010012636
0 234 129 363
234 321 9237 9324
321 373 16757 16809
373 519 18917 19063
519 642 23142 23265
642 687 24840 24885
687 756 35106 35175
756 836 42219 42299
836 977 43487 43628
977 1092 70281 70396
1092 1165 71037 71110
1165 1209 78305 78349
1209 1698 81493 81982
1698 1765 85168 85235
1765 1908 89352 89495

>ENSVURT00010028873
0 1695 0 1695

>ENSVURT00010025762
0 1695 0 1695

>ENSPCIT00000000962
0 1869 0 1869

>ENSSHAT00000017188
0 741 3 744

>ENSMODT00000070748
0 1935 0 1935

>ENSPCIT00000058618
0 117 0 117
117 204 12097 12184
204 256 19322 19374
256 402 21501 21647
402 525 25164 25287
525 570 26856 26901
570 639 37037 37106
639 719 46675 46755
719 860 47952 48093
860 975 69599 69714
975 1048 70348 70421
1048 1092 77684 77728
1092 1569 80843 81320
1569 1636 84486 84553
1636 1758 88880 89002
1758 1836 92547 92625
1836 6162 93631 97957
6162 6528 104944 105310

>ENSPCIT00000067315
0 117 0 117
117 204 12097 12184
204 256 19322 19374
256 402 21501 21647
402 525 25164 25287
525 594 37037 37106
594 674 46675 46755
674 815 47952 48093
815 930 69599 69714
930 1003 70348 70421
1003 1047 77684 77728
1047 1524 80843 81320
1524 1591 84486 84553
1591 1713 88880 89002
1713 1791 92547 92625
1791 6117 93631 97957
6117 6483 104944 105310

>ENSPCIT00000057507
0 97 70324 70421
97 141 77684 77728
141 618 80843 81320
618 4983 93631 97996

>ENSPCIT00000062303
0 429 80891 81320
429 507 92547 92625
507 4833 93631 97957
4833 5199 104944 105310

>ENSPCIT00000062378
0 18 92607 92625
18 4383 93631 97996

>ENSMODT00000070865
0 384 0 384
384 465 6244 6325
465 517 11353 11405
517 663 13099 13245
663 786 16432 16555
786 831 17974 18019
831 900 24884 24953
900 1017 42634 42751
1017 1097 61142 61222
1097 1238 62812 62953
1238 1353 69681 69796
1353 1426 71419 71492
1426 1470 88160 88204
1470 1959 91603 92092
1959 2026 95607 95674
2026 2133 99876 99983
2133 2211 103011 103089
2211 8022 104116 109927
8022 8376 113468 113822

>ENSMODT00000081437
0 384 0 384
384 436 11353 11405
436 582 13099 13245
582 705 16432 16555
705 750 17974 18019
750 819 24884 24953
819 936 42634 42751
936 1016 61142 61222
1016 1157 62812 62953
1157 1272 69681 69796
1272 1345 71419 71492
1345 1389 88160 88204
1389 1878 91603 92092
1878 1945 95607 95674
1945 2052 99876 99983
2052 2130 103011 103089
2130 7941 104116 109927
7941 8295 113468 113822

>ENSMODT00000084892
0 384 0 384
384 465 6244 6325
465 517 11353 11405
517 663 13099 13245
663 786 16432 16555
786 831 17974 18019
831 900 24884 24953
900 980 61142 61222
980 1121 62812 62953
1121 1236 69681 69796
1236 1309 71419 71492
1309 1353 88160 88204
1353 1842 91603 92092
1842 1909 95607 95674
1909 2016 99876 99983
2016 2094 103011 103089
2094 7905 104116 109927
7905 8259 113468 113822

>ENSMODT00000060118
0 384 0 384
384 465 6244 6325
465 517 11353 11405
517 663 13099 13245
663 786 16432 16555
786 831 17974 18019
831 911 61142 61222
911 1052 62812 62953
1052 1167 69681 69796
1167 1240 71419 71492
1240 1284 88160 88204
1284 1773 91603 92092
1773 1840 95607 95674
1840 1947 99876 99983
1947 2025 103011 103089
2025 7836 104116 109927
7836 8190 113468 113822

>ENSMODT00000072893
0 384 0 384
384 465 6244 6325
465 517 11353 11405
517 663 13099 13245
663 786 16432 16555
786 866 61142 61222
866 1007 62812 62953
1007 1122 69681 69796
1122 1195 71419 71492
1195 1239 88160 88204
1239 1728 91603 92092
1728 1795 95607 95674
1795 1902 99876 99983
1902 1980 103011 103089
1980 7791 104116 109927
7791 8145 113468 113822

>ENSMODT00000080561
0 384 0 384
384 465 6244 6325
465 517 11353 11405
517 663 13099 13245
663 786 16432 16555
786 831 17974 18019
831 900 24884 24953
900 980 61142 61222
980 1121 62812 62953
1121 1236 69681 69796
1236 1725 91603 92092
1725 1792 95607 95674
1792 1899 99876 99983
1899 1977 103011 103089
1977 7788 104116 109927
7788 8142 113468 113822

>ENSMODT00000087403
0 384 0 384
384 507 16432 16555
507 552 17974 18019
552 621 24884 24953
621 701 61142 61222
701 842 62812 62953
842 957 69681 69796
957 1030 71419 71492
1030 1074 88160 88204
1074 1563 91603 92092
1563 1630 95607 95674
1630 1737 99876 99983
1737 1815 103011 103089
1815 7626 104116 109927
7626 7980 113468 113822

>ENSMODT00000019353
0 384 0 384
384 465 6244 6325
465 517 11353 11405
517 663 13099 13245
663 786 16432 16555
786 831 17974 18019
831 900 24884 24953
900 980 61142 61222
980 1121 62812 62953
1121 1236 69681 69796
1236 1303 95607 95674
1303 1410 99876 99983
1410 1488 103011 103089
1488 7299 104116 109927
7299 7653 113468 113822

>ENSMODT00000019382
0 2046 0 2046
2046 2607 2217 2778

