>ENSPPYT00000000871
0 161 0 161
161 267 17088 17194
267 368 18394 18495
368 503 21115 21250
503 542 27446 27485
542 612 27655 27725
612 663 27926 27977

>ENSTBET00000002588
0 155 0 155
155 261 24136 24242
261 362 25213 25314
362 497 31318 31453
497 533 34469 34505
533 603 34658 34728
603 660 34878 34935

>ENSTTRT00000001399
0 161 0 161
161 267 8490 8596
267 368 9348 9449
368 503 10727 10862
503 519 14888 14904
519 539 14907 14927
539 609 15131 15201
609 660 15354 15405

>ENSSART00000011287
0 161 0 161
161 267 3852 3958
267 368 4631 4732
368 438 14770 14840
438 500 14843 14905
500 539 45969 46008
539 564 46126 46151
564 606 46154 46196
606 657 46293 46344

>ENSPCAT00000008294
0 161 0 161
161 267 21007 21113
267 368 22604 22705
368 450 24476 24558
450 489 24559 24598
489 495 24600 24606
495 533 28289 28327
533 603 28514 28584
603 654 28779 28830

>ENSCHOT00000004229
0 158 0 158
158 264 11287 11393
264 365 12096 12197
365 495 13537 13667

>ENSPCOT00000031736
0 161 37 198
161 267 10505 10611
267 368 11717 11818
368 564 13131 13327
564 618 15044 15098

>ENSMICT00000002247
0 161 376 537
161 267 16359 16465
267 368 17225 17326
368 564 19006 19202
564 618 21221 21275

>ENSMICT00000051957
0 161 376 537
161 261 11619 11719
261 362 17225 17326
362 558 19006 19202
558 612 21221 21275

>ENSRROT00000052992
0 161 28 189
161 267 19650 19756
267 368 20934 21035
368 564 23578 23774
564 618 29008 29062

>ENSRROT00000052993
0 161 28 189
161 267 19650 19756
267 368 20934 21035
368 564 23578 23774
564 603 34577 34616
603 639 34786 34822

>ENSRROT00000052995
0 161 28 189
161 267 19650 19756
267 368 20934 21035
368 564 23578 23774
564 603 32094 32133
603 639 32303 32339

>ENSRROT00000052996
0 161 28 189
161 267 19650 19756
267 368 20934 21035
368 564 23578 23774
564 603 32094 32133
603 639 32303 32339

>ENSRROT00000052998
0 161 28 189
161 255 13216 13310
255 356 20934 21035
356 552 23578 23774
552 606 29008 29062

>ENSRROT00000052999
0 64 34256 34320
64 103 34577 34616
103 173 34786 34856
173 303 35057 35187

>ENSPTET00000015455
0 161 0 161
161 267 18704 18810
267 368 20311 20412
368 564 22952 23148
564 603 29712 29751
603 639 29921 29957

>ENSPTET00000015463
0 161 0 161
161 267 18704 18810
267 368 20311 20412
368 564 22952 23148
564 618 26628 26682

>ENSPTET00000015472
0 161 0 161
161 267 18704 18810
267 368 20311 20412
368 564 22952 23148
564 618 26628 26682

>ENSPTET00000015479
0 64 29391 29455
64 103 29712 29751
103 173 29921 29991
173 303 30192 30322

>ENSTGET00000001488
0 161 74 235
161 267 19651 19757
267 368 20934 21035
368 564 23585 23781
564 603 31843 31882
603 639 32052 32088

>ENSTGET00000001491
0 161 74 235
161 267 19651 19757
267 368 20934 21035
368 564 23585 23781
564 618 28768 28822

>ENSTGET00000001493
0 64 31522 31586
64 103 31843 31882
103 173 32052 32122
173 303 32323 32453

>ENSRBIT00000048115
0 161 124 285
161 267 20434 20540
267 368 21720 21821
368 564 24366 24562
564 618 30146 30200

>ENSRBIT00000048118
0 161 124 285
161 255 14007 14101
255 356 21720 21821
356 552 24366 24562
552 606 30146 30200

