>Y48G1BM.1.1
0 65 1 66
65 200 118 253
200 830 306 936
830 998 1184 1352
998 1094 1590 1686
1094 1278 1828 2012

>B0273.3.1
0 65 48 113
65 200 166 301
200 830 354 984
830 998 1231 1399
998 1094 1647 1743
1094 1278 1885 2069

>Y48G1BL.1.1
0 54 0 54
54 187 117 250
187 780 303 896

>Y48G1BL.8.1
0 146 0 146
146 330 712 896

>T02C12.2.1
0 103 123 226
103 242 271 410
242 347 461 566
347 459 611 723
459 645 771 957
645 803 1015 1173
803 1070 1219 1486
1070 1257 1554 1741

>FBtr0300659
0 1131 695 1826

>FBtr0339298
0 298 695 993
298 1074 1050 1826

>FBtr0300658
0 1131 695 1826

