>ENSCINT00000011274
0 10 1194 1204
10 87 5406 5483
87 231 5995 6139
231 322 6332 6423
322 408 6929 7015
408 545 7514 7651
545 607 8013 8075
607 688 8334 8415
688 832 8726 8870
832 960 9360 9488
960 1147 9996 10183
1147 1260 10697 10810
1260 1395 11301 11436
1395 1494 11806 11905
1494 1590 12186 12282
1590 1741 12496 12647
1741 1794 13188 13241
1794 1877 13370 13453
1877 2064 13802 13989

>ENSEBUT00000025439
0 112 222 334
112 213 5720 5821
213 360 19297 19444
360 537 25598 25775
537 665 25945 26073
665 743 26252 26330
743 864 26669 26790
864 990 26923 27049
990 1071 27875 27956
1071 1176 28075 28180
1176 1258 28348 28430
1258 1374 28532 28648
1374 1466 29652 29744
1466 1509 30846 30889
1509 1590 34390 34471
1590 1686 36671 36767
1686 1926 38127 38367

>ENSPMAT00000000435
0 54 0 54
54 201 4158 4305
201 378 5428 5605
378 506 5895 6023
506 584 7278 7356
584 790 9698 9904
790 856 9924 9990
856 909 11881 11934
909 1011 13055 13157
1011 1093 13663 13745
1093 1209 16484 16600
1209 1304 16942 17037
1304 1344 17245 17285
1344 1443 17966 18065
1443 1539 21203 21299
1539 1555 21544 21560
1555 1580 21782 21807
1580 1752 23855 24027
1752 1841 25727 25816
1841 2022 30504 30685

>ENSGAGT00000016466
0 123 0 123
123 273 1042 1192
273 450 2220 2397
450 578 4392 4520
578 656 5752 5830
656 777 8355 8476
777 903 10777 10903
903 990 11567 11654
990 1095 15954 16059
1095 1177 16188 16270
1177 1293 17008 17124
1293 1388 18782 18877
1388 1428 19586 19626
1428 1524 20422 20518
1524 1620 20710 20806
1620 1770 21527 21677
1770 1830 22898 22958
1830 1919 25737 25826
1919 2109 31081 31271

>ENSCABT00000016266
0 21 0 21
21 198 3685 3862
198 326 4926 5054
326 404 6231 6309
404 525 8837 8958
525 651 11241 11367
651 738 12028 12115
738 843 16457 16562
843 925 16691 16773
925 1041 17418 17534
1041 1136 19208 19303
1136 1176 20011 20051
1176 1272 20847 20943
1272 1368 21135 21231
1368 1518 21953 22103
1518 1578 23333 23393
1578 1667 26112 26201
1667 1857 30791 30981

>ENSCABT00000016267
0 123 1562 1685
123 273 2510 2660
273 450 3685 3862
450 578 4926 5054
578 656 6231 6309
656 777 8837 8958
777 903 11241 11367
903 990 12028 12115
990 1072 16691 16773
1072 1188 17418 17534
1188 1283 19208 19303
1283 1323 20011 20051
1323 1419 20847 20943
1419 1515 21135 21231
1515 1665 21953 22103
1665 1725 23333 23393
1725 1814 26112 26201
1814 2004 30791 30981

