>ENSPNAT00000030973
0 402 0 402
402 567 2502 2667
567 660 2769 2862
660 774 3028 3142
774 822 3295 3343
822 936 3555 3669
936 1101 5588 5753
1101 1227 6017 6143
1227 1236 6426 6435
1236 1533 6458 6755
1533 1689 7316 7472
1689 1902 7647 7860
1902 2067 7997 8162
2067 2142 8272 8347
2142 2757 8923 9538
2757 3162 10952 11357

>ENSDART00000160154
0 408 171 579
408 576 8542 8710
576 677 8804 8905
677 792 8986 9101
792 864 9572 9644
864 980 9883 9999
980 1137 15129 15286
1137 1268 18251 18382
1268 1347 18526 18605
1347 1626 18699 18978
1626 1758 19121 19253
1758 1911 20598 20751
1911 2129 21280 21498
2129 2298 23660 23829
2298 2424 23962 24088
2424 3144 25682 26402
3144 4342 29515 30713
4342 4398 34851 34907

