>ENSPKIT00000016052
0 86 447 533
86 249 2141 2304
249 437 3635 3823
437 588 4290 4441
588 771 4883 5066
771 909 5672 5810
909 1101 5920 6112
1101 1381 6279 6559
1381 1450 6924 6993
1450 1563 7626 7739
1563 1690 7964 8091
1690 1896 8273 8479
1896 2106 10356 10566
2106 2235 10946 11075
2235 2436 12288 12489
2436 2529 12766 12859
2529 2588 13760 13819
2588 2820 15381 15613

>ENSPSIT00000004893
0 48 318 366
48 231 1952 2135
231 333 4516 4618
333 537 5375 5579
537 745 6955 7163
745 858 10355 10468
858 1064 11566 11772
1064 1220 12702 12858
1220 1512 14200 14492
1512 1685 14911 15084
1685 1995 18517 18827
1995 2160 20489 20654
2160 2517 23494 23851
2517 2654 28648 28785
2654 2832 30990 31168
2832 3015 35062 35245
3015 3159 37606 37750
3159 3315 38087 38243
3315 3480 41309 41474
3480 3653 42224 42397
3653 3807 44835 44989
3807 3951 48520 48664
3951 4116 50464 50629
4116 4434 54065 54383
4434 4590 54783 54939
4590 4761 59653 59824
4761 5088 61293 61620
5088 5241 63985 64138
5241 5409 65321 65489
5409 5586 67259 67436
5586 5733 68146 68293
5733 5859 70572 70698
5859 6036 72166 72343
6036 6302 76054 76320
6302 8463 77274 79435
8463 8801 79858 80196
8801 8946 81715 81860
8946 9165 82962 83181
9165 9428 85442 85705
9428 9594 87456 87622
9594 9750 94313 94469
9750 9903 94668 94821
9903 10086 100719 100902
10086 10224 102553 102691
10224 10410 104430 104616
10410 10533 106119 106242
10533 10716 111907 112090
10716 10860 115232 115376
10860 11055 120263 120458
11055 11196 121910 122051
11196 11364 138780 138948
11364 11526 140815 140977
11526 11721 144590 144785
11721 11895 149099 149273
11895 12087 153481 153673
12087 12222 164554 164689
12222 12329 166210 166317
12329 12486 170568 170725
12486 12618 172250 172382
12618 12774 172594 172750
12774 12984 174803 175013
12984 13086 177486 177588
13086 13206 179135 179255
13206 13407 182151 182352
13407 13581 183365 183539
13581 13713 184222 184354
13713 13910 186288 186485
13910 14043 187367 187500
14043 14226 187951 188134
14226 14376 189837 189987
14376 14553 193755 193932
14553 14769 194959 195175

