>FBtr0346912
0 271 118 389
271 443 450 622
443 2957 676 3190
2957 3133 3248 3424
3133 4215 3491 4573

>FBtr0076814
0 271 118 389
271 443 450 622
443 2957 676 3190
2957 3133 3248 3424
3133 4215 3491 4573

>T16G1.9.1
0 91 2 93
91 172 138 219
172 323 263 414
323 1003 751 1431
1003 1434 1482 1913
1434 1584 1961 2111
1584 1732 2162 2310
1732 2171 2355 2794
2171 2690 2841 3360
2690 2838 3416 3564

>ENSSPAT00000007082
0 84 64 148
84 194 697 807
194 274 4362 4442
274 367 11328 11421
367 550 12753 12936
550 1059 24965 25474

>ENSLBET00000025535
0 81 1393 1474
81 188 2013 2120
188 268 6316 6396
268 361 11386 11479
361 544 12636 12819
544 1041 25641 26138

