>ENSECRT00000022114
0 556 0 556
556 933 27280 27657

>ENSECRT00000022057
0 45 0 45
45 930 12193 13078

>ENSBSLT00000029116
0 126 0 126
126 888 300 1062
888 941 1128 1181
941 1023 1846 1928

>ENSACLT00000001380
0 49 0 49
49 592 3553 4096
592 921 38751 39080
921 960 39218 39257

>ENSLOCT00000013404
0 44 0 44
44 960 539 1455
960 981 1969 1990

>ENSLOCT00000013360
0 27 0 27
27 984 245 1202

>ENSLOCT00000013372
0 41 0 41
41 78 168 205
78 103 546 571
103 131 824 852
131 147 2174 2190
147 1101 3793 4747
1101 1140 5544 5583

