>ENSOCUT00000010766
0 2022 0 2022
2022 2214 157548 157740
2214 2446 185154 185386
2446 2683 219097 219334
2683 3700 221070 222087
3700 3888 227036 227224
3888 3988 227943 228043
3988 4143 231339 231494
4143 4984 232840 233681
4984 5224 241883 242123
5224 5359 251065 251200
5359 5569 251395 251605
5569 6427 256585 257443
6427 6541 281391 281505
6541 6753 287525 287737
6753 6905 290969 291121
6905 7036 304665 304796
7036 7323 306906 307193
7323 7456 308070 308203
7456 10080 310522 313146

>ENSOCUT00000010770
0 2022 0 2022
2022 2254 185154 185386
2254 2491 219097 219334
2491 3508 221070 222087
3508 3696 227036 227224
3696 3796 227943 228043
3796 3951 231339 231494
3951 4792 232840 233681
4792 5032 241883 242123
5032 5167 251065 251200
5167 5377 251395 251605
5377 6235 256585 257443
6235 6349 281391 281505
6349 6561 287525 287737
6561 6713 290969 291121
6713 6844 304665 304796
6844 7131 306906 307193
7131 7264 308070 308203
7264 9888 310522 313146

