>K09E10.2a.1
0 125 0 125
125 529 166 570
529 875 654 1000
875 1042 1301 1468
1042 1106 1515 1579
1106 1285 1620 1799
1285 1395 1842 1952
1395 1516 2225 2346
1516 1628 2609 2721
1628 1842 2764 2978
1842 2088 3068 3314

>K09E10.2b.1
0 125 0 125
125 529 166 570
529 897 654 1022

>K09E10.2b.2
0 125 0 125
125 529 166 570
529 897 654 1022

>K09E10.1a.1
0 119 0 119
119 523 160 564
523 875 612 964
875 1042 1178 1345
1042 1106 1392 1456
1106 1291 1499 1684
1291 1401 1727 1837
1401 1522 1881 2002
1522 1628 2353 2459
1628 1833 2504 2709
1833 2079 3111 3357

>K09E10.1b.1
0 119 0 119
119 523 160 564
523 875 612 964
875 1042 1178 1345
1042 1148 2353 2459
1148 1353 2504 2709
1353 1599 3111 3357

