>ENSVURT00010004288
0 123 67 190
123 196 7560 7633
196 288 10999 11091
288 396 20212 20320
396 444 23943 23991
444 559 25908 26023
559 690 55808 55939
690 981 64673 64964
981 1137 68279 68435
1137 1307 78529 78699
1307 1393 79742 79828
1393 1450 82594 82651
1450 1607 84297 84454
1607 1813 84873 85079
1813 1949 88509 88645
1949 2038 92142 92231
2038 2130 93819 93911
2130 2236 95578 95684
2236 2349 99556 99669

>ENSVURT00010004315
0 27 20293 20320
27 75 23943 23991
75 190 25908 26023
190 321 55808 55939
321 612 64673 64964
612 768 68279 68435
768 938 78529 78699
938 1031 79742 79835
1031 1232 84253 84454
1232 1438 84873 85079
1438 1574 88509 88645
1574 1663 92142 92231
1663 1755 93819 93911
1755 1861 95578 95684
1861 1974 99556 99669

>ENSVURT00010004328
0 42 25008 25050
42 142 25923 26023
142 273 55808 55939
273 564 64673 64964
564 720 68279 68435
720 868 78529 78677
868 1000 82519 82651
1000 1157 84297 84454
1157 1363 84873 85079
1363 1499 88509 88645
1499 1588 92142 92231
1588 1680 93819 93911
1680 1786 95578 95684
1786 1899 99556 99669

>ENSPCIT00000046895
0 123 0 123
123 198 7455 7530
198 313 25671 25786
313 444 54813 54944
444 735 64508 64799
735 891 67637 67793
891 916 77549 77574
916 1001 77632 77717
1001 1094 79051 79144
1094 1295 83500 83701
1295 1501 84114 84320
1501 1637 87724 87860
1637 1726 91373 91462
1726 1818 93070 93162
1818 1924 94812 94918
1924 2037 98450 98563

>ENSSHAT00000018846
0 123 54 177
123 196 5985 6058
196 288 8060 8152
288 396 13330 13438
396 444 17173 17221
444 559 18951 19066
559 690 41412 41543
690 981 49564 49855
981 1137 52937 53093
1137 1307 55877 56047
1307 1393 56929 57015
1393 1450 59773 59830
1450 1607 60684 60841
1607 1813 64045 64251
1813 1949 67423 67559
1949 2038 70042 70131
2038 2130 71738 71830
2130 2236 73288 73394
2236 2349 75562 75675

>ENSMODT00000019466
0 27 31207 31234
27 75 39004 39052
75 190 41234 41349
190 321 64588 64719
321 612 76827 77118
612 768 80947 81103
768 938 94386 94556
938 1024 95620 95706
1024 1081 98061 98118
1081 1238 100430 100587
1238 1444 106874 107080
1444 1580 111710 111846
1580 1669 114333 114422
1669 1761 116242 116334
1761 1867 118080 118186
1867 1980 122705 122818

>ENSMODT00000083642
0 123 597 720
123 196 13166 13239
196 288 19894 19986
288 336 39004 39052
336 451 41234 41349
451 582 64588 64719
582 873 76827 77118
873 1029 80947 81103
1029 1199 94386 94556
1199 1285 95620 95706
1285 1342 98061 98118
1342 1499 100430 100587
1499 1705 106874 107080
1705 1841 111710 111846
1841 1930 114333 114422
1930 2022 116242 116334
2022 2128 118080 118186
2128 2241 122705 122818

