>FBtr0079066
0 202 33 235
202 406 295 499
406 488 557 639
488 589 695 796
589 1527 855 1793

>FBtr0079068
0 202 48 250
202 406 302 506
406 488 556 638
488 589 702 803
589 1527 863 1801

>FBtr0300456
0 205 40 245
205 409 303 507
409 491 566 648
491 592 703 804
592 1533 987 1928

>FBtr0088593
0 199 40 239
199 400 321 522
400 482 578 660
482 583 719 820
583 854 879 1150
854 1072 1202 1420
1072 1387 1477 1792
1387 1545 1851 2009

>FBtr0088592
0 199 41 240
199 400 299 500
400 482 563 645
482 583 701 802
583 848 868 1133
848 1066 1192 1410
1066 1381 1464 1779
1381 1539 1841 1999

>FBtr0088591
0 205 40 245
205 406 325 526
406 488 580 662
488 589 819 920
589 860 978 1249
860 1081 1307 1528
1081 1396 1592 1907
1396 1560 1979 2143

