>ENSFDAT00000015196
0 272 28 300
272 321 409 458
321 531 748 958

>ENSSDAT00000027319
0 248 0 248
248 297 378 427
297 507 735 945

>ENSNGAT00000012439
0 245 0 245
245 294 337 386
294 504 704 914

>ENSTSYT00000039482
0 248 5358 5606
248 297 5728 5777
297 504 6142 6349

>ENSBMUT00000000261
0 248 7252 7500
248 297 7661 7710
297 507 8150 8360

>ENSRBIT00000046359
0 95 0 95
95 222 7467 7594
222 413 8724 8915
413 462 15848 15897
462 672 16278 16488

>ENSRBIT00000046360
0 248 15505 15753
248 297 15848 15897
297 507 16278 16488

>ENSDNOT00000010934
0 765 244 1009
765 932 3167 3334
932 981 7999 8048
981 1191 8463 8673

>ENSPVAT00000011999
0 762 0 762
762 927 3225 3390

>ENSMLUT00000022444
0 708 0 708
708 767 710 769
767 768 988 989
768 935 3511 3678
935 953 5552 5570
953 987 9194 9228
987 1197 9289 9499

>ENSMLUT00000009714
0 762 0 762
762 929 3511 3678
929 947 5552 5570
947 981 9194 9228
981 1191 9289 9499

