>FBtr0080018
0 56 585 641
56 195 764 903
195 620 967 1392
620 1191 1453 2024
1191 1534 2087 2430
1534 1666 2488 2620
1666 1858 2674 2866
1858 2061 2929 3132
2061 3044 3194 4177
3044 3126 4240 4322
3126 3144 4388 4406

>FBtr0302038
0 56 585 641
56 195 764 903
195 620 967 1392
620 1191 1453 2024
1191 1534 2087 2430
1534 1666 2488 2620
1666 1858 2674 2866
1858 2061 2929 3132
2061 3044 3194 4177
3044 3126 4240 4322
3126 3144 4388 4406

>FBtr0302039
0 56 585 641
56 195 764 903
195 620 967 1392
620 1191 1453 2024
1191 1534 2087 2430
1534 1666 2488 2620
1666 1858 2674 2866
1858 2061 2929 3132
2061 3044 3194 4177
3044 3126 4240 4322
3126 3144 4388 4406

>FBtr0331642
0 56 585 641
56 195 764 903
195 620 967 1392
620 1191 1453 2024
1191 1534 2087 2430
1534 1666 2488 2620
1666 1855 2677 2866
1855 2058 2929 3132
2058 3041 3194 4177
3041 3123 4240 4322
3123 3141 4388 4406

>T01G1.1a.1
0 32 67 99
32 255 146 369
255 579 979 1303
579 864 1349 1634
864 980 1681 1797
980 1248 1847 2115
1248 1651 2185 2588
1651 1936 2814 3099
1936 2655 3148 3867
2655 2793 4311 4449
2793 2900 8675 8782
2900 2976 8932 9008
2976 3064 13247 13335
3064 3160 13657 13753
3160 3338 13802 13980
3338 3521 15316 15499
3521 3770 16298 16547
3770 3907 16827 16964
3907 4114 17366 17573
4114 4707 17662 18255
4707 4818 18310 18421

>T01G1.1c.1
0 32 67 99
32 255 146 369
255 579 979 1303
579 864 1349 1634
864 980 1681 1797
980 1248 1847 2115
1248 1651 2185 2588
1651 1936 2814 3099
1936 2655 3148 3867
2655 2793 4311 4449
2793 2900 8675 8782
2900 2976 8932 9008
2976 3064 13247 13335
3064 3160 13657 13753
3160 3338 13802 13980
3338 3521 15316 15499
3521 3695 16298 16472
3695 3832 16827 16964
3832 4039 17366 17573
4039 4632 17662 18255
4632 4743 18310 18421

>T01G1.1d.1
0 103 16861 16964
103 310 17366 17573
310 903 17662 18255
903 1014 18310 18421

>T01G1.1d.2
0 103 16861 16964
103 310 17366 17573
310 903 17662 18255
903 1014 18310 18421

>T01G1.1d.3
0 103 16861 16964
103 310 17366 17573
310 903 17662 18255
903 1014 18310 18421

>T01G1.1d.4
0 103 16861 16964
103 310 17366 17573
310 903 17662 18255
903 1014 18310 18421

