>ENSCMIT00000022759
0 6 395 401
6 91 1140 1225
91 263 1935 2107
263 443 3170 3350
443 551 4350 4458
551 667 4762 4878
667 801 6065 6199
801 870 6673 6742
870 1023 7308 7461
1023 1110 8329 8416
1110 1290 19340 19520
1290 1395 22594 22699

>ENSCMIT00000022763
0 6 395 401
6 91 1140 1225
91 263 1935 2107
263 443 3170 3350
443 551 4350 4458
551 667 4762 4878
667 801 6065 6199
801 870 6673 6742
870 1023 7308 7461
1023 1203 19340 19520
1203 1308 22594 22699

>ENSCMIT00000022768
0 17 599 616
17 49 1193 1225
49 221 1935 2107
221 401 3170 3350
401 509 4350 4458
509 625 4762 4878
625 759 6065 6199
759 828 6673 6742
828 981 7308 7461
981 1068 8329 8416
1068 1248 19340 19520
1248 1353 22594 22699

>ENSDCDT00000071345
0 15 416 431
15 100 568 653
100 272 734 906
272 452 1005 1185
452 560 1564 1672
560 676 2436 2552
676 816 2639 2779
816 833 2905 2922
833 945 3054 3166
945 1020 3278 3353
1020 1218 21726 21924
1218 1351 23026 23159
1351 1416 23944 24009

>ENSDCDT00000071348
0 15 416 431
15 100 568 653
100 272 734 906
272 452 1005 1185
452 560 1564 1672
560 676 2436 2552
676 810 2639 2773
810 879 2853 2922
879 1032 3013 3166
1032 1293 22978 23239

>ENSAMXT00000025426
0 3 0 3
3 88 2402 2487
88 260 4019 4191
260 440 5867 6047
440 548 7132 7240
548 664 8885 9001
664 798 14647 14781
798 867 30432 30501
867 981 30611 30725
981 1080 73888 73987

