>MGP_CAROLIEiJ_T0074381
0 100 734 834
100 132 1107 1139

>MGP_CAROLIEiJ_T0074382
0 100 734 834
100 132 1107 1139

>MGP_CAROLIEiJ_T0074383
0 100 734 834
100 132 1107 1139

>MGP_CAROLIEiJ_T0074384
0 207 734 941

>MGP_SPRETEiJ_T0077271
0 100 737 837
100 132 1102 1134

>MGP_SPRETEiJ_T0077272
0 100 737 837
100 132 1102 1134

>MGP_SPRETEiJ_T0077273
0 100 737 837
100 132 1102 1134

>MGP_SPRETEiJ_T0077274
0 111 737 848
111 122 848 859
122 198 859 936

>MGP_PahariEiJ_T0050453
0 100 738 838
100 132 1100 1132

>MGP_PahariEiJ_T0050454
0 100 738 838
100 132 1100 1132

>MGP_PahariEiJ_T0050455
0 100 738 838
100 132 1100 1132

>MGP_PahariEiJ_T0050456
0 202 738 940
202 204 940 944

>ENSSTOT00000042754
0 100 605 705
100 135 967 1002

>ENSSTOT00000025864
0 114 605 719
114 174 748 808

