>ENSHHUT00000013818
0 135 870 1005
135 879 1180 1924

>ENSCMIT00000035261
0 311 63 374
311 526 1260 1475
526 957 4775 5206
957 1131 7418 7592
1131 1290 15537 15696
1290 1495 20168 20373
1495 1595 21123 21223
1595 1677 22521 22603
1677 1788 22989 23100
1788 1931 23954 24097
1931 2136 25876 26081

>ENSCMIT00000035263
0 311 63 374
311 526 1260 1475
526 957 4775 5206
957 1131 7418 7592
1131 1290 15537 15696
1290 1495 20168 20373
1495 1595 21123 21223
1595 1677 22521 22603
1677 1851 22989 23163

>ENSCMIT00000035269
0 311 63 374
311 526 1260 1475
526 957 4775 5206
957 1131 7418 7592
1131 1336 20168 20373
1336 1436 21123 21223
1436 1518 22521 22603
1518 1692 22989 23163

>ENSMGAT00000008972
0 231 0 231
231 349 1634 1752
349 583 2200 2434
583 765 3004 3186
765 966 4177 4378
966 1099 4755 4888
1099 1218 5130 5249
1218 1331 5598 5711
1331 1640 6314 6623
1640 1855 7306 7521
1855 2283 8582 9010
2283 2454 9445 9616
2454 2610 10743 10899
2610 2824 12250 12464
2824 2909 12626 12711
2909 2991 13150 13232
2991 3126 13582 13717
3126 3234 14237 14345
3234 3383 15009 15158
3383 3582 15757 15956

>ENSCJPT00005018458
0 231 7959 8190
231 349 9568 9686
349 583 10119 10353
583 759 10938 11114
759 960 12134 12335
960 1093 12713 12846
1093 1212 13099 13218
1212 1325 13573 13686
1325 1634 14297 14606
1634 1849 15316 15531
1849 2277 16594 17022
2277 2448 17458 17629
2448 2604 18751 18907
2604 2818 20250 20464
2818 2903 20625 20710
2903 2985 21125 21207
2985 3120 21588 21723
3120 3228 22211 22319
3228 3377 22981 23130
3377 3576 23738 23937

