>R11G10.3.1
0 158 0 158
158 411 236 489
411 501 535 625
501 608 674 781
608 756 5651 5799
756 900 5845 5989
900 990 6039 6129

>T10G3.2.1
0 164 45 209
164 343 763 942
343 444 991 1092
444 798 1135 1489
798 1041 2232 2475

>T10G3.4a.1
0 143 6 149
143 295 521 673
295 396 716 817
396 602 1159 1365
602 750 1411 1559
750 894 1666 1810
894 975 2280 2361

>T10G3.4b.1
0 143 6 149
143 295 521 673
295 396 716 817
396 602 1159 1365
602 750 1411 1559
750 885 1666 1801
885 966 2280 2361

>C54C6.4a.1
0 131 0 131
131 280 187 336
280 381 1132 1233
381 474 1278 1371
474 584 1427 1537
584 732 2536 2684
732 822 2742 2832
822 912 2889 2979

