>ENSPNAT00000020640
0 184 0 184
184 269 2066 2151
269 822 2217 2770

>ENSPNAT00000012838
0 9 0 9
9 387 557 935
387 447 2120 2180

>ENSPNAT00000036833
0 87 0 87
87 363 2443 2719
363 388 2827 2852
388 651 2966 3229

>ENSPNAT00000000683
0 10 0 10
10 395 411 796
395 450 4507 4562

>ENSAMXT00000053476
0 40 0 40
40 428 877 1265
428 456 4750 4778

>ENSAMXT00000056689
0 103 0 103
103 469 2700 3066
469 489 7937 7957

>ENSAMXT00000034398
0 23 0 23
23 429 1395 1801
429 459 2801 2831

>ENSAMXT00000037052
0 29 0 29
29 425 660 1056
425 468 4348 4391

>ENSAMXT00000033358
0 364 0 364
364 777 451 864

>ENSAMXT00000033625
0 7 0 7
7 513 721 1227

>ENSAMXT00000048486
0 323 0 323
323 687 368 732
687 700 937 950
700 822 15768 15890

>ENSAMXT00000051424
0 17 0 17
17 774 419 1176

