>ENSFCAT00000071052
0 6 178727 178733
6 219 179553 179766
219 547 180011 180339
547 666 180407 180526

>ENSFCAT00000042302
0 342 179424 179766
342 861 180011 180530

>ENSFCAT00000054494
0 50 176283 176333
50 177 176595 176722
177 213 176963 176999
213 267 177820 177874
267 396 178277 178406
396 556 178573 178733
556 744 179553 179741

>ENSFCAT00000082040
0 178 0 178
178 258 176642 176722
258 294 176963 176999
294 348 177820 177874
348 477 178277 178406
477 637 178573 178733
637 825 179553 179741

