>ENSPVIT00000012906
0 182 893 1075
182 281 3095 3194
281 337 3768 3824
337 1007 5622 6292
1007 1061 8101 8155
1061 1146 9942 10027
1146 1255 14758 14867
1255 1369 15582 15696
1369 1587 16791 17009
1587 1737 17679 17829

>ENSACAT00000029400
0 119 0 119
119 204 3106 3191
204 313 4470 4579
313 427 6434 6548
427 645 8584 8802
645 789 11371 11515

>ENSSPUT00000017501
0 89 49 138
89 142 366 419
142 818 1154 1830
818 872 7008 7062
872 957 12090 12175
957 1066 12847 12956
1066 1168 19091 19193
1168 1377 20617 20826
1377 1524 24630 24777

