>ENSVURT00010012058
0 77 26096 26173
77 181 29758 29862
181 276 51958 52053
276 353 79923 80000
353 437 95058 95142
437 510 98236 98309
510 587 102327 102404
587 686 103908 104007
686 843 110501 110658
843 992 112640 112789
992 1107 114373 114488
1107 1182 115688 115763
1182 1306 116680 116804
1306 1413 119307 119414
1413 1497 124294 124378
1497 1575 124731 124809
1575 1649 128532 128606
1649 1759 129202 129312
1759 1842 130974 131057
1842 2066 143146 143370
2066 2170 146569 146673
2170 2360 148145 148335
2360 2391 150851 150882

>ENSPCIT00000060583
0 36 1685 1721
36 191 4562 4717
191 295 6962 7066
295 365 59471 59541
365 449 73966 74050
449 522 76867 76940
522 599 80822 80899
599 698 82402 82501
698 855 90070 90227
855 1004 92233 92382
1004 1119 93978 94093
1119 1194 95309 95384
1194 1318 96268 96392
1318 1475 98755 98912
1475 1548 104223 104296
1548 1633 108700 108785
1633 1716 110374 110457
1716 1940 122735 122959
1940 2044 126065 126169
2044 2238 127645 127839

>ENSPCIT00000051900
0 28 3142 3170
28 146 4599 4717
146 250 6962 7066
250 297 31862 31909
297 374 59464 59541
374 458 73966 74050
458 531 76867 76940
531 608 80822 80899
608 707 82402 82501
707 864 90070 90227
864 1013 92233 92382
1013 1186 93978 94151
1186 1228 94245 94287
1228 1330 96290 96392
1330 1437 98755 98862
1437 1521 103746 103830
1521 1599 104218 104296
1599 1673 108004 108078
1673 1780 108678 108785
1780 1863 110374 110457
1863 2087 122735 122959
2087 2191 126065 126169
2191 2385 127645 127839

>ENSPCIT00000061650
0 15 69252 69267
15 128 73937 74050
128 239 76867 76978
239 338 82402 82501
338 495 90070 90227
495 644 92233 92382
644 759 93978 94093
759 834 95309 95384
834 958 96268 96392
958 1065 98755 98862
1065 1269 103746 103950
1269 1357 108700 108788
1357 1440 110374 110457
1440 1664 122735 122959
1664 1768 126065 126169
1768 1958 127645 127835
1958 2103 132387 132532

>ENSSHAT00000020815
0 77 150 227
77 181 3713 3817
181 276 17708 17803
276 353 42659 42736
353 437 58730 58814
437 510 60895 60968
510 587 64659 64736
587 686 66196 66295
686 843 74951 75108
843 992 76530 76679
992 1107 78259 78374
1107 1182 79646 79721
1182 1306 80570 80694
1306 1466 83069 83229
1466 1481 83312 83327
1481 1550 83416 83485
1550 1617 83700 83767
1617 1651 83779 83813
1651 1721 84081 84151
1721 1779 84545 84603
1779 1870 84806 84897
1870 1932 85537 85599
1932 1948 85795 85811
1948 2071 85978 86101
2071 2267 87674 87870
2267 2298 89182 89213

>ENSMODT00000027010
0 118 878 996
118 236 33663 33781
236 340 37441 37545
340 435 49027 49122
435 512 77795 77872
512 596 89368 89452
596 669 92389 92462
669 746 100307 100384
746 845 101807 101906
845 1002 110247 110404
1002 1151 111466 111615
1151 1266 113233 113348
1266 1341 114435 114510
1341 1465 115420 115544
1465 1572 118523 118630
1572 1656 127950 128034
1656 1734 128891 128969
1734 1808 133385 133459
1808 1918 134037 134147
1918 2001 135163 135246
2001 2225 146430 146654
2225 2329 150544 150648
2329 2519 152110 152300
2519 2550 155481 155512

>ENSMODT00000077381
0 118 878 996
118 236 33663 33781
236 340 37441 37545
340 435 49027 49122
435 512 77795 77872
512 596 89368 89452
596 669 92389 92462
669 746 100307 100384
746 845 101807 101906
845 1002 110247 110404
1002 1033 111466 111497
1033 1061 111587 111615
1061 1176 113233 113348
1176 1251 114435 114510
1251 1375 115420 115544
1375 1482 118523 118630
1482 1566 127950 128034
1566 1644 128891 128969
1644 1718 133385 133459
1718 1828 134037 134147
1828 1911 135163 135246
1911 2135 146430 146654
2135 2239 150544 150648
2239 2429 152110 152300
2429 2460 155481 155512

>ENST00000286364
0 133 57 190
133 251 25136 25254
251 355 29301 29405
355 450 42681 42776
450 527 53506 53583
527 611 66830 66914
611 684 68813 68886
684 761 71859 71936
761 863 72867 72969
863 1020 83885 84042
1020 1169 84379 84528
1169 1284 85582 85697
1284 1359 86120 86195
1359 1483 86917 87041
1483 1590 89973 90080
1590 1674 93341 93425
1674 1752 94073 94151
1752 1826 98998 99072
1826 1933 99619 99726
1933 2016 120651 120734
2016 2225 121462 121671
2225 2329 122393 122497
2329 2519 122850 123040
2519 2550 125256 125287

