>FBtr0071903
0 39 86 125
39 133 187 281
133 1098 335 1300
1098 1185 1358 1445
1185 1388 1500 1703
1388 1765 1755 2132
1765 1940 2192 2367
1940 2429 2423 2912
2429 2756 2970 3297
2756 2980 3356 3580
2980 3063 3638 3721
3063 3211 3777 3925
3211 3869 3994 4652
3869 4010 4713 4854
4010 4317 4912 5219

>F39B2.4a.1
0 111 8 119
111 305 184 378
305 687 462 844
687 951 1842 2106
951 1124 2161 2334
1124 1392 3157 3425
1392 1513 3913 4034
1513 1881 4374 4742
1881 2374 4974 5467
2374 2588 5879 6093
2588 2700 6141 6253
2700 2853 6303 6456
2853 3468 6504 7119
3468 3750 7667 7949
3750 4215 8435 8900
4215 4638 9332 9755
4638 4764 10402 10528

>F39B2.4b.1
0 111 8 119
111 305 184 378
305 687 462 844
687 951 1842 2106
951 1124 2161 2334
1124 1392 3157 3425
1392 1513 3913 4034
1513 1887 4368 4742
1887 2380 4974 5467
2380 2594 5879 6093
2594 2706 6141 6253
2706 2859 6303 6456
2859 3474 6504 7119
3474 3756 7667 7949
3756 4221 8435 8900
4221 4644 9332 9755
4644 4770 10402 10528

