>ENSTTRT00000003285
0 16 0 16
16 24 18 26
24 35 29 40
35 75 42 82
75 96 1013 1034
96 105 1036 1045
105 135 1047 1077
135 207 1079 1151
207 214 1154 1161
214 223 1183 1192
223 270 1193 1240
270 291 1242 1263
291 299 1264 1272
299 315 1273 1289
315 329 1290 1304
329 330 1306 1307

>ENSVPAT00000007488
0 17 0 17
17 24 19 26
24 36 29 41
36 75 42 81
75 96 569 590
96 114 592 610
114 135 613 634
135 217 636 718
217 273 737 793
273 294 795 816
294 318 817 841
318 333 842 857

>ENSPVAT00000004391
0 17 0 17
17 24 19 26
24 36 29 41
36 72 43 79
72 93 1608 1629
93 135 1631 1673
135 141 1675 1681
141 195 1683 1737
195 208 1741 1754
208 219 1773 1784
219 258 1786 1825
258 287 1829 1858
287 315 1859 1887

>ENSCSAT00000016335
0 78 0 78
78 300 575 797

>ENSCJAT00000094184
0 78 685 763
78 474 1258 1654

