>ENSELUT00000028722
0 377 5132 5509
377 944 6121 6688
944 960 6760 6776
960 1362 6902 7304

>ENSELUT00000028740
0 28 1041 1069
28 231 1299 1502
231 333 2144 2246
333 423 2957 3047
423 534 3159 3270
534 658 3356 3480
658 2796 5166 7304

>ENSFHET00000032859
0 65 0 65
65 1164 1409 2508

>ENSECRT00000014488
0 487 224 711
487 952 5998 6463
952 1530 9689 10267

>ENSMODT00000039983
0 82 760 842
82 159 11635 11712
159 286 18566 18693
286 385 20192 20291
385 1248 22847 23710

>ENSMODT00000053383
0 12 0 12
12 174 689 851
174 240 3267 3333

>ENSSHAT00000001605
0 33 161 194
33 160 4012 4139
160 835 9119 9794
835 978 17224 17367

>ENSCABT00000033381
0 24 115997 116021
24 142 116656 116774
142 184 116807 116849
184 330 118231 118377
330 588 124679 124937
588 1953 204044 205409

>ENSCABT00000033383
0 38 187896 187934
38 72 188378 188412
72 83 188448 188459
83 1686 203806 205409

