>ENSCCET00000000430
0 133 293 426
133 1860 3567 5294

>ENSRROT00000041868
0 207 1125 1332
207 1039 1482 2314
1039 1251 2458 2670
1251 1474 2825 3048
1474 1940 3204 3670
1940 2163 3830 4053
2163 2223 4247 4307

>ENSRROT00000041874
0 207 1125 1332
207 1039 1482 2314
1039 1251 2458 2670
1251 1474 2825 3048
1474 1940 3204 3670
1940 2235 3830 4125

>ENSRROT00000041879
0 207 1125 1332
207 1039 1482 2314
1039 1251 2458 2670
1251 1474 2825 3048
1474 1940 3204 3670
1940 1958 3830 3848
1958 2011 4000 4053
2011 2067 4247 4303

>ENSPTET00000008971
0 207 1162 1369
207 1039 1519 2351
1039 1251 2495 2707
1251 1471 2862 3082
1471 1937 3238 3704
1937 2232 3864 4159

>ENSPTET00000008978
0 207 1162 1369
207 1039 1519 2351
1039 1251 2495 2707
1251 1471 2862 3082
1471 1937 3238 3704
1937 2160 3864 4087
2160 2220 4285 4345

>ENSMMUT00000006092
0 207 1088 1295
207 1039 1445 2277
1039 1248 2421 2630
1248 1471 2785 3008
1471 1937 3162 3628
1937 2160 3788 4011
2160 2220 4203 4263

>ENSMMUT00000062384
0 207 1088 1295
207 1039 1445 2277
1039 1248 2421 2630
1248 1471 2785 3008
1471 1937 3162 3628
1937 2160 3788 4011
2160 2220 4203 4263

>ENSMMUT00000099909
0 207 1088 1295
207 1039 1445 2277
1039 1248 2421 2630
1248 1471 2785 3008
1471 1937 3162 3628
1937 2232 3788 4083

>ENSCCAT00000052528
0 207 1094 1301
207 1039 1451 2283
1039 1251 2427 2639
1251 1480 2793 3022
1480 1958 3178 3656
1958 2181 3815 4038
2181 2241 4238 4298

>ENSCCAT00000052531
0 207 1094 1301
207 1039 1451 2283
1039 1251 2427 2639
1251 1480 2793 3022
1480 1958 3178 3656
1958 2253 3815 4110

>ENSCCAT00000052537
0 207 1094 1301
207 1039 1451 2283
1039 1251 2427 2639
1251 1480 2793 3022
1480 1958 3178 3656
1958 1976 3815 3833
1976 2029 3985 4038
2029 2085 4238 4294

>ENSNGAT00000025749
0 207 2218 2425
207 393 2527 2713

>ENSMAUT00000025653
0 207 650 857
207 393 1120 1306

>ENSFCAT00000051355
0 207 52 259
207 1039 412 1244
1039 1254 1369 1584
1254 1486 1741 1973
1486 1964 2129 2607
1964 2310 2765 3111

>ENSFCAT00000050136
0 207 52 259
207 1039 412 1244
1039 1254 1369 1584
1254 1486 1741 1973
1486 1964 2129 2607
1964 2187 2765 2988
2187 2247 3193 3253

