>ENSPSIT00000003262
0 104 70 174
104 219 323 438
219 318 778 877
318 490 1625 1797
490 624 2278 2412

>ENSXETT00000015634
0 72 742 814
72 249 1069 1246
249 362 1863 1976
362 477 3016 3131
477 576 3751 3850
576 748 5377 5549
748 882 5650 5784

>ENSXETT00000015678
0 207 0 207
207 384 1069 1246
384 497 1863 1976
497 612 3016 3131
612 711 3751 3850
711 883 5377 5549
883 1017 5650 5784

>ENSECRT00000033520
0 109 12712 12821
109 262 16119 16272
262 379 16407 16524
379 502 16763 16886
502 691 23038 23227
691 861 28183 28353
861 1020 32558 32717
1020 1133 43544 43657
1133 1248 43763 43878
1248 1347 47218 47317
1347 1519 47431 47603
1519 1653 55906 56040

>ENSECRT00000033530
0 109 12712 12821
109 262 16119 16272
262 385 16763 16886
385 574 23038 23227
574 744 28183 28353
744 903 32558 32717
903 1016 43544 43657
1016 1131 43763 43878
1131 1230 47218 47317
1230 1402 47431 47603
1402 1536 55906 56040

>ENSCMIT00000001351
0 60 124 184
60 267 794 1001

