>Y5H2B.1a.1
0 146 0 146
146 390 199 443
390 507 1505 1622
507 614 1835 1942
614 715 1990 2091
715 822 2136 2243
822 904 2296 2378
904 999 2795 2890
999 1095 2934 3030

>Y5H2B.1b.1
0 146 0 146
146 390 199 443
390 507 1505 1622
507 614 1835 1942
614 715 1990 2091
715 822 2136 2243
822 904 2296 2378
904 1016 2778 2890
1016 1071 2934 2989

>F31F4.17.1
0 200 0 200
200 444 257 501
444 561 594 711
561 665 871 975
665 766 1021 1122
766 873 1174 1281
873 955 1338 1420
955 1050 1580 1675
1050 1158 1727 1835

>F31F4.11a.1
0 113 43 156
113 357 504 748
357 474 822 939
474 578 1063 1167
578 679 1220 1321
679 786 1366 1473
786 868 1518 1600
868 963 1713 1808
963 1071 1857 1965

>F31F4.11b.1
0 113 43 156
113 357 504 748
357 474 822 939
474 578 1063 1167
578 679 1220 1321
679 786 1366 1473
786 868 1518 1600
868 959 1713 1804
959 975 1857 1873

>C17A2.4.1
0 282 0 282
282 399 409 526
399 503 669 773
503 814 820 1131
814 1047 1178 1411

>F11A5.5a.1
0 124 71 195
124 164 415 455
164 408 509 753
408 525 1347 1464
525 629 1518 1622
629 727 1796 1894
727 895 1953 2121
895 990 2384 2479
990 1092 2549 2651

>F11A5.5b.1
0 124 71 195
124 173 406 455
173 417 509 753
417 534 1347 1464
534 638 1518 1622
638 736 1796 1894
736 904 1953 2121
904 999 2384 2479
999 1101 2549 2651

>C14C6.3.1
0 61 0 61
61 172 115 226
172 333 272 433
333 450 772 889
450 551 937 1038
551 652 1088 1189
652 759 1359 1466
759 850 1508 1599
850 945 1647 1742
945 1044 1792 1891

>W07G4.2.1
0 85 15 100
85 131 144 190
131 208 438 515
208 369 557 718
369 486 762 879
486 593 919 1026
593 694 1071 1172
694 874 1224 1404
874 969 1448 1543
969 1068 1588 1687

>C18G1.8.1
0 58 186 244
58 219 713 874
219 336 920 1037
336 440 1098 1202
440 541 1637 1738
541 648 1778 1885
648 739 1953 2044
739 834 2097 2192
834 933 2237 2336

>Y71H2AM.14a.1
0 144 782 926
144 261 1244 1361
261 362 1415 1516
362 463 1823 1924
463 552 1968 2057
552 643 2106 2197
643 738 2525 2620
738 837 2667 2766

>Y71H2AM.14b.1
0 23 153 176
23 106 631 714
106 267 765 926
267 384 1244 1361
384 485 1415 1516
485 586 1823 1924
586 675 1968 2057
675 766 2106 2197
766 861 2525 2620
861 960 2667 2766

>T28A8.2.1
0 67 0 67
67 110 110 153
110 333 196 419
333 459 465 591
459 560 763 864
560 661 907 1008
661 796 1138 1273
796 891 1407 1502
891 966 1545 1620
966 1062 1684 1780

>C06E1.7.1
0 49 628 677
49 113 723 787
113 223 927 1037
223 384 1083 1244
384 501 1297 1414
501 602 1457 1558
602 709 1600 1707
709 828 1757 1876
828 910 1965 2047
910 1005 2094 2189
1005 1098 2238 2331

>EGAP9.3.1
0 64 129 193
64 153 248 337
153 220 384 451
220 381 602 763
381 495 807 921
495 611 971 1087
611 715 1137 1241
715 883 1286 1454
883 975 1599 1691
975 1065 1868 1958

>EGAP9.2.1
0 67 0 67
67 156 113 202
156 223 245 312
223 384 462 623
384 498 664 778
498 614 826 942
614 718 988 1092
718 886 1136 1304
886 978 1529 1621
978 1068 1725 1815

>T28F2.1.1
0 67 0 67
67 156 112 201
156 223 243 310
223 384 452 613
384 498 667 781
498 614 832 948
614 718 999 1103
718 880 1148 1310
880 972 1419 1511
972 1062 1610 1700

>F17B5.6.1
0 64 99 163
64 153 793 882
153 220 933 1000
220 381 1166 1327
381 495 1606 1720
495 605 1771 1881
605 709 1929 2033
709 877 2090 2258
877 969 2304 2396
969 1044 2441 2516

>F41D3.6.1
0 67 0 67
67 175 129 237
175 336 290 451
336 450 497 611
450 664 660 874
664 832 921 1089
832 924 1537 1629
924 990 1681 1747

>F08A8.5a.1
0 46 0 46
46 153 278 385
153 229 487 563
229 393 625 789
393 510 981 1098
510 626 1154 1270
626 730 1447 1551
730 805 1601 1676
805 891 1990 2076
891 970 2122 2201
970 1062 2250 2342
1062 1152 2397 2487

>F08A8.5b.1
0 46 0 46
46 210 278 442
210 286 487 563
286 450 625 789
450 567 981 1098
567 683 1154 1270
683 787 1447 1551
787 862 1601 1676
862 948 1990 2076
948 1027 2122 2201
1027 1119 2250 2342
1119 1209 2397 2487

>T26E4.4.1
0 148 0 148
148 309 202 363
309 379 410 480
379 543 520 684
543 660 796 913
660 776 1041 1157
776 880 1200 1304
880 955 1349 1424
955 1041 1477 1563
1041 1096 1606 1661
1096 1188 1707 1799
1188 1278 2018 2108

>T26H5.8.1
0 108 285 393
108 175 436 503
175 339 555 719
339 456 867 984
456 572 1027 1143
572 676 1190 1294
676 751 4764 4839
751 837 4934 5020
837 916 5065 5144
916 1008 5188 5280
1008 1098 5328 5418

>T26H5.8.2
0 108 285 393
108 175 436 503
175 339 555 719
339 456 867 984
456 572 1027 1143
572 676 1190 1294
676 751 4764 4839
751 837 4934 5020
837 916 5065 5144
916 1008 5188 5280
1008 1098 5328 5418

>T26H5.8.3
0 108 285 393
108 175 436 503
175 339 555 719
339 456 867 984
456 572 1027 1143
572 676 1190 1294
676 751 4764 4839
751 837 4934 5020
837 916 5065 5144
916 1008 5188 5280
1008 1098 5328 5418

>T26H5.8.4
0 108 285 393
108 175 436 503
175 339 555 719
339 456 867 984
456 572 1027 1143
572 676 1190 1294
676 751 4764 4839
751 837 4934 5020
837 916 5065 5144
916 1008 5188 5280
1008 1098 5328 5418

>T26E4.3.1
0 49 0 49
49 195 93 239
195 271 286 362
271 435 407 571
435 552 661 778
552 668 818 934
668 772 981 1085
772 847 1133 1208
847 879 1252 1284
879 958 1328 1407
958 1050 1451 1543
1050 1137 1590 1677

>F58D5.3.1
0 49 118 167
49 150 218 319
150 411 710 971
411 528 1351 1468
528 644 1512 1628
644 748 1674 1778
748 823 2482 2557
823 906 2601 2684
906 1052 2730 2876
1052 1176 2919 3043

>T25D10.1.1
0 169 290 459
169 336 504 671
336 436 742 842
436 566 888 1018
566 640 1066 1140
640 747 1184 1291
747 984 1341 1578

