>ENSPCIT00000013458
0 138 4220 4358
138 279 5660 5801

>ENSPCIT00000022291
0 232 0 232
232 264 1074 1106

>ENSVURT00010035963
0 53 147 200
53 132 6980 7059
132 288 10269 10425
288 429 11735 11876

>ENSSHAT00000005966
0 36 628 664
36 192 15463 15619
192 333 18034 18175

>ENSPCOT00000023993
0 138 2373 2511
138 279 4815 4956

>ENSMICT00000045160
0 138 4670 4808
138 279 7740 7881

>ENSMICT00000014098
0 146 4670 4816
146 193 6579 6626
193 246 7740 7793

>ENSPSMT00000007895
0 138 0 138
138 279 2418 2559

>ENSTSYT00000049212
0 138 2603 2741
138 279 5764 5905

>ENSTSYT00000001179
0 142 2603 2745
142 179 5204 5241
179 220 5391 5432
220 249 5764 5793

>ENSNVIT00000013847
0 138 0 138
138 279 2928 3069

