>ENSACAT00000002086
0 42 0 42
42 54 445 457
54 186 7028 7160
186 343 9448 9605
343 429 10743 10829
429 477 13400 13448
477 553 25433 25509
553 612 27981 28040
612 696 28508 28592

>ENSPVIT00000013701
0 42 684 726
42 87 1172 1217
87 216 4956 5085
216 373 6565 6722
373 459 7494 7580
459 507 10985 11033
507 583 25814 25890
583 642 27086 27145
642 726 27988 28072

>ENSPVIT00000013703
0 9 1313 1322
9 138 4956 5085
138 295 6565 6722
295 381 7494 7580
381 429 10985 11033
429 505 25814 25890
505 564 27086 27145
564 648 27988 28072

>ENSNSUT00000012744
0 27 260 287
27 184 1115 1272
184 270 3419 3505
270 318 6530 6578
318 394 19946 20022
394 453 24491 24550
453 537 24936 25020

