>ENSGAGT00000010909
0 346 170 516
346 423 9357 9434
423 477 14908 14962
477 547 15452 15522
547 604 15896 15953
604 693 16104 16193
693 763 16581 16651
763 813 17400 17450
813 918 19334 19439
918 978 20383 20443
978 1022 21565 21609
1022 1108 23015 23101
1108 1186 30739 30817
1186 1264 32220 32298
1264 1357 32787 32880
1357 1575 34725 34943
1575 1645 35298 35368
1645 1728 36160 36243
1728 1782 37833 37887
1782 1911 43703 43832
1911 1970 44245 44304
1970 2002 44744 44776
2002 2064 46962 47024
2064 2160 48606 48702
2160 2231 51149 51220
2231 2326 51794 51889
2326 2446 54887 55007
2446 2508 56720 56782
2508 2613 58708 58813
2613 2707 58980 59074
2707 2799 62674 62766

>ENSGAGT00000010916
0 346 170 516
346 423 9357 9434
423 477 14908 14962
477 547 15452 15522
547 604 15896 15953
604 693 16104 16193
693 763 16581 16651
763 813 17400 17450
813 918 19334 19439
918 962 21565 21609
962 1048 23015 23101
1048 1126 30739 30817
1126 1204 32220 32298
1204 1297 32787 32880
1297 1515 34725 34943
1515 1585 35298 35368
1585 1668 36160 36243
1668 1722 37833 37887
1722 1851 43703 43832
1851 1910 44245 44304
1910 1942 44744 44776
1942 2004 46962 47024
2004 2100 48606 48702
2100 2171 51149 51220
2171 2266 51794 51889
2266 2386 54887 55007
2386 2448 56720 56782
2448 2553 58708 58813
2553 2685 58980 59112

>ENSGAGT00000010921
0 346 170 516
346 423 9357 9434
423 477 14908 14962
477 547 15452 15522
547 604 15896 15953
604 693 16104 16193
693 763 16581 16651
763 813 17400 17450
813 918 19334 19439
918 962 21565 21609
962 1048 23015 23101
1048 1126 30739 30817
1126 1204 32220 32298
1204 1297 32787 32880
1297 1515 34725 34943
1515 1585 35298 35368
1585 1668 36160 36243
1668 1722 37833 37887
1722 1851 43703 43832
1851 1910 44245 44304
1910 1942 44744 44776
1942 2004 46962 47024
2004 2075 51149 51220
2075 2170 51794 51889
2170 2290 54887 55007
2290 2352 56720 56782
2352 2457 58708 58813
2457 2589 58980 59112

>ENSCABT00000021277
0 52 0 52
52 172 2948 3068
172 234 4790 4852
234 366 6783 6915
366 441 10737 10812

