>FBtr0072733
0 80 270 350
80 381 416 717
381 1714 910 2243
1714 2925 2308 3519
2925 3177 3583 3835
3177 3198 3919 3940

>FBtr0072732
0 80 290 370
80 492 436 848

>FBtr0073516
0 117 152 269
117 312 333 528
312 847 598 1133
847 993 1267 1413
993 1184 3534 3725
1184 1895 3788 4499
1895 1998 4577 4680

>FBtr0340297
0 117 152 269
117 312 333 528
312 847 598 1133
847 993 1267 1413
993 1184 3534 3725
1184 1895 3788 4499
1895 1998 4577 4680

>F23B12.8a.1
0 62 283 345
62 269 394 601
269 1578 651 1960
1578 2138 2005 2565
2138 2358 2653 2873
2358 2517 2985 3144
2517 2617 3192 3292
2617 2877 3337 3597

>F23B12.8a.2
0 62 283 345
62 269 394 601
269 1578 651 1960
1578 2138 2005 2565
2138 2358 2653 2873
2358 2517 2985 3144
2517 2617 3192 3292
2617 2877 3337 3597

>F23B12.8b.1
0 3 119 122
3 77 271 345
77 284 394 601
284 1593 651 1960
1593 2153 2005 2565
2153 2373 2653 2873
2373 2532 2985 3144
2532 2632 3192 3292
2632 2892 3337 3597

>F23B12.8b.2
0 3 119 122
3 77 271 345
77 284 394 601
284 1593 651 1960
1593 2153 2005 2565
2153 2373 2653 2873
2373 2532 2985 3144
2532 2632 3192 3292
2632 2892 3337 3597

