>ZC434.3.1
0 162 33 195
162 316 242 396
316 448 444 576
448 786 628 966

>ZC434.10.1
0 96 185 281
96 286 327 517
286 504 569 787
504 711 834 1041

>F35D2.2.1
0 226 20 246
226 526 290 590
526 630 635 739
630 742 795 907
742 1134 955 1347

>F35D2.1.1
0 226 0 226
226 336 453 563
336 413 607 684
413 529 726 842
529 633 886 990
633 745 1039 1151
745 990 1210 1455
990 1146 1497 1653

>C26B9.2.1
0 126 150 276
126 226 783 883
226 336 925 1035
336 420 1082 1166
420 529 1209 1318
529 633 1365 1469
633 745 1680 1792
745 867 1837 1959

