>C47A10.1.1
0 44 5 49
44 201 98 255
201 369 320 488
369 503 1286 1420
503 1525 2127 3149
1525 1947 4174 4596
1947 2477 4645 5175
2477 3267 5596 6386
3267 3474 6451 6658
3474 3748 8304 8578
3748 3885 8622 8759

>K08E7.9.1
0 110 2 112
110 195 897 982
195 355 1844 2004
355 602 2137 2384
602 1071 2457 2926
1071 1185 2994 3108
1185 1539 3230 3584
1539 1993 3864 4318
1993 2281 4964 5252
2281 2951 5350 6020
2951 3213 6176 6438
3213 3535 6487 6809
3535 3889 6859 7213
3889 3966 7265 7342

>T21E8.1a.1
0 93 1211 1304
93 250 1356 1513
250 360 1563 1673
360 494 1718 1852
494 791 1899 2196
791 963 2394 2566
963 1077 2609 2723
1077 1692 2772 3387
1692 1782 3431 3521
1782 1879 3761 3858
1879 2163 3908 4192
2163 2526 4238 4601
2526 2631 4665 4770
2631 2760 4814 4943
2760 3225 4993 5458
3225 3429 5508 5712
3429 3792 5757 6120

>T21E8.1b.1
0 73 1440 1513
73 183 1563 1673
183 317 1718 1852
317 614 1899 2196
614 786 2394 2566
786 900 2609 2723
900 1515 2772 3387
1515 1605 3431 3521
1605 1702 3761 3858
1702 1986 3908 4192
1986 2349 4238 4601
2349 2454 4665 4770
2454 2583 4814 4943
2583 3048 4993 5458
3048 3252 5508 5712
3252 3615 5757 6120

>T21E8.1b.2
0 73 1440 1513
73 183 1563 1673
183 317 1718 1852
317 614 1899 2196
614 786 2394 2566
786 900 2609 2723
900 1515 2772 3387
1515 1605 3431 3521
1605 1702 3761 3858
1702 1986 3908 4192
1986 2349 4238 4601
2349 2454 4665 4770
2454 2583 4814 4943
2583 3048 4993 5458
3048 3252 5508 5712
3252 3615 5757 6120

>T21E8.1c.1
0 8 40 48
8 75 1237 1304
75 232 1356 1513
232 342 1563 1673
342 476 1718 1852
476 773 1899 2196
773 945 2394 2566
945 1059 2609 2723
1059 1674 2772 3387
1674 1764 3431 3521
1764 1861 3761 3858
1861 2145 3908 4192
2145 2508 4238 4601
2508 2613 4665 4770
2613 2742 4814 4943
2742 3207 4993 5458
3207 3411 5508 5712
3411 3774 5757 6120

>T21E8.2.1
0 93 0 93
93 250 145 302
250 360 352 462
360 494 507 641
494 791 694 991
791 963 1422 1594
963 1077 1637 1751
1077 1692 1800 2415
1692 1782 2459 2549
1782 1879 2789 2886
1879 2163 2936 3220
2163 2526 3266 3629
2526 2631 3813 3918
2631 2760 3962 4091
2760 3225 4142 4607
3225 3429 4657 4861
3429 3792 4906 5269

>T21E8.3.1
0 84 18 102
84 241 331 488
241 351 668 778
351 485 826 960
485 782 1002 1299
782 954 1349 1521
954 1689 1573 2308
1689 1779 2351 2441
1779 2121 2520 2862
2121 2484 2907 3270
2484 2589 3359 3464
2589 2718 3513 3642
2718 3183 3684 4149
3183 3387 4203 4407
3387 3661 4521 4795
3661 3732 4842 4913

