>ENSEBUT00000026723
0 137 118971 119108
137 218 120685 120766
218 324 132200 132306
324 486 132418 132580
486 597 132752 132863
597 711 134043 134157
711 813 134420 134522
813 939 177172 177298

>ENSEBUT00000026788
0 164 279 443
164 289 42576 42701
289 390 56643 56744
390 514 69910 70034
514 576 70341 70403
576 622 73723 73769
622 748 79183 79309
748 793 81090 81135
793 837 81434 81478
837 894 84339 84396
894 947 84737 84790
947 1156 84910 85119
1156 1354 85344 85542
1354 1400 86555 86601
1400 1473 88191 88264

>ENSEBUT00000003623
0 178 7850 8028
178 367 10755 10944
367 413 11057 11103
413 521 16708 16816
521 577 20135 20191
577 732 20631 20786
732 870 28887 29025
870 938 33285 33353
938 1086 33820 33968
1086 1179 34448 34541
1179 1259 35051 35131
1259 1340 35456 35537
1340 1446 35694 35800
1446 1605 39691 39850
1605 1701 53717 53813
1701 1815 53927 54041
1815 1917 58238 58340
1917 2040 59123 59246
2040 2133 59470 59563

>ENSEBUT00000025975
0 64 899 963
64 187 5446 5569
187 232 17264 17309
232 276 18456 18500
276 333 28074 28131
333 386 30081 30134
386 592 42054 42260
592 781 78657 78846
781 827 78971 79017
827 935 79708 79816
935 991 88193 88249
991 1146 92881 93036
1146 1290 94034 94178
1290 1358 96174 96242
1358 1503 101535 101680
1503 1596 119931 120024
1596 1676 120335 120415
1676 1757 120526 120607
1757 1863 128169 128275
1863 2022 139863 140022
2022 2124 140273 140375
2124 2340 142407 142623
2340 2454 164066 164180
2454 2634 214625 214805

>ENSEBUT00000026005
0 64 899 963
64 187 5446 5569
187 232 17264 17309
232 276 18456 18500
276 333 28074 28131
333 386 30081 30134
386 592 42054 42260
592 781 78657 78846
781 827 78971 79017
827 935 79708 79816
935 991 88193 88249
991 1146 92881 93036
1146 1290 94034 94178
1290 1358 96174 96242
1358 1503 101535 101680
1503 1596 119931 120024
1596 1676 120335 120415
1676 1757 120526 120607
1757 1863 128169 128275
1863 2022 139863 140022
2022 2124 140273 140375
2124 2340 142407 142623
2340 2454 164066 164180
2454 2553 166498 166597

>ENSEBUT00000026035
0 33 28098 28131
33 86 30081 30134
86 292 42054 42260
292 481 78657 78846
481 527 78971 79017
527 635 79708 79816
635 691 88193 88249
691 846 92881 93036
846 990 94034 94178
990 1083 119931 120024
1083 1163 120335 120415
1163 1244 120526 120607
1244 1350 128169 128275
1350 1509 139863 140022
1509 1611 140273 140375
1611 1827 142407 142623
1827 1941 164066 164180
1941 2040 166498 166597

>ENSUMAT00000020171
0 89 2058 2147
89 149 3785 3845
149 283 4538 4672
283 384 27540 27641
384 508 29277 29401
508 570 34862 34924
570 616 36036 36082
616 754 42958 43096
754 789 51489 51524
789 842 54208 54261
842 1048 68419 68625
1048 1262 71045 71259
1262 1370 101540 101648
1370 1426 108216 108272
1426 1470 108676 108720
1470 1545 108752 108827
1545 1683 110125 110263
1683 1751 110753 110821
1751 1899 112422 112570
1899 1992 117503 117596
1992 2072 121927 122007
2072 2153 127264 127345
2153 2259 137186 137292
2259 2418 139178 139337
2418 2547 151983 152112
2547 2661 156438 156552
2661 2763 162778 162880
2763 2886 171360 171483
2886 2973 173164 173251

>ENSUAMT00000013094
0 206 0 206
206 340 899 1033
340 441 25489 25590
441 565 27222 27346
565 627 32805 32867
627 673 34769 34815
673 811 42371 42509
811 846 50900 50935
846 899 53619 53672
899 1105 69567 69773
1105 1319 71993 72207
1319 1427 104972 105080
1427 1483 111433 111489
1483 1638 111893 112048
1638 1776 113341 113479
1776 1844 113968 114036
1844 1992 115659 115807
1992 2085 120748 120841
2085 2165 125171 125251
2165 2246 130511 130592
2246 2352 140391 140497
2352 2517 142389 142554
2517 2706 144257 144446

>ENSUAMT00000013095
0 206 0 206
206 340 899 1033
340 441 25489 25590
441 565 27222 27346
565 627 32805 32867
627 673 34769 34815
673 811 42371 42509
811 846 50900 50935
846 899 53619 53672
899 1105 69567 69773
1105 1297 71993 72185
1297 1343 102749 102795
1343 1451 104972 105080
1451 1507 111433 111489
1507 1662 111893 112048
1662 1800 113341 113479
1800 1868 113968 114036
1868 2016 115659 115807
2016 2109 120748 120841
2109 2189 125171 125251
2189 2270 130511 130592
2270 2376 140391 140497
2376 2546 142389 142559
2546 2619 143180 143253
2619 2679 143334 143394

>ENSUAMT00000013096
0 206 0 206
206 340 899 1033
340 441 25489 25590
441 565 27222 27346
565 627 32805 32867
627 673 34769 34815
673 811 42371 42509
811 846 50900 50935
846 899 53619 53672
899 1105 69567 69773
1105 1319 71993 72207
1319 1427 104972 105080
1427 1483 111433 111489
1483 1642 111893 112052
1642 1692 112608 112658

>ENSAMET00000003340
0 206 0 206
206 340 899 1033
340 441 23901 24002
441 565 25621 25745
565 627 31596 31658
627 673 32763 32809
673 799 39664 39790
799 844 40901 40946
844 888 47009 47053
888 945 48738 48795
945 998 51496 51549
998 1204 65490 65696
1204 1396 68096 68288
1396 1442 97627 97673
1442 1550 99826 99934
1550 1606 106484 106540
1606 1761 106943 107098
1761 1899 108402 108540
1899 1967 109030 109098
1967 2115 110694 110842
2115 2208 115776 115869
2208 2288 120407 120487
2288 2369 126033 126114
2369 2475 135322 135428
2475 2634 137311 137470
2634 2763 149254 149383
2763 2877 153629 153743
2877 2979 160217 160319
2979 3102 173885 174008
3102 3189 175695 175782

