>ENSEBUT00000002618
0 100 0 100
100 209 490 599
209 351 2427 2569
351 463 2803 2915
463 645 7571 7753

>ENSAHAT00000006625
0 65 0 65
65 189 974 1098
189 320 1462 1593
320 462 8764 8906
462 574 9748 9860
574 684 9945 10055
684 765 16942 17023
765 879 17212 17326
879 960 21893 21974
960 1097 22796 22933
1097 1362 23674 23939

>ENSAHAT00000006627
0 65 0 65
65 189 974 1098
189 320 1462 1593
320 462 8764 8906
462 574 9748 9860
574 688 9945 10059
688 690 14432 14434

>ENSARWT00000016891
0 65 0 65
65 189 974 1098
189 320 1462 1593
320 462 8759 8901
462 574 9743 9855
574 684 9940 10050
684 765 16939 17020
765 879 17210 17324
879 960 21895 21976
960 1097 22778 22915
1097 1272 23656 23831

>ENSAOWT00000030942
0 65 0 65
65 189 974 1098
189 320 1462 1593
320 462 8764 8906
462 574 9748 9860
574 684 9945 10055
684 765 16953 17034
765 879 17222 17336
879 960 21902 21983
960 1080 22807 22927
1080 1089 23685 23694

>ENSAOWT00000030947
0 65 0 65
65 189 974 1098
189 320 1462 1593
320 462 8764 8906
462 574 9748 9860
574 684 9945 10055
684 708 14475 14499

>ENSAOWT00000030949
0 65 0 65
65 189 974 1098
189 320 1462 1593
320 462 8764 8906
462 574 9748 9860
574 688 9945 10059
688 690 14440 14442

>ENSDNVT00000009788
0 65 839 904
65 189 1812 1936
189 320 2295 2426
320 462 9584 9726
462 574 10600 10712
574 684 10797 10907
684 765 17726 17807
765 879 17988 18102
879 960 22674 22755
960 1101 23528 23669

>ENSDNVT00000009795
0 138 9588 9726
138 250 10600 10712
250 360 10797 10907
360 441 17726 17807
441 555 17988 18102
555 636 22674 22755
636 777 23528 23669

>ENSDNVT00000009804
0 138 9588 9726
138 250 10600 10712
250 360 10797 10907
360 441 17726 17807
441 555 17988 18102
555 636 22674 22755
636 777 23528 23669

