>ENSEBUT00000017595
0 195 0 195
195 223 24444 24472
223 273 37915 37965
273 408 42929 43064
408 548 43955 44095
548 725 44185 44362
725 1444 55413 56132
1444 1500 56581 56637
1500 1708 57908 58116
1708 1807 59555 59654
1807 2001 62944 63138
2001 2226 63722 63947

>ENSEBUT00000017621
0 195 0 195
195 223 24444 24472
223 273 37915 37965
273 408 42929 43064
408 548 43955 44095
548 725 44185 44362
725 1444 55413 56132
1444 1500 56581 56637
1500 1708 57908 58116
1708 1807 59555 59654
1807 2001 62944 63138
2001 2121 63722 63842
2121 2163 64905 64947

>ENSLACT00000015103
0 184 0 184
184 255 244 315
255 280 9000 9025
280 309 10435 10464
309 318 10479 10488
318 483 12879 13044
483 506 15884 15907
506 534 16157 16185
534 578 16735 16779
578 583 17430 17435
583 614 17741 17772
614 821 18212 18419
821 1525 19948 20652
1525 1587 24885 24947
1587 1696 25740 25849
1696 1795 27132 27231
1795 2013 28409 28627
2013 2157 30162 30306

>ENSXETT00000013889
0 211 94 305
211 246 5376 5411
246 393 9288 9435
393 545 10388 10540
545 725 10799 10979
725 1387 11389 12051
1387 1449 12331 12393
1449 1558 12626 12735
1558 1657 12849 12948
1657 1872 14092 14307
1872 2154 14424 14706

>ENSXETT00000013974
0 183 94 277
183 211 3144 3172
211 246 5376 5411
246 393 9288 9435
393 545 10388 10540
545 725 10799 10979
725 1387 11389 12051
1387 1449 12331 12393
1449 1558 12626 12735
1558 1657 12849 12948
1657 1872 14092 14307
1872 1995 14424 14547
1995 2007 14843 14855

>ENSXETT00000013981
0 183 94 277
183 211 3144 3172
211 246 5376 5411
246 393 9288 9435
393 545 10388 10540
545 725 10799 10979
725 1387 11389 12051
1387 1449 12331 12393
1449 1558 12626 12735
1558 1657 12849 12948
1657 1872 14092 14307
1872 1999 14424 14551
1999 2082 15435 15518

>ENSXETT00000013990
0 183 94 277
183 211 3144 3172
211 246 5376 5411
246 393 9288 9435
393 545 10388 10540
545 725 10799 10979
725 1387 11389 12051
1387 1449 12331 12393
1449 1558 12626 12735
1558 1657 12849 12948
1657 1872 14092 14307
1872 1999 14424 14551
1999 2058 15629 15688

>ENSXETT00000014008
0 183 94 277
183 211 3144 3172
211 246 5376 5411
246 393 9288 9435
393 545 10388 10540
545 725 10799 10979
725 1387 11389 12051
1387 1449 12331 12393
1449 1558 12626 12735
1558 1657 12849 12948
1657 1872 14092 14307
1872 1995 14424 14547
1995 2103 25671 25779

>ENSXETT00000014024
0 183 94 277
183 211 3144 3172
211 246 5376 5411
246 398 10388 10540
398 578 10799 10979
578 1240 11389 12051
1240 1302 12331 12393
1302 1411 12626 12735
1411 1510 12849 12948
1510 1725 14092 14307
1725 1848 14424 14547
1848 1881 29966 29999

>ENSXETT00000029757
0 211 94 305
211 246 5376 5411
246 393 9288 9435
393 545 10388 10540
545 725 10799 10979
725 881 11389 11545
881 966 19207 19292

>ENSXETT00000029793
0 183 94 277
183 211 3144 3172
211 246 5376 5411
246 393 9288 9435
393 545 10388 10540
545 725 10799 10979
725 1387 11389 12051
1387 1449 12331 12393
1449 1558 12626 12735
1558 1657 12849 12948
1657 1872 14092 14307
1872 1995 14424 14547
1995 2037 18790 18832

>ENSXETT00000029837
0 183 94 277
183 211 3144 3172
211 246 5376 5411
246 393 9288 9435
393 545 10388 10540
545 725 10799 10979
725 1387 11389 12051
1387 1449 12331 12393
1449 1558 12626 12735
1558 1657 12849 12948
1657 1872 14092 14307
1872 1995 14424 14547
1995 2028 29966 29999

>ENSAOWT00000007851
0 123 0 123
123 282 1762 1921
282 434 2010 2162
434 611 2618 2795
611 1306 3202 3897
1306 1371 5529 5594
1371 1486 5854 5969
1486 1585 6629 6728
1585 1800 7502 7717
1800 1923 8951 9074
1923 1959 9240 9276

>ENSAOWT00000007856
0 123 0 123
123 282 1762 1921
282 434 2010 2162
434 611 2618 2795
611 1306 3202 3897
1306 1371 5529 5594
1371 1486 5854 5969
1486 1585 6629 6728
1585 1800 7502 7717
1800 1923 8951 9074
1923 1965 10106 10148

>ENSAHAT00000013698
0 123 0 123
123 282 1762 1921
282 434 2010 2162
434 611 2618 2795
611 1306 3202 3897
1306 1371 5529 5594
1371 1486 5854 5969
1486 1585 6629 6728
1585 1800 7502 7717
1800 2109 8952 9261

>ENSARWT00000027640
0 123 0 123
123 282 1760 1919
282 434 2008 2160
434 611 2616 2793
611 1306 3200 3895
1306 1371 5527 5592
1371 1486 5852 5967
1486 1585 6627 6726
1585 1800 7507 7722
1800 1923 8955 9078
1923 1965 10109 10151

>ENSARWT00000027641
0 123 0 123
123 282 1760 1919
282 434 2008 2160
434 611 2616 2793
611 1306 3200 3895
1306 1371 5527 5592
1371 1486 5852 5967
1486 1585 6627 6726
1585 1800 7507 7722
1800 1923 8955 9078
1923 1959 9244 9280

>ENSARWT00000027642
0 123 0 123
123 282 1760 1919
282 434 2008 2160
434 611 2616 2793
611 1306 3200 3895
1306 1371 5527 5592
1371 1486 5852 5967
1486 1585 6627 6726
1585 1800 7507 7722
1800 1965 8048 8213

