>FBtr0072349
0 73 712 785
73 2391 2149 4467
2391 2688 4527 4824
2688 3039 4881 5232

>FBtr0072347
0 73 712 785
73 2391 2149 4467
2391 2688 4527 4824
2688 3039 4881 5232

>FBtr0072348
0 73 712 785
73 2391 2149 4467
2391 2688 4527 4824
2688 3039 4881 5232

>F58G11.1a.1
0 131 30 161
131 552 220 641
552 1079 689 1216
1079 2124 1267 2312
2124 2271 2361 2508
2271 2355 2611 2695

>F58G11.1b.1
0 131 30 161
131 552 220 641
552 1079 689 1216
1079 2124 1267 2312
2124 2229 2361 2466
2229 2313 2611 2695

>ENSAMXT00000012796
0 85 381 466
85 143 10937 10995
143 633 11751 12241
633 777 20374 20518
777 915 20769 20907
915 1119 21231 21435
1119 1239 22856 22976
1239 1371 23110 23242
1371 1536 24625 24790
1536 1623 25030 25117
1623 1758 35280 35415
1758 1952 35996 36190
1952 1985 36427 36460
1985 2124 37065 37204
2124 2277 37921 38074

>ENSAMXT00000047703
0 85 381 466
85 143 10937 10995
143 633 11751 12241
633 777 20374 20518
777 915 20769 20907
915 1119 21231 21435
1119 1239 22856 22976
1239 1371 23110 23242
1371 1536 24625 24790
1536 1623 25030 25117
1623 1758 35280 35415
1758 1952 35996 36190
1952 2091 37065 37204
2091 2244 37921 38074

