>ENSVURT00010012668
0 240 0 240
240 369 455 584

>ENSPCIT00000049730
0 363 0 363
363 492 580 709

>ENSMEUT00000012009
0 173 0 173
173 198 174 199
198 237 201 240
237 366 467 596

>ENSPCOT00000038325
0 249 0 249
249 444 276 471

>ENSPSMT00000021565
0 243 0 243
243 372 324 453

>ENSMICT00000017406
0 243 0 243
243 372 341 470

>ENSOGAT00000028376
0 222 0 222
222 348 311 437

>ENSTSYT00000043128
0 183 0 183
183 213 350 380
213 339 401 527

>MGP_SPRETEiJ_T0033032
0 219 32 251
219 345 338 464

>MGP_SPRETEiJ_T0033033
0 231 32 263
231 357 338 464

>MGP_SPRETEiJ_T0033034
0 231 32 263
231 321 374 464

>MGP_CAROLIEiJ_T0031579
0 219 32 251
219 345 338 464

>MGP_CAROLIEiJ_T0031580
0 231 32 263
231 357 338 464

>MGP_CAROLIEiJ_T0031581
0 231 32 263
231 321 374 464

>ENSMUST00000106194
0 219 32 251
219 348 338 467

>ENSMUST00000106195
0 231 32 263
231 360 338 467

>ENSMUST00000061309
0 231 32 263
231 324 374 467

>ENSMSIT00000000220
0 219 0 219
219 348 305 434

>MGP_PahariEiJ_T0038295
0 219 34 253
219 345 340 466

>MGP_PahariEiJ_T0038296
0 231 34 265
231 357 340 466

>MGP_PahariEiJ_T0038297
0 231 34 265
231 321 376 466

>ENSRNOT00000054953
0 231 0 231
231 360 306 435

>ENSMUGT00000001479
0 240 443 683
240 369 758 887

