>C23G10.6.1
0 147 36 183
147 228 425 506
228 321 554 647
321 565 721 965
565 633 1164 1232
633 1409 1281 2057
1409 1599 2210 2400

>C10H11.5.1
0 150 0 150
150 231 200 281
231 324 331 424
324 636 991 1303
636 1412 1399 2175
1412 1581 2530 2699

>C10H11.6a.1
0 159 75 234
159 333 280 454
333 577 690 934
577 645 982 1050
645 965 1175 1495
965 1421 1914 2370
1421 1590 2417 2586

>C10H11.6b.1
0 156 75 231
156 330 280 454
330 574 690 934
574 642 982 1050
642 962 1175 1495
962 1418 1914 2370
1418 1587 2417 2586

>F47C10.6.1
0 234 0 234
234 571 282 619
571 1090 680 1199
1090 1176 1254 1340
1176 1409 1683 1916
1409 1584 1974 2149

