>ENSZALT00000001674
0 1581 142283 143864
1581 1728 171638 171785
1728 1810 173054 173136
1810 2829 173424 174443

>ENSZALT00000001684
0 54 95385 95439
54 1755 142163 143864
1755 1902 171638 171785
1902 1984 173054 173136
1984 3003 173424 174443

>ENSJHYT00000019871
0 1581 143084 144665
1581 1728 172735 172882
1728 1810 174149 174231
1810 2829 174519 175538

>ENSJHYT00000019876
0 54 95692 95746
54 1755 142964 144665
1755 1902 172735 172882
1902 1984 174149 174231
1984 3003 174519 175538

>ENSJHYT00000019878
0 99 108014 108113
99 1800 142964 144665
1800 1947 172735 172882
1947 2029 174149 174231
2029 3048 174519 175538

>ENSJHYT00000019883
0 1581 143084 144665
1581 1728 172735 172882
1728 1810 174149 174231
1810 2829 174519 175538

>ENSJHYT00000019888
0 1773 142892 144665
1773 1920 172735 172882
1920 2002 174149 174231
2002 3021 174519 175538

>ENSSCAT00000025749
0 1587 140983 142570
1587 1734 170714 170861
1734 1816 172151 172233
1816 2835 172523 173542

>ENSSCAT00000025753
0 3 170 173
3 1710 140863 142570
1710 1857 170714 170861
1857 1939 172151 172233
1939 2958 172523 173542

>ENSSCAT00000025754
0 54 94356 94410
54 1761 140863 142570
1761 1908 170714 170861
1908 1990 172151 172233
1990 3009 172523 173542

>ENSSCAT00000025757
0 102 106435 106537
102 1809 140863 142570
1809 1956 170714 170861
1956 2038 172151 172233
2038 3057 172523 173542

>ENSSCAT00000025759
0 102 106435 106537
102 1372 140863 142133
1372 1560 142382 142570
1560 1707 170714 170861
1707 1789 172151 172233
1789 2808 172523 173542

>ENSSCAT00000025762
0 1587 140983 142570
1587 1734 170714 170861
1734 1816 172151 172233
1816 2835 172523 173542

