>ENSCPGT00000021952
0 103 340 443
103 230 1099 1226
230 360 1310 1440
360 455 1522 1617
455 605 1760 1910
605 654 2234 2283

>ENSCPUT00000008044
0 353 3 356
353 483 440 570
483 578 653 748
578 728 891 1041
728 777 1362 1411

>ENSFALT00000011580
0 323 452 775
323 453 856 986
453 548 1122 1217
548 698 1302 1452
698 747 1601 1650

>ENSTGUT00000011520
0 41 62 103
41 171 203 333
171 266 405 500
266 416 583 733
416 465 886 935

>ENSZALT00000026776
0 88 190 278
88 218 743 873
218 348 959 1089
348 443 1168 1263
443 593 1343 1493
593 642 1662 1711

