>ENSSART00000000902
0 36 0 36
36 39 38 41
39 133 42 136
133 185 217 269
185 291 481 587

>ENSVVUT00000053214
0 653 0 653
653 797 916 1060
797 807 3304 3314

>ENSVVUT00000053215
0 653 0 653
653 663 3304 3314

>ENSTBET00000017130
0 145 0 145
145 200 223 278
200 306 462 568

>ENSTBET00000004653
0 102 0 102
102 142 104 144
142 197 221 276
197 204 456 463
204 210 465 471
210 219 473 482
219 237 484 502
237 243 504 510
243 258 512 527
258 273 529 544
273 279 546 552

>ENSDNOT00000037661
0 145 0 145
145 200 219 274
200 321 463 584

