>ENSSFOT00015032551
0 408 0 408
408 628 3163 3383
628 797 4238 4407
797 921 5028 5152
921 1037 5301 5417
1037 1252 5544 5759
1252 1361 5868 5977
1361 1568 6083 6290
1568 1680 10108 10220

>ENSSFOT00015032561
0 399 0 399
399 503 1010 1114
503 658 3228 3383
658 827 4238 4407
827 951 5028 5152
951 1067 5301 5417
1067 1282 5544 5759
1282 1391 5868 5977
1391 1598 6083 6290
1598 1713 6742 6857

>ENSSFOT00015032509
0 63 0 63
63 180 2005 2122
180 373 2173 2366
373 614 4040 4281
614 729 6022 6137
729 844 6568 6683
844 962 6856 6974
962 1177 7112 7327
1177 1286 7457 7566
1286 1566 7672 7952

>ENSPKIT00000018615
0 417 0 417
417 521 1456 1560
521 676 3539 3694
676 845 4586 4755
845 969 4876 5000
969 1085 5138 5254
1085 1300 5515 5730
1300 1409 5860 5969
1409 1616 6659 6866
1616 1680 6991 7055
1680 1692 19695 19707

>ENSPKIT00000018628
0 417 0 417
417 521 1456 1560
521 676 3539 3694
676 845 4586 4755
845 969 4876 5000
969 1085 5138 5254
1085 1300 5515 5730
1300 1409 5860 5969
1409 1616 6659 6866
1616 1737 6991 7112

