>ENSLOCT00000006480
0 8 91 99
8 99 1888 1979
99 211 3039 3151
211 358 3487 3634
358 808 4105 4555
808 1772 4579 5543
1772 1861 5925 6014
1861 2455 7245 7839
2455 12681 7872 18098

>ENSECRT00000029818
0 20 27 47
20 108 309 397
108 220 7363 7475
220 367 11002 11149
367 1808 11812 13253
1808 1897 18756 18845
1897 12777 24304 35184

>ENSCMIT00000010970
0 1415 1268 2683
1415 1501 2874 2960
1501 12537 3422 14458

>ENSCHAT00000047432
0 1910 0 1910
1910 1962 2745 2797

>ENSCHAT00000060006
0 273 0 273
273 1827 392 1946

>ENSCHAT00000047616
0 62 0 62
62 150 760 848
150 262 1003 1115
262 409 6694 6841
409 1841 6943 8375
1841 1930 8479 8568
1930 9975 8831 16876
9975 12549 17131 19705

>ENSCHAT00000047404
0 135 0 135
135 247 290 402
247 394 6379 6526
394 1832 6628 8066
1832 1944 8170 8282

>ENSCHAT00000060022
0 129 0 129
129 241 227 339
241 388 15084 15231
388 1783 15332 16727
1783 2592 17142 17951

>ENSCHAT00000060029
0 129 0 129
129 241 227 339
241 388 15084 15231
388 1826 15332 16770
1826 1938 16874 16986

>ENSCMIT00000012919
0 1537 0 1537
1537 1830 1996 2289

>ENSAMXT00000038429
0 32 0 32
32 120 142 230
120 232 581 693
232 379 2138 2285
379 1811 2645 4077
1811 1844 4222 4255
1844 5611 4879 8646
5611 9946 8683 13018
9946 12549 13258 15861

>ENSAMXT00000054147
0 2355 0 2355
2355 2421 2751 2817

>ENSAMXT00000032942
0 111 0 111
111 223 733 845
223 370 1878 2025
370 1802 2345 3777
1802 1857 6096 6151

