>Y39B6A.30.1
0 28 64 92
28 109 140 221
109 2567 688 3146
2567 3320 3325 4078
3320 3444 4127 4251
3444 3698 4431 4685
3698 3816 4731 4849
3816 4227 5018 5429

>Y80D3A.8.1
0 28 0 28
28 109 75 156
109 2540 567 2998
2540 3041 3116 3617
3041 3165 3665 3789
3165 3401 4015 4251
3401 3519 4294 4412
3519 3828 5956 6265

>Y113G7C.1.1
0 28 95 123
28 106 172 250
106 289 301 484
289 385 596 692
385 508 740 863
508 2957 1887 4336
2957 3596 4383 5022
3596 3956 5071 5431
3956 4074 5474 5592
4074 4485 5814 6225

>Y69A2AR.19a.1
0 40 30 70
40 106 124 190
106 253 408 555
253 400 790 937
400 493 1169 1262
493 2804 1310 3621
2804 3065 3673 3934
3065 3204 3986 4125
3204 3440 4336 4572
3440 3765 4623 4948
3765 4017 4992 5244

>Y69A2AR.19b.1
0 40 30 70
40 106 124 190
106 253 408 555
253 379 811 937
379 472 1169 1262
472 2783 1310 3621
2783 3044 3673 3934
3044 3183 3986 4125
3183 3419 4336 4572
3419 3744 4623 4948
3744 3996 4992 5244

>F54F12.1.1
0 2225 1400 3625
2225 2476 3672 3923
2476 2651 4157 4332
2651 2766 4381 4496
2766 2914 4543 4691
2914 3071 4739 4896
3071 3304 5240 5473
3304 3654 5519 5869

>K09F6.3.1
0 34 33 67
34 103 166 235
103 163 283 343
163 2531 1105 3473
2531 2872 3518 3859
2872 2910 3909 3947
2910 3050 3989 4129
3050 3373 4177 4500
3373 3515 4548 4690
3515 3685 4733 4903
3685 3855 5388 5558
3855 4176 5607 5928

>Y48G1C.5.1
0 4 45 49
4 73 94 163
73 133 210 270
133 334 1092 1293
334 1150 2015 2831
1150 2342 3830 5022
2342 2711 6441 6810
2711 2893 7013 7195
2893 3044 7379 7530
3044 3214 7773 7943
3214 3372 8019 8177
3372 3486 8616 8730

