>FBtr0308575
0 276 758 1034
276 647 1249 1620
647 1286 1686 2325
1286 1557 2382 2653

>FBtr0081104
0 276 758 1034
276 647 1249 1620
647 1286 1686 2325
1286 1557 2382 2653

>FBtr0308574
0 276 758 1034
276 647 1249 1620
647 1286 1686 2325
1286 1557 2382 2653

>FBtr0343833
0 276 758 1034
276 647 1249 1620
647 1286 1686 2325
1286 1557 2382 2653

>FBtr0081107
0 258 232 490
258 635 740 1117
635 1551 1176 2092

>FBtr0081108
0 258 232 490
258 635 740 1117
635 1551 1176 2092

>FBtr0081106
0 258 232 490
258 635 740 1117
635 1551 1176 2092

>FBtr0081105
0 258 232 490
258 635 740 1117
635 1551 1176 2092

>FBtr0300818
0 255 912 1167
255 638 1226 1609
638 837 1672 1871
837 1286 2379 2828
1286 1575 2913 3202

>FBtr0339571
0 1105 189 1294
1105 1322 1412 1629
1322 1611 1685 1974

>FBtr0077532
0 1105 189 1294
1105 1322 1412 1629
1322 1611 1685 1974

