>ENSHHUT00000027613
0 156 175 331
156 285 910 1039

>ENSHHUT00000007044
0 125 45 170
125 252 2600 2727
252 381 3266 3395

>ENSAOCT00000003929
0 1425 2737 4162
1425 1592 4387 4554
1592 1719 4649 4776
1719 1776 5743 5800
1776 1899 7441 7564
1899 2004 7672 7777

>ENSAPET00000002230
0 1416 3776 5192
1416 1583 5417 5584
1583 1710 5679 5806
1710 1767 6773 6830
1767 1890 8199 8322
1890 1995 8430 8535

>ENSAPOT00000012067
0 1413 4139 5552
1413 1580 5789 5956
1580 1707 6163 6290
1707 1764 7113 7170
1764 1887 8903 9026
1887 1992 9514 9619

>ENSPRNT00000032547
0 1335 1420 2755
1335 1487 2867 3019
1487 1614 3123 3250
1614 1671 3406 3463
1671 1803 3619 3751

>ENSPRNT00000032549
0 1335 1420 2755
1335 1487 2867 3019
1487 1614 3123 3250
1614 1671 3406 3463
1671 1788 3619 3736
1788 1893 3819 3924

>ENSPMET00000006408
0 1128 3810 4938
1128 1295 5025 5192
1295 1422 6513 6640
1422 1479 6728 6785
1479 1596 7461 7578
1596 1686 7650 7740

>ENSFHET00000000168
0 1224 3683 4907
1224 1397 4982 5155
1397 1524 6319 6446
1524 1581 6537 6594
1581 1674 6705 6798
1674 1732 6874 6932
1732 1923 7030 7221

