>ENSEBUT00000001097
0 117 11077 11194
117 380 12602 12865
380 549 14803 14972
549 705 15586 15742
705 858 21213 21366
858 1041 30941 31124
1041 1179 41168 41306
1179 1365 41738 41924
1365 1488 44844 44967
1488 1671 45703 45886
1671 1749 47529 47607
1749 1872 47786 47909
1872 2037 62655 62820
2037 2148 68253 68364
2148 2264 68850 68966
2264 2436 70063 70235
2436 2556 70700 70820
2556 2709 74927 75080
2709 2919 75184 75394
2919 3021 75581 75683
3021 3141 75882 76002
3141 3336 78842 79037
3336 3510 83827 84001
3510 3642 84220 84352
3642 3839 84522 84719
3839 3966 87024 87151

