>ENSCHAT00000031166
0 165 568 733
165 272 1749 1856
272 337 5288 5353
337 405 16824 16892
405 511 17511 17617
511 606 18075 18170
606 718 19501 19613
718 813 19750 19845
813 957 20150 20294
957 1328 20633 21004
1328 1439 25541 25652
1439 1529 27394 27484
1529 1580 28872 28923
1580 1747 30194 30361
1747 1861 32190 32304
1861 2778 33505 34422
2778 2934 34618 34774
2934 3117 36453 36636
3117 3237 37028 37148
3237 3399 37982 38144
3399 3590 38788 38979
3590 3783 39235 39428
3783 3949 39712 39878
3949 4114 40038 40203
4114 4194 40995 41075

>ENSCHAT00000031195
0 165 568 733
165 272 1749 1856
272 337 5288 5353
337 405 16824 16892
405 511 17511 17617
511 606 18075 18170
606 718 19501 19613
718 813 19750 19845
813 957 20150 20294
957 1328 20633 21004
1328 1439 25541 25652
1439 1529 27394 27484
1529 1696 30194 30361
1696 1810 32190 32304
1810 2727 33505 34422
2727 2883 34618 34774
2883 3066 36453 36636
3066 3186 37028 37148
3186 3348 37982 38144
3348 3539 38788 38979
3539 3732 39235 39428
3732 3898 39712 39878
3898 4063 40038 40203
4063 4143 40995 41075

>ENSCHAT00000031251
0 165 568 733
165 272 1749 1856
272 337 5288 5353
337 405 16824 16892
405 511 17511 17617
511 606 18075 18170
606 718 19501 19613
718 813 19750 19845
813 957 20150 20294
957 1328 20633 21004
1328 1418 27394 27484
1418 1469 28872 28923
1469 1636 30194 30361
1636 1750 32190 32304
1750 2667 33505 34422
2667 2823 34618 34774
2823 3006 36453 36636
3006 3126 37028 37148
3126 3288 37982 38144
3288 3479 38788 38979
3479 3672 39235 39428
3672 3838 39712 39878
3838 4003 40038 40203
4003 4083 40995 41075

>ENSCHAT00000031488
0 165 568 733
165 189 1749 1773
189 288 16793 16892
288 394 17511 17617
394 489 18075 18170
489 601 19501 19613
601 696 19750 19845
696 840 20150 20294
840 1162 20633 20955
1162 1242 21009 21089
1242 1541 33519 33818
1541 2116 33851 34426
2116 2247 34643 34774
2247 2430 36453 36636
2430 2550 37028 37148
2550 2712 37982 38144
2712 2903 38788 38979
2903 3096 39235 39428
3096 3262 39712 39878
3262 3427 40038 40203
3427 3507 40995 41075

>ENSCHAT00000031666
0 165 568 733
165 272 1749 1856
272 337 5288 5353
337 405 16824 16892
405 511 17511 17617
511 606 18075 18170
606 718 19501 19613
718 813 19750 19845
813 957 20150 20294
957 1301 20633 20977
1301 1938 33785 34422
1938 2094 34618 34774
2094 2277 36453 36636
2277 2397 37028 37148
2397 2559 37982 38144
2559 2750 38788 38979
2750 2992 39235 39477
2992 3279 39981 40268

>ENSCHAT00000031794
0 165 568 733
165 272 1749 1856
272 337 5288 5353
337 405 16824 16892
405 511 17511 17617
511 606 18075 18170
606 718 19501 19613
718 813 19750 19845
813 994 20150 20331
994 1902 33505 34413
1902 2058 34618 34774
2058 2241 36453 36636
2241 2361 37028 37148
2361 2523 37982 38144
2523 2714 38788 38979
2714 2962 39235 39483
2962 3270 39960 40268

>ENSDCDT00000071556
0 165 137 302
165 272 2618 2725
272 337 5499 5564
337 405 15079 15147
405 511 15544 15650
511 606 16010 16105
606 718 16600 16712
718 813 16791 16886
813 957 16973 17117
957 1316 17529 17888
1316 1427 19901 20012
1427 1517 20842 20932
1517 1541 21440 21464
1541 1592 22039 22090
1592 1720 23134 23262
1720 1840 24035 24155
1840 2763 25044 25967
2763 2919 26351 26507
2919 3102 26599 26782
3102 3222 26893 27013
3222 3384 27227 27389
3384 3575 27525 27716
3575 3768 27914 28107
3768 3928 28468 28628
3928 4087 28734 28893
4087 4167 29794 29874

>ENSDCDT00000071563
0 165 137 302
165 272 2618 2725
272 337 5499 5564
337 405 15079 15147
405 511 15544 15650
511 606 16010 16105
606 718 16600 16712
718 813 16791 16886
813 957 16973 17117
957 1316 17529 17888
1316 1427 19901 20012
1427 1517 20842 20932
1517 1568 22039 22090
1568 1696 23134 23262
1696 1816 24035 24155
1816 2739 25044 25967
2739 2895 26351 26507
2895 3078 26599 26782
3078 3198 26893 27013
3198 3360 27227 27389
3360 3551 27525 27716
3551 3744 27914 28107
3744 3904 28468 28628
3904 4063 28734 28893
4063 4143 29794 29874

>ENSDCDT00000071566
0 165 137 302
165 272 2618 2725
272 337 5499 5564
337 405 15079 15147
405 511 15544 15650
511 606 16010 16105
606 718 16600 16712
718 813 16791 16886
813 957 16973 17117
957 1316 17529 17888
1316 1427 19901 20012
1427 1517 20842 20932
1517 1645 23134 23262
1645 1765 24035 24155
1765 2688 25044 25967
2688 2844 26351 26507
2844 3027 26599 26782
3027 3147 26893 27013
3147 3309 27227 27389
3309 3500 27525 27716
3500 3693 27914 28107
3693 3853 28468 28628
3853 4012 28734 28893
4012 4092 29794 29874

>ENSDCDT00000071572
0 165 137 302
165 272 2618 2725
272 337 5499 5564
337 405 15079 15147
405 511 15544 15650
511 606 16010 16105
606 718 16600 16712
718 813 16791 16886
813 957 16973 17117
957 1316 17529 17888
1316 1406 20842 20932
1406 1430 21440 21464
1430 1481 22039 22090
1481 1609 23134 23262
1609 1729 24035 24155
1729 2652 25044 25967
2652 2808 26351 26507
2808 2991 26599 26782
2991 3111 26893 27013
3111 3273 27227 27389
3273 3464 27525 27716
3464 3657 27914 28107
3657 3817 28468 28628
3817 3976 28734 28893
3976 4056 29794 29874

>ENSDCDT00000071577
0 165 137 302
165 272 2618 2725
272 337 5499 5564
337 405 15079 15147
405 511 15544 15650
511 606 16010 16105
606 718 16600 16712
718 813 16791 16886
813 957 16973 17117
957 1316 17529 17888
1316 1828 25054 25566
1828 2187 25608 25967
2187 2343 26351 26507
2343 2526 26599 26782
2526 2646 26893 27013
2646 2808 27227 27389
2808 2999 27525 27716
2999 3192 27914 28107
3192 3364 28468 28640
3364 3517 28740 28893
3517 3597 29794 29874

>ENSDCDT00000071579
0 13 14291 14304
13 114 15046 15147
114 220 15544 15650
220 315 16010 16105
315 427 16600 16712
427 522 16791 16886
522 666 16973 17117
666 1025 17529 17888
1025 1361 25312 25648
1361 1572 25747 25958
1572 1716 26363 26507
1716 1899 26599 26782
1899 2019 26893 27013
2019 2175 27233 27389
2175 2366 27525 27716
2366 2559 27914 28107
2559 2639 28468 28548
2639 2863 28669 28893
2863 2943 29794 29874

