>FBtr0110925
0 55 30326 30381
55 133 37036 37114
133 325 62538 62730
325 364 72291 72330
364 582 77578 77796
582 674 78900 78992
674 849 82314 82489
849 1111 82609 82871
1111 1324 84262 84475
1324 1504 84561 84741
1504 1566 91751 91813

>FBtr0110921
0 55 30326 30381
55 133 37036 37114
133 325 62538 62730
325 364 72291 72330
364 582 77578 77796
582 674 78900 78992
674 849 82314 82489
849 1111 82609 82871
1111 1324 84262 84475
1324 1504 84561 84741
1504 1566 91751 91813

>FBtr0301948
0 55 30326 30381
55 133 37036 37114
133 325 62538 62730
325 364 72291 72330
364 582 77578 77796
582 674 78900 78992
674 849 82314 82489
849 1111 82609 82871
1111 1324 84262 84475
1324 1504 84561 84741
1504 1566 91751 91813

>FBtr0073131
0 55 1023 1078
55 133 37036 37114
133 325 62538 62730
325 364 72291 72330
364 582 77578 77796
582 674 78900 78992
674 849 82314 82489
849 1111 82609 82871
1111 1324 84262 84475
1324 1504 84561 84741
1504 1566 91751 91813

>FBtr0073135
0 55 30326 30381
55 133 37036 37114
133 325 62538 62730
325 543 77578 77796
543 635 78900 78992
635 810 82314 82489
810 1072 82609 82871
1072 1285 84262 84475
1285 1465 84561 84741
1465 1527 91751 91813

>FBtr0110923
0 55 30326 30381
55 133 37036 37114
133 325 62538 62730
325 364 72291 72330
364 582 77578 77796
582 674 78900 78992
674 849 82314 82489
849 1111 82609 82871
1111 1324 84262 84475
1324 1504 84561 84741
1504 1566 91751 91813

>FBtr0110924
0 55 30326 30381
55 133 37036 37114
133 325 62538 62730
325 543 77578 77796
543 635 78900 78992
635 810 82314 82489
810 1072 82609 82871
1072 1285 84262 84475
1285 1465 84561 84741
1465 1527 91751 91813

>FBtr0110922
0 70 37044 37114
70 262 62538 62730
262 301 72291 72330
301 519 77578 77796
519 611 78900 78992
611 786 82314 82489
786 1048 82609 82871
1048 1261 84262 84475
1261 1441 84561 84741
1441 1503 91751 91813

>FBtr0073132
0 55 1023 1078
55 133 37036 37114
133 325 62538 62730
325 364 72291 72330
364 582 77578 77796
582 674 78900 78992
674 849 82314 82489
849 1111 82609 82871
1111 1324 84262 84475
1324 1504 84561 84741
1504 1566 91751 91813

>FBtr0330068
0 55 1023 1078
55 133 37036 37114
133 325 62538 62730
325 364 72291 72330
364 582 77578 77796
582 674 78900 78992
674 849 82314 82489
849 1111 82609 82871
1111 1324 84262 84475
1324 1504 84561 84741
1504 1614 91751 91861

>FBtr0073134
0 55 30326 30381
55 133 37036 37114
133 325 62538 62730
325 543 77578 77796
543 635 78900 78992
635 810 82314 82489
810 1072 82609 82871
1072 1285 84262 84475
1285 1465 84561 84741
1465 1527 91751 91813

>FBtr0110920
0 55 1023 1078
55 133 37036 37114
133 325 62538 62730
325 543 77578 77796
543 635 78900 78992
635 810 82314 82489
810 1072 82609 82871
1072 1285 84262 84475
1285 1465 84561 84741
1465 1527 91751 91813

>FBtr0302598
0 55 1023 1078
55 133 37036 37114
133 325 62538 62730
325 543 77578 77796
543 635 78900 78992
635 810 82314 82489
810 1072 82609 82871
1072 1285 84262 84475
1285 1465 84561 84741
1465 1527 91751 91813

>FBtr0073133
0 55 30326 30381
55 133 37036 37114
133 325 62538 62730
325 543 77578 77796
543 635 78900 78992
635 810 82314 82489
810 1072 82609 82871
1072 1285 84262 84475
1285 1465 84561 84741
1465 1527 91751 91813

>ZC123.4a.1
0 150 18 168
150 210 621 681
210 280 764 834
280 428 1002 1150
428 707 2424 2703
707 1007 2751 3051
1007 1190 3666 3849
1190 1335 3902 4047
1335 1464 4089 4218
1464 1605 4787 4928

>ZC123.4b.1
0 150 18 168
150 210 621 681
210 280 764 834
280 428 1002 1150
428 1055 2424 3051
1055 1238 3666 3849
1238 1383 3902 4047
1383 1611 4089 4317

>ZC123.4c.1
0 587 2464 3051
587 770 3666 3849
770 915 3902 4047
915 1044 4089 4218
1044 1185 4787 4928

