>Y51H4A.5.1
0 92 10 102
92 147 686 741
147 269 931 1053
269 449 1377 1557
449 839 2320 2710
839 990 3399 3550

>C39B5.14.1
0 92 121 213
92 147 838 893
147 269 1134 1256
269 449 1887 2067
449 839 2690 3080
839 990 5525 5676

>C39B5.14.2
0 92 121 213
92 147 838 893
147 269 1134 1256
269 449 1887 2067
449 839 2690 3080
839 990 5525 5676

>Y49E10.18.1
0 98 44 142
98 153 445 500
153 275 755 877
275 455 1152 1332
455 845 2164 2554
845 1008 3309 3472

>Y49E10.16a.1
0 83 90 173
83 138 450 505
138 260 606 728
260 325 772 837
325 440 1209 1324
440 827 1794 2181
827 984 3175 3332

>Y49E10.16b.1
0 110 1214 1324
110 497 1794 2181
497 654 3175 3332

>Y54G2A.45a.1
0 89 34 123
89 144 171 226
144 266 271 393
266 340 931 1005
340 588 1056 1304
588 741 1694 1847
741 851 2016 2126
851 1014 2986 3149

>Y54G2A.45a.2
0 89 34 123
89 144 171 226
144 266 271 393
266 340 931 1005
340 588 1056 1304
588 741 1694 1847
741 851 2016 2126
851 1014 2986 3149

>Y54G2A.45b.1
0 234 1070 1304
234 387 1694 1847
387 497 2016 2126
497 660 2986 3149

>Y54G2A.45c.1
0 26 2100 2126
26 189 2986 3149

>K03H6.2a.1
0 92 18 110
92 147 164 219
147 269 2081 2203
269 343 2358 2432
343 591 3003 3251
591 744 3624 3777
744 854 3823 3933
854 1020 4489 4655

>K03H6.2b.1
0 69 3708 3777
69 179 3823 3933
179 345 4489 4655

>K03H6.2c.1
0 92 18 110
92 147 164 219
147 300 2081 2234

>Y49E10.25.1
0 168 0 168
168 290 665 787
290 355 1088 1153
355 554 1407 1606
554 690 1976 2112
690 1101 2995 3406

