>ENSCINT00000020208
0 109 52 161
109 313 571 775
313 512 1142 1341
512 633 1483 1604
633 726 1662 1755
726 849 2271 2394
849 870 2560 2581

>ENSSFOT00015007548
0 192 1408 1600
192 411 2015 2234
411 511 3426 3526
511 627 4687 4803
627 800 6928 7101
800 1053 7242 7495
1053 1202 8737 8886
1202 1323 9411 9532
1323 1435 10491 10603
1435 1539 12417 12521
1539 1709 12656 12826
1709 1936 14524 14751
1936 2748 15386 16198

>ENSPKIT00000011203
0 192 1314 1506
192 414 1805 2027
414 514 2365 2465
514 630 3554 3670
630 803 4235 4408
803 1056 4805 5058
1056 1205 7387 7536
1205 1326 7830 7951
1326 1438 8438 8550
1438 1542 9365 9469
1542 1712 9602 9772
1712 1939 10231 10458
1939 2742 10696 11499

>ENSEEET00000016264
0 189 893 1082
189 408 1495 1714
408 508 4270 4370
508 624 6169 6285
624 797 7332 7505
797 1050 8612 8865
1050 1187 11276 11413
1187 1308 11629 11750
1308 1420 11897 12009
1420 1524 12589 12693
1524 1694 13809 13979
1694 1921 14641 14868
1921 2799 15674 16552

>ENSEEET00000016265
0 189 893 1082
189 408 1495 1714
408 508 4270 4370
508 624 6169 6285
624 797 7332 7505
797 1050 8612 8865
1050 1187 11276 11413
1187 1308 11629 11750
1308 1420 11897 12009
1420 1524 12589 12693
1524 1694 13809 13979
1694 1921 14641 14868
1921 2506 15674 16259
2506 2692 16355 16541
2692 2766 17251 17325

>ENSEEET00000016266
0 189 893 1082
189 408 1495 1714
408 508 4270 4370
508 624 6169 6285
624 797 7332 7505
797 1050 8612 8865
1050 1199 11276 11425
1199 1320 11629 11750
1320 1432 11897 12009
1432 1536 12589 12693
1536 1706 13809 13979
1706 1933 14641 14868
1933 2661 15674 16402
2661 2775 16438 16552

>ENSEEET00000016267
0 189 893 1082
189 408 1495 1714
408 508 4270 4370
508 624 6169 6285
624 797 7332 7505
797 1050 8612 8865
1050 1183 11276 11409
1183 1211 11523 11551
1211 1254 11641 11684
1254 1366 11897 12009
1366 1470 12589 12693
1470 1640 13809 13979
1640 1867 14641 14868
1867 2452 15674 16259
2452 2667 16337 16552

>ENSIPUT00000020530
0 189 3058 3247
189 408 3624 3843
408 508 12886 12986
508 624 14694 14810
624 797 15768 15941
797 1050 21940 22193
1050 1199 30085 30234
1199 1320 31832 31953
1320 1432 33851 33963
1432 1536 34676 34780
1536 1706 36818 36988
1706 1933 38238 38465
1933 2748 40855 41670

>ENSIPUT00000020555
0 189 3058 3247
189 289 12886 12986
289 405 14694 14810
405 578 15768 15941
578 831 21940 22193
831 971 30085 30225
971 1092 31832 31953
1092 1204 33851 33963
1204 1308 34676 34780
1308 1478 36818 36988
1478 1705 38238 38465
1705 2520 40855 41670

