>ENSLOCT00000021468
0 837 62 899

>ENSLOCT00000003248
0 213 0 213
213 330 224 341
330 981 345 996
981 1485 997 1501

>ENSDCDT00000022061
0 3753 0 3753

>ENSDCDT00000037206
0 137 0 137
137 765 263 891
765 1694 951 1880
1694 3591 16950 18847
3591 3630 19108 19147

>ENSDCDT00000041867
0 682 0 682
682 787 786 891
787 3528 1011 3752

>ENSDCDT00000052088
0 485 0 485
485 781 525 821
781 1284 1426 1929
1284 2033 1959 2708
2033 2053 4741 4761
2053 2775 4905 5627

>ENSXCOT00000017591
0 629 0 629
629 3423 743 3537

>ENSHCOT00000004898
0 1072 0 1072
1072 1106 1154 1188
1106 1684 1249 1827
1684 1962 1881 2159
1962 2512 5119 5669
2512 2522 5780 5790
2522 2532 5820 5830
2532 2769 5947 6184
2769 2856 18476 18563

>ENSHCOT00000020934
0 3555 0 3555

>ENSFHET00000012852
0 268 0 268
268 673 340 745
673 2217 857 2401
2217 2367 2492 2642
2367 3036 2686 3355

>ENSFHET00000005940
0 9 0 9
9 19 45 55
19 30 97 108
30 2907 625 3502
2907 2955 3570 3618
2955 3051 3684 3780

>ENSFHET00000012829
0 654 0 654
654 1002 1115 1463
1002 1979 1547 2524
1979 3063 2574 3658
3063 3138 5935 6010

>ENSFHET00000029614
0 92 0 92
92 3204 148 3260

>ENSCVAT00000010804
0 963 0 963
963 2394 996 2427
2394 3018 2490 3114

>ENSPRET00000008528
0 57 0 57
57 3276 322 3541

>ENSPRET00000008048
0 3465 0 3465

>ENSPRET00000018621
0 3355 0 3355
3355 3363 3389 3397

>ENSPMET00000004859
0 1064 0 1064
1064 1261 1922 2119
1261 1490 2195 2424
1490 3012 2473 3995

>ENSPLAT00000031951
0 1624 0 1624
1624 1971 1656 2003
1971 2433 2034 2496

>ENSPLAT00000027861
0 3144 0 3144
3144 3168 3247 3271

>ENSPLAT00000001745
0 3108 0 3108
3108 3183 5281 5356

>ENSPLAT00000001731
0 1201 0 1201
1201 2160 1256 2215
2160 2901 2262 3003

>ENSPMET00000012600
0 503 0 503
503 2334 536 2367
2334 3075 2401 3142

>ENSXCOT00000011884
0 159 0 159
159 2658 2184 4683

>ENSXMAT00000032736
0 192 0 192
192 614 1617 2039
614 2048 7528 8962
2048 2839 9010 9801
2839 3153 9835 10149

>ENSPMGT00000001892
0 994 0 994
994 1012 1144 1162
1012 2216 1321 2525
2216 2259 2659 2702
2259 2796 2884 3421

