>T28B4.1a.1
0 141 4690 4831
141 204 4926 4989
204 306 5035 5137
306 457 5184 5335
457 619 5381 5543
619 886 5809 6076
886 1256 6760 7130
1256 1415 7692 7851
1415 1608 7906 8099

>T28B4.1b.1
0 90 2413 2503
90 153 4926 4989
153 255 5035 5137
255 406 5184 5335
406 568 5381 5543
568 835 5809 6076
835 1205 6760 7130
1205 1364 7692 7851
1364 1557 7906 8099

>T28B4.1c.1
0 39 936 975
39 192 1924 2077
192 255 4926 4989
255 357 5035 5137
357 508 5184 5335
508 670 5381 5543
670 937 5809 6076
937 1307 6760 7130
1307 1466 7692 7851
1466 1659 7906 8099

>T28B4.1c.2
0 39 936 975
39 192 1924 2077
192 255 4926 4989
255 357 5035 5137
357 508 5184 5335
508 670 5381 5543
670 937 5809 6076
937 1307 6760 7130
1307 1466 7692 7851
1466 1659 7906 8099

>FBtr0085428
0 96 1896 1992
96 421 2218 2543
421 1040 2605 3224
1040 1208 3282 3450
1208 1412 3518 3722
1412 1545 3781 3914

>FBtr0333187
0 84 936 1020
84 409 2218 2543
409 1028 2605 3224
1028 1196 3282 3450
1196 1400 3518 3722
1400 1533 3781 3914

>FBtr0085427
0 84 936 1020
84 409 2218 2543
409 1028 2605 3224
1028 1196 3282 3450
1196 1400 3518 3722
1400 1533 3781 3914

