>ENSEBUT00000013274
0 498 19 517
498 834 1948 2284

>ENSCINT00000026999
0 78 85 163
78 292 635 849
292 467 1101 1276
467 581 1658 1772
581 609 2157 2185

>ENSCGOT00000019578
0 151 0 151
151 385 868 1102
385 457 4653 4725
457 812 6325 6680
812 922 7810 7920
922 1098 10121 10297
1098 1392 10561 10855

>ENSCGOT00000019615
0 10 163 173
10 316 796 1102
316 390 4656 4730
390 716 6354 6680
716 826 7810 7920
826 980 10121 10275
980 1203 10632 10855

>ENSCGOT00000019628
0 10 321 331
10 331 796 1117
331 704 6307 6680
704 814 7810 7920
814 968 10121 10275
968 1071 10752 10855

>ENSCGOT00000019660
0 331 771 1102
331 403 4653 4725
403 758 6325 6680
758 868 7810 7920
868 976 10121 10229
976 1122 10856 11002

>ENSCGOT00000019668
0 346 771 1117
346 701 6325 6680
701 811 7810 7920
811 950 10121 10260
950 1221 10584 10855

>FBtr0083933
0 252 13732 13984
252 489 14246 14483
489 1012 15720 16243
1012 1911 20729 21628

>FBtr0083934
0 252 13732 13984
252 489 14246 14483
489 1012 15720 16243
1012 1935 23470 24393

>FBtr0330712
0 252 13732 13984
252 489 14246 14483
489 1012 15720 16243
1012 2046 20729 21763

>FBtr0346759
0 252 13732 13984
252 489 14246 14483
489 1012 15720 16243
1012 2142 23470 24600

>FBtr0330713
0 252 13732 13984
252 489 14246 14483
489 1012 15720 16243
1012 1935 23470 24393

>FBtr0110936
0 252 13732 13984
252 489 14246 14483
489 1012 15720 16243
1012 2253 23470 24711

>K02F2.6.1
0 106 101 207
106 470 254 618
470 923 665 1118
923 1136 1273 1486
1136 1461 1538 1863
1461 1683 1911 2133
1683 1833 2181 2331

>Y22D7AR.13.1
0 150 13 163
150 300 398 548
300 593 3672 3965
593 642 5006 5055
642 900 7207 7465
900 1123 8280 8503
1123 1228 9469 9574
1228 1338 9627 9737

>Y22D7AR.13.2
0 150 13 163
150 300 398 548
300 593 3672 3965
593 642 5006 5055
642 900 7207 7465
900 1123 8280 8503
1123 1228 9469 9574
1228 1338 9627 9737

