>ENSCSAVT00000006316
0 58 62 120
58 117 3314 3373
117 249 3446 3578
249 378 3651 3780
378 468 5974 6064
468 613 6120 6265
613 849 6603 6839
849 1044 6903 7098

>ENSCINT00000005492
0 58 50 108
58 117 755 814
117 249 977 1109
249 378 1561 1690
378 468 1809 1899
468 613 3521 3666
613 849 4040 4276
849 1047 4410 4608

>ENSCINT00000036415
0 174 374 548
174 307 960 1093
307 344 1408 1445
344 399 1707 1762
399 507 2184 2292
507 605 2847 2945
605 738 3294 3427
738 871 3796 3929
871 914 4251 4294
914 1185 4673 4944
1185 1266 5602 5683
1266 1422 5964 6120
1422 1570 6581 6729
1570 1644 7392 7466

>FBtr0073720
0 59 338 397
59 450 467 858
450 583 944 1077
583 786 1139 1342
786 1002 2015 2231

>R03G5.2.1
0 13 84 97
13 104 156 247
104 237 354 487
237 621 1606 1990
621 872 2141 2392
872 984 2454 2566
984 1011 3317 3344

>R03G5.2.2
0 13 84 97
13 104 156 247
104 237 354 487
237 621 1606 1990
621 872 2141 2392
872 984 2454 2566
984 1011 3317 3344

