>FBtr0332206
0 22 497 519
22 334 1892 2204
334 477 2369 2512
477 660 2891 3074
660 769 3146 3255
769 1073 3345 3649
1073 1290 3711 3928
1290 1455 3998 4163
1455 1848 4232 4625

>FBtr0332207
0 22 497 519
22 334 1892 2204
334 477 2369 2512
477 660 2891 3074
660 1163 3146 3649
1163 1380 3711 3928
1380 1545 3998 4163
1545 1938 4232 4625

>F13E6.2.1
0 63 78 141
63 193 1050 1180
193 332 1669 1808
332 447 1962 2077
447 526 2244 2323
526 691 2369 2534
691 822 2582 2713
822 993 2781 2952
993 1230 2993 3230
1230 1369 3794 3933
1369 1432 3983 4046
1432 1558 4310 4436
1558 1615 4712 4769
1615 1731 4812 4928
1731 1848 4975 5092
1848 1942 5348 5442
1942 2040 5485 5583
2040 2116 5817 5893
2116 2190 5940 6014

