>ENSPSMT00000013055
0 66 0 66
66 160 152 246
160 302 395 537
302 415 626 739
415 543 1290 1418
543 754 1970 2181
754 894 2265 2405
894 1011 2646 2763
1011 1179 2911 3079
1179 1409 3269 3499
1409 1586 3851 4028
1586 1809 4740 4963
1809 2031 5093 5315
2031 2233 5391 5593
2233 2344 5803 5914
2344 2516 6182 6354
2516 2648 6622 6754
2648 2788 6845 6985
2788 2926 7175 7313
2926 3111 7479 7664
3111 3181 7747 7817
3181 3391 8127 8337
3391 3424 8556 8589
3424 3529 8744 8849
3529 3684 8931 9086
3684 3809 9327 9452
3809 3908 9535 9634
3908 4136 9877 10105
4136 4169 10338 10371
4169 4347 10499 10677
4347 4517 10766 10936
4517 4695 11314 11492
4695 4811 11723 11839
4811 4956 12127 12272
4956 5080 12359 12483
5080 5210 13227 13357
5210 5232 13555 13577
5232 5295 13631 13694
5295 5402 14638 14745
5402 5544 14999 15141
5544 5679 15552 15687
5679 5783 15767 15871
5783 5876 16195 16288
5876 6117 16850 17091
6117 6267 17181 17331

>ENSPCOT00000039117
0 66 0 66
66 160 152 246
160 302 396 538
302 415 627 740
415 492 884 961
492 573 1336 1417
573 784 1949 2160
784 924 2243 2383
924 1041 2623 2740
1041 1209 2892 3060
1209 1439 3283 3513
1439 1616 3861 4038
1616 1839 4399 4622
1839 2061 4746 4968
2061 2263 5042 5244
2263 2321 5476 5534
2321 2354 5660 5693
2354 2374 5726 5746
2374 2409 5764 5799
2409 2567 5838 5996
2567 2699 6265 6397
2699 2839 6500 6640
2839 2977 6830 6968
2977 3162 7138 7323
3162 3232 7413 7483
3232 3487 7798 8053
3487 3547 8545 8605
3547 3682 8676 8811
3682 3827 9042 9187
3827 3916 9269 9358
3916 4180 9568 9832
4180 4389 10209 10418
4389 4559 10507 10677
4559 4737 11056 11234
4737 4853 11464 11580
4853 4998 11863 12008
4998 5161 12095 12258
5161 5325 14310 14474
5325 5460 14840 14975
5460 5564 15055 15159
5564 5657 15444 15537
5657 5898 16092 16333
5898 6048 16422 16572

>ENSPCOT00000039118
0 25 1245 1270
25 153 1289 1417
153 364 1949 2160
364 504 2243 2383
504 621 2623 2740
621 789 2892 3060
789 1019 3283 3513
1019 1196 3861 4038
1196 1419 4399 4622
1419 1641 4746 4968
1641 1843 5042 5244
1843 1901 5476 5534
1901 1934 5660 5693
1934 1954 5726 5746
1954 1989 5764 5799
1989 2147 5838 5996
2147 2279 6265 6397
2279 2419 6500 6640
2419 2557 6830 6968
2557 2742 7138 7323
2742 2812 7413 7483
2812 3067 7798 8053
3067 3127 8545 8605
3127 3262 8676 8811
3262 3407 9042 9187
3407 3496 9269 9358
3496 3760 9568 9832
3760 3969 10209 10418
3969 4139 10507 10677
4139 4317 11056 11234
4317 4433 11464 11580
4433 4578 11863 12008
4578 4741 12095 12258
4741 5070 14646 14975
5070 5174 15055 15159
5174 5267 15444 15537
5267 5508 16092 16333
5508 5658 16422 16572

>ENSMICT00000013051
0 66 0 66
66 160 152 246
160 302 384 526
302 429 615 742
429 449 1378 1398
449 646 1880 2077
646 861 2146 2361
861 978 2581 2698
978 1146 2807 2975
1146 1376 3200 3430
1376 1553 3779 3956
1553 1776 4197 4420
1776 1998 4535 4757
1998 2200 4833 5035
2200 2311 5286 5397
2311 2483 5643 5815
2483 2615 6086 6218
2615 2755 6320 6460
2755 2893 6646 6784
2893 3078 6954 7139
3078 3130 7222 7274
3130 3168 7546 7584
3168 3362 7611 7805
3362 3394 8028 8060
3394 3499 8305 8410
3499 3651 8487 8639
3651 3776 8879 9004
3776 3871 9087 9182
3871 4142 9384 9655
4142 4175 9911 9944
4175 4353 10074 10252
4353 4523 10340 10510
4523 4701 10886 11064
4701 4817 11282 11398
4817 4962 12036 12181
4962 5086 12268 12392
5086 5216 12774 12904
5216 5337 12977 13098
5337 5400 13178 13241
5400 5507 14109 14216
5507 5649 14482 14624
5649 5784 15029 15164
5784 5888 15244 15348
5888 5981 15694 15787
5981 6222 16365 16606
6222 6369 16693 16840

>ENSMICT00000060120
0 25 1230 1255
25 189 1270 1434
189 232 2034 2077
232 447 2146 2361
447 564 2581 2698
564 732 2807 2975
732 962 3200 3430
962 1139 3779 3956
1139 1362 4197 4420
1362 1584 4535 4757
1584 1786 4833 5035
1786 1897 5286 5397
1897 2069 5643 5815
2069 2201 6086 6218
2201 2341 6320 6460
2341 2479 6646 6784
2479 2664 6954 7139
2664 2716 7222 7274
2716 2754 7546 7584
2754 2948 7611 7805
2948 2980 8028 8060
2980 3085 8305 8410
3085 3237 8487 8639
3237 3362 8879 9004
3362 3457 9087 9182
3457 3728 9384 9655
3728 3761 9911 9944
3761 3939 10074 10252
3939 4109 10340 10510
4109 4287 10886 11064
4287 4403 11282 11398
4403 4548 12036 12181
4548 4672 12268 12392
4672 4802 12774 12904
4802 4923 12977 13098
4923 4986 13178 13241
4986 5093 14109 14216
5093 5235 14482 14624
5235 5370 15029 15164
5370 5474 15244 15348
5474 5567 15694 15787
5567 5808 16365 16606
5808 5955 16693 16840

>ENSOGAT00000016594
0 66 0 66
66 160 150 244
160 302 445 587
302 415 676 789
415 593 816 994
593 629 1423 1459
629 634 1823 1828
634 731 2005 2102
731 795 2738 2802
795 1006 2945 3156
1006 1146 3253 3393
1146 1263 3534 3651
1263 1431 3805 3973
1431 1661 4105 4335
1661 1838 4678 4855
1838 2061 5172 5395
2061 2283 5523 5745
2283 2485 5820 6022
2485 2596 6242 6353
2596 2767 6560 6731
2767 2915 7270 7418
2915 3055 7521 7661
3055 3193 7850 7988
3193 3379 8158 8344
3379 3480 8663 8764
3480 3723 8775 9018
3723 3772 9272 9321
3772 3877 9493 9598
3877 4032 9662 9817
4032 4157 10056 10181
4157 4256 10266 10365
4256 4502 10536 10782
4502 4535 11039 11072
4535 4713 11203 11381
4713 4883 11470 11640
4883 5061 12274 12452
5061 5177 12675 12791
5177 5322 13668 13813
5322 5446 13900 14024
5446 5576 14977 15107
5576 5697 15180 15301
5697 5760 15381 15444
5760 5867 16294 16401
5867 6009 16669 16811
6009 6144 17014 17149
6144 6248 17230 17334
6248 6341 17643 17736
6341 6582 18422 18663
6582 6633 18762 18813

>ENSPTRT00000088584
0 66 0 66
66 160 148 242
160 302 469 611
302 415 702 815
415 498 954 1037
498 579 1382 1463
579 790 1677 1888
790 930 1970 2110
930 1047 2361 2478
1047 1215 3208 3376
1215 1445 3633 3863
1445 1622 4861 5038
1622 1845 5435 5658
1845 2067 5790 6012
2067 2269 6086 6288
2269 2472 16163 16366
2472 2521 16622 16671
2521 2626 16841 16946
2626 2775 17028 17177
2775 2900 17405 17530
2900 2999 17615 17714
2999 3254 17932 18187
3254 3287 18738 18771
3287 3465 18897 19075
3465 3635 19161 19331
3635 3813 19738 19916
3813 3929 20138 20254
3929 4074 20738 20883
4074 4198 20969 21093
4198 4328 21443 21573
4328 4449 21645 21766
4449 4512 21848 21911
4512 4619 24672 24779
4619 4761 25060 25202
4761 4896 26287 26422
4896 5000 26503 26607
5000 5093 26904 26997
5093 5334 27650 27891
5334 5490 27989 28145

>ENSPPAT00000055482
0 66 0 66
66 160 148 242
160 302 469 611
302 415 702 815
415 498 954 1037
498 579 1382 1463
579 790 1677 1888
790 930 1970 2110
930 1047 2361 2478
1047 1215 2916 3084
1215 1445 3341 3571
1445 1622 4565 4742
1622 1845 5139 5362
1845 2067 5494 5716
2067 2269 5790 5992
2269 2380 7957 8068
2380 2552 8328 8500
2552 2684 9088 9220
2684 2824 9325 9465
2824 2962 9619 9757
2962 3147 10112 10297
3147 3220 10384 10457
3220 3423 12128 12331
3423 3472 12587 12636
3472 3577 12806 12911
3577 3726 12993 13142
3726 3851 13370 13495
3851 3950 13580 13679
3950 4205 13897 14152
4205 4238 14771 14804
4238 4416 14930 15108
4416 4586 15194 15364
4586 4764 15771 15949
4764 4880 16171 16287
4880 5025 16769 16914
5025 5149 17000 17124
5149 5279 17474 17604
5279 5400 17676 17797
5400 5463 17879 17942
5463 5570 20536 20643
5570 5712 20924 21066
5712 5847 22150 22285
5847 5951 22366 22470
5951 6044 22769 22862
6044 6285 23515 23756
6285 6441 23854 24010

>ENST00000611490
0 66 1261 1327
66 108 1409 1453

