>FBtr0087678
0 845 1895 2740
845 1229 9757 10141
1229 1356 10206 10333
1356 1505 10392 10541
1505 1623 11473 11591
1623 1808 11661 11846
1808 2151 12003 12346

>FBtr0330617
0 845 1895 2740
845 1229 9757 10141
1229 1356 10206 10333
1356 1505 10392 10541
1505 1538 11145 11178
1538 1656 11473 11591
1656 1841 11661 11846
1841 2184 12003 12346

>FBtr0330618
0 845 1895 2740
845 1229 9757 10141
1229 1356 10206 10333
1356 1505 10392 10541
1505 1623 11473 11591
1623 1808 11661 11846
1808 2238 12003 12433

>Y71F9B.6a.1
0 123 73 196
123 281 249 407
281 409 458 586
409 494 654 739
494 644 817 967
644 819 1323 1498
819 1260 2557 2998
1260 1359 3692 3791
1359 1605 3960 4206

>Y71F9B.6b.1
0 123 73 196
123 281 249 407
281 409 458 586
409 494 654 739
494 669 1323 1498
669 1110 2557 2998
1110 1356 3960 4206

>Y71F9B.6c.1
0 123 73 196
123 281 249 407
281 409 458 586
409 494 654 739
494 644 817 967
644 819 1323 1498
819 1260 2557 2998
1260 1506 3960 4206

>Y71F9B.6d.1
0 408 2590 2998
408 654 3960 4206

>Y71F9B.6e.1
0 183 4023 4206

