>F07F6.4.1
0 78 5 83
78 130 169 221
130 270 266 406
270 444 456 630
444 879 675 1110
879 1190 1159 1470
1190 1356 1525 1691
1356 1455 1747 1846
1455 1557 1897 1999
1557 1590 2091 2124

>FBtr0331775
0 81 526 607
81 405 685 1009
405 522 1163 1280
522 672 1372 1522
672 1516 1579 2423
1516 1659 2488 2631

>FBtr0078539
0 81 526 607
81 405 685 1009
405 522 1163 1280
522 669 1375 1522
669 1513 1579 2423
1513 1656 2488 2631

>FBtr0330174
0 81 526 607
81 405 685 1009
405 555 1372 1522
555 1399 1579 2423
1399 1542 2488 2631

>FBtr0330175
0 81 526 607
81 405 685 1009
405 513 1163 1271
513 660 1375 1522
660 1504 1579 2423
1504 1647 2488 2631

>FBtr0078540
0 81 526 607
81 405 685 1009
405 522 1163 1280
522 669 1375 1522
669 1513 1579 2423
1513 1656 2488 2631

>FBtr0113186
0 81 526 607
81 405 685 1009
405 522 1163 1280
522 669 1375 1522
669 1513 1579 2423
1513 1656 2488 2631

>FBtr0330173
0 81 526 607
81 405 685 1009
405 552 1375 1522
552 1396 1579 2423
1396 1539 2488 2631

>ENSCPGT00000015500
0 60 3717 3777
60 170 4705 4815
170 342 6310 6482
342 443 7696 7797
443 533 8540 8630
533 630 9309 9406
630 687 11862 11919
687 720 12777 12810
720 750 14079 14109
750 807 16025 16082
807 867 18061 18121
867 944 19308 19385
944 1299 19878 20233

>ENSCPGT00000015505
0 60 3717 3777
60 170 4705 4815
170 342 6310 6482
342 443 7696 7797
443 533 8540 8630
533 630 9309 9406
630 687 11862 11919
687 720 12777 12810
720 777 16025 16082
777 837 18061 18121
837 914 19308 19385
914 1269 19878 20233

>ENSCPGT00000015515
0 60 3717 3777
60 170 4705 4815
170 342 6310 6482
342 443 7696 7797
443 533 8540 8630
533 630 9309 9406
630 687 11862 11919
687 720 12777 12810
720 750 14079 14109
750 807 16025 16082
807 878 19314 19385
878 1233 19878 20233

>ENSCPGT00000015535
0 60 3717 3777
60 170 4705 4815
170 342 6310 6482
342 443 7696 7797
443 533 8540 8630
533 630 9309 9406
630 687 11862 11919
687 720 12777 12810
720 780 18061 18121
780 857 19308 19385
857 1212 19878 20233

>ENSCPGT00000015537
0 60 3717 3777
60 170 4705 4815
170 342 6310 6482
342 443 7696 7797
443 533 8540 8630
533 630 9309 9406
630 687 11862 11919
687 720 12777 12810
720 750 14079 14109
750 821 19314 19385
821 1176 19878 20233

>ENSCPGT00000015557
0 60 3717 3777
60 170 4705 4815
170 342 6310 6482
342 443 7696 7797
443 533 8540 8630
533 630 9309 9406
630 687 11862 11919
687 720 12777 12810
720 797 19308 19385
797 1152 19878 20233

