>ENSCSAVT00000011368
0 73 5126 5199
73 239 5800 5966
239 471 6572 6804

>ENSCSAVT00000011369
0 39 9 48
39 216 633 810
216 385 1520 1689
385 518 2275 2408
518 606 3029 3117
606 744 3745 3883

>ENSCINT00000030552
0 17 964 981
17 112 1337 1432
112 303 1679 1870
303 498 2034 2229

>F45E10.1a.1
0 30 41 71
30 148 5497 5615
148 207 8916 8975
207 280 10665 10738
280 422 15575 15717
422 541 15928 16047
541 700 18125 18284
700 1113 18329 18742
1113 1281 19632 19800
1281 1410 20280 20409
1410 1546 20785 20921
1546 1732 21694 21880
1732 1858 21930 22056
1858 1970 22627 22739
1970 2054 25962 26046
2054 2389 27280 27615
2389 2512 27721 27844
2512 2595 28309 28392
2595 2928 28670 29003
2928 3066 29056 29194
3066 4528 29392 30854
4528 4752 30901 31125

>F45E10.1b.1
0 30 41 71
30 148 5497 5615
148 207 8916 8975
207 280 10665 10738
280 422 15575 15717
422 541 15928 16047
541 700 18125 18284
700 1113 18329 18742
1113 1281 19632 19800
1281 1410 20280 20409
1410 1546 20785 20921
1546 1732 21694 21880
1732 1858 21930 22056
1858 1970 22627 22739
1970 2054 25962 26046
2054 2389 27280 27615
2389 2472 28309 28392
2472 2805 28670 29003
2805 2943 29056 29194
2943 2964 29239 29260
2964 4426 29392 30854
4426 4650 30901 31125

>F45E10.1c.1
0 30 41 71
30 148 5497 5615
148 207 8916 8975
207 280 10665 10738
280 422 15575 15717
422 541 15928 16047
541 700 18125 18284
700 1113 18329 18742
1113 1281 19632 19800
1281 1410 20280 20409
1410 1546 20785 20921
1546 1732 21694 21880
1732 1858 21930 22056
1858 1970 22627 22739
1970 2054 25962 26046
2054 2389 27280 27615
2389 2512 27721 27844
2512 2725 27995 28208
2725 2808 28309 28392
2808 3141 28670 29003
3141 3279 29056 29194
3279 4741 29392 30854
4741 4965 30901 31125

>F45E10.1d.1
0 20 15697 15717
20 139 15928 16047
139 298 18125 18284
298 711 18329 18742
711 879 19632 19800
879 1008 20280 20409
1008 1144 20785 20921
1144 1330 21694 21880
1330 1456 21930 22056
1456 1568 22627 22739
1568 1652 25962 26046
1652 1987 27280 27615
1987 2110 27721 27844
2110 2323 27995 28208
2323 2406 28309 28392
2406 2739 28670 29003
2739 2877 29056 29194
2877 4339 29392 30854
4339 4563 30901 31125

>F45E10.1e.1
0 21 19779 19800
21 150 20280 20409
150 286 20785 20921
286 472 21694 21880
472 598 21930 22056
598 710 22627 22739
710 794 25962 26046
794 1129 27280 27615
1129 1252 27721 27844
1252 1465 27995 28208
1465 1548 28309 28392
1548 1881 28670 29003
1881 2019 29056 29194
2019 3481 29392 30854
3481 3705 30901 31125

>F45E10.1f.1
0 189 18553 18742
189 357 19632 19800
357 486 20280 20409
486 622 20785 20921
622 808 21694 21880
808 934 21930 22056
934 1046 22627 22739
1046 1130 25962 26046
1130 1465 27280 27615
1465 1588 27721 27844
1588 1801 27995 28208
1801 1884 28309 28392
1884 2217 28670 29003
2217 2355 29056 29194
2355 3817 29392 30854
3817 4041 30901 31125

>F45E10.1g.1
0 30 41 71
30 148 5497 5615
148 207 8916 8975
207 280 10665 10738
280 422 15575 15717
422 541 15928 16047
541 700 18125 18284
700 1113 18329 18742
1113 1281 19632 19800
1281 1410 20280 20409
1410 1546 20785 20921
1546 1732 21694 21880
1732 1858 21930 22056
1858 1970 22627 22739
1970 2054 25962 26046
2054 2389 27280 27615
2389 2602 27995 28208
2602 2685 28309 28392
2685 3018 28670 29003
3018 3156 29056 29194
3156 4618 29392 30854
4618 4842 30901 31125

>F45E10.1h.1
0 30 41 71
30 148 5497 5615
148 207 8916 8975
207 280 10665 10738
280 422 15575 15717
422 541 15928 16047
541 700 18125 18284
700 1113 18329 18742
1113 1281 19632 19800
1281 1410 20280 20409
1410 1546 20785 20921
1546 1732 21694 21880
1732 1858 21930 22056
1858 1970 22627 22739
1970 2054 25962 26046
2054 2389 27280 27615
2389 2472 28309 28392
2472 2805 28670 29003
2805 2943 29056 29194
2943 4405 29392 30854
4405 4629 30901 31125

