>FBtr0089640
0 54 244 298
54 209 2686 2841
209 608 2916 3315
608 1146 3464 4002
1146 1782 4091 4727

>FBtr0344711
0 54 244 298
54 66 1763 1775

>FBtr0344708
0 54 244 298
54 63 1478 1487

>FBtr0344712
0 54 244 298
54 66 1763 1775

>FBtr0344709
0 54 244 298
54 63 1478 1487

>FBtr0089636
0 54 244 298
54 209 2686 2841
209 608 2916 3315
608 1146 3464 4002
1146 1782 4091 4727

>FBtr0344710
0 54 244 298
54 66 2354 2366

>Y55F3AM.3a.1
0 63 164 227
63 113 284 334
113 308 708 903
308 403 1613 1708
403 954 2819 3370
954 1644 4409 5099
1644 1743 6546 6645

