>ENSEEET00000011525
0 139 75 214
139 348 872 1081
348 475 1209 1336
475 570 1424 1519
570 751 2106 2287
751 873 8985 9107

>ENSEEET00000011527
0 139 75 214
139 348 872 1081
348 475 1209 1336
475 570 1424 1519
570 751 2106 2287
751 873 2433 2555

>ENSEEET00000011533
0 139 3 142
139 348 799 1008
348 475 1136 1263
475 589 1349 1463
589 771 2047 2229

>ENSEEET00000011534
0 139 3 142
139 348 799 1008
348 411 1136 1199
411 456 1631 1676

>ENSEEET00000011535
0 148 0 148
148 263 273 388
263 288 1171 1196

>ENSEEET00000016939
0 9 0 9
9 136 112 239
136 231 320 415
231 412 617 798
412 528 946 1062

>ENSEEET00000016941
0 12 52 64
12 139 112 239
139 240 320 421
240 400 638 798
400 516 946 1062

>ENSIPUT00000035514
0 100 1484 1584
100 309 5300 5509
309 436 6482 6609
436 531 6702 6797
531 712 7486 7667
712 834 7753 7875

>ENSIPUT00000035518
0 139 479 618
139 348 5300 5509
348 475 6482 6609
475 570 6702 6797
570 751 7486 7667
751 873 7753 7875

>ENSIPUT00000035509
0 154 18 172
154 363 697 906
363 490 3360 3487
490 585 3566 3661
585 766 3756 3937
766 897 4055 4186

>ENSPNAT00000031627
0 355 4719 5074
355 564 7311 7520
564 691 7768 7895
691 786 7973 8068
786 967 10057 10238
967 1077 10738 10848

>ENSPNAT00000040210
0 18 0 18
18 295 4797 5074
295 504 7311 7520
504 631 7768 7895
631 726 7973 8068
726 907 10057 10238
907 1017 10738 10848

