>ENSVURT00010000702
0 166 81 247
166 282 2170 2286
282 386 13887 13991
386 456 17127 17197
456 530 18933 19007
530 693 30047 30210
693 783 35303 35393
783 866 37492 37575
866 934 41308 41376
934 1053 44685 44804
1053 1246 49011 49204
1246 1351 50880 50985
1351 1462 51278 51389
1462 1548 51502 51588
1548 1656 51694 51802
1656 1770 53417 53531
1770 1876 54968 55074
1876 2049 58629 58802
2049 2202 62369 62522
2202 2298 64780 64876

>ENSVURT00010008746
0 166 99 265
166 282 2188 2304
282 386 13905 14009
386 456 17145 17215
456 530 18951 19025
530 693 30065 30228
693 783 35321 35411
783 866 37510 37593
866 934 41326 41394
934 1053 44703 44822
1053 1246 49029 49222
1246 1351 50898 51003
1351 1462 51296 51407
1462 1548 51520 51606
1548 1656 51712 51820
1656 1770 53435 53549
1770 1876 54986 55092
1876 2049 58647 58820
2049 2202 62387 62540
2202 2298 64798 64894

>ENSPCIT00000051556
0 166 0 166
166 282 2059 2175
282 534 10584 10836
534 638 13973 14077
638 708 17188 17258
708 782 19037 19111
782 945 30246 30409
945 1035 35416 35506
1035 1118 37588 37671
1118 1186 41217 41285
1186 1305 44366 44485
1305 1498 47104 47297
1498 1603 49142 49247
1603 1714 49525 49636
1714 1800 49749 49835
1800 1908 49942 50050
1908 2022 51693 51807
2022 2128 53204 53310
2128 2301 56915 57088
2301 2454 60106 60259
2454 2550 62898 62994

>ENSPCIT00000051559
0 166 0 166
166 282 2059 2175
282 534 10584 10836
534 638 13973 14077
638 708 17188 17258
708 782 19037 19111
782 945 30246 30409
945 1035 35416 35506
1035 1118 37588 37671
1118 1186 41217 41285
1186 1305 44366 44485
1305 1498 47104 47297
1498 1603 49142 49247
1603 1714 49525 49636
1714 1800 49749 49835
1800 1908 49942 50050
1908 2014 53204 53310
2014 2187 56915 57088
2187 2340 60106 60259
2340 2436 62898 62994

>ENSPCIT00000051557
0 166 0 166
166 282 2059 2175
282 386 13973 14077
386 456 17188 17258
456 530 19037 19111
530 693 30246 30409
693 783 35416 35506
783 866 37588 37671
866 934 41217 41285
934 1053 44366 44485
1053 1246 47104 47297
1246 1351 49142 49247
1351 1462 49525 49636
1462 1548 49749 49835
1548 1656 49942 50050
1656 1770 51693 51807
1770 1876 53204 53310
1876 2049 56915 57088
2049 2202 60106 60259
2202 2298 62898 62994

>ENSPCIT00000051558
0 166 0 166
166 282 2059 2175
282 386 13973 14077
386 456 17188 17258
456 530 19037 19111
530 693 30246 30409
693 783 35416 35506
783 866 37588 37671
866 934 41217 41285
934 1053 44366 44485
1053 1246 47104 47297
1246 1357 49525 49636
1357 1443 49749 49835
1443 1551 49942 50050
1551 1665 51693 51807
1665 1771 53204 53310
1771 1944 56915 57088
1944 2097 60106 60259
2097 2193 62898 62994

>ENSMEUT00000011201
0 96 0 96
96 111 103 118
111 151 126 166
151 267 1785 1901
267 371 10902 11006
371 441 14101 14171
441 515 15715 15789
515 678 25680 25843
678 768 30759 30849
768 851 32931 33014
851 919 34779 34847
919 1038 36941 37060
1038 1231 38530 38723
1231 1336 40378 40483
1336 1447 40987 41098
1447 1533 41198 41284
1533 1641 41384 41492
1641 1755 43180 43294
1755 1861 45427 45533
1861 2034 48332 48505
2034 2187 48996 49149
2187 2283 50257 50353

>ENSMODT00000038683
0 166 63 229
166 282 2141 2257
282 386 15528 15632
386 456 18372 18442
456 530 20015 20089
530 693 30205 30368
693 783 38483 38573
783 866 40625 40708
866 934 45279 45347
934 1053 46660 46779
1053 1246 50392 50585
1246 1351 52086 52191
1351 1462 52523 52634
1462 1548 52747 52833
1548 1656 52946 53054
1656 1770 54071 54185
1770 1876 56232 56338
1876 2049 58267 58440
2049 2202 62266 62419
2202 2298 65444 65540

>ENSMLUT00000002564
0 154 0 154
154 270 1166 1282
270 366 13118 13214
366 444 19356 19434
444 518 20682 20756
518 681 24481 24644
681 771 25201 25291
771 854 26495 26578
854 922 28726 28794
922 1041 31101 31220
1041 1091 34453 34503
1091 1136 34874 34919
1136 1158 35046 35068
1158 1182 37692 37716
1182 1243 41661 41722
1243 1348 41797 41902
1348 1459 42194 42305
1459 1545 42413 42499
1545 1653 42855 42963
1653 1767 49376 49490
1767 1873 53432 53538
1873 2046 53711 53884
2046 2199 56207 56360
2199 2295 57980 58076

