>ENSNSUT00000016034
0 475 0 475
475 583 4890 4998
583 736 6122 6275
736 922 8124 8310
922 1108 8564 8750
1108 1294 11953 12139
1294 1464 14012 14182
1464 1553 16672 16761
1553 1572 16815 16834

>ENSNSUT00000016035
0 475 0 475
475 583 4890 4998
583 769 8124 8310
769 955 8564 8750
955 1141 11953 12139
1141 1311 14012 14182
1311 1400 16672 16761
1400 1419 16815 16834

>ENSNSUT00000016046
0 475 0 475
475 583 4890 4998
583 736 6122 6275
736 922 8124 8310
922 1108 8564 8750
1108 1294 11953 12139
1294 1544 14012 14262
1544 1749 15521 15726

>ENSNSUT00000016050
0 475 0 475
475 572 4890 4987
572 583 5956 5967
583 772 6086 6275
772 958 8124 8310
958 1023 10522 10587

>ENSACAT00000001549
0 3 180 183
3 82 2954 3033
82 472 5810 6200
472 580 9287 9395
580 769 10295 10484
769 955 13047 13233
955 1141 14372 14558
1141 1327 17504 17690
1327 1513 20358 20544
1513 1699 24536 24722
1699 1885 27109 27295
1885 2089 29230 29434
2089 2275 29905 30091
2275 2398 32565 32688
2398 2429 33928 33959
2429 2484 36529 36584

>ENSPVIT00000000233
0 3 136 139
3 61 4134 4192
61 451 5699 6089
451 559 8612 8720
559 748 10245 10434
748 934 11806 11992
934 1120 22676 22862
1120 1306 26655 26841
1306 1492 29322 29508
1492 1678 29638 29824
1678 1864 30068 30254
1864 2050 31658 31844
2050 2236 33244 33430
2236 2422 34367 34553
2422 2608 35918 36104
2608 2731 37325 37448
2731 2769 38758 38796

>ENSPVIT00000000236
0 3 136 139
3 61 4134 4192
61 451 5699 6089
451 559 8612 8720
559 748 10245 10434
748 934 11806 11992
934 1120 26655 26841
1120 1306 29322 29508
1306 1492 29638 29824
1492 1678 30068 30254
1678 1864 31658 31844
1864 2050 33244 33430
2050 2236 34367 34553
2236 2422 35918 36104
2422 2545 37325 37448
2545 2583 38758 38796

>ENSPVIT00000000240
0 3 136 139
3 61 4134 4192
61 451 5699 6089
451 559 8612 8720
559 748 10245 10434
748 934 11806 11992
934 1120 22676 22862
1120 1306 26655 26841
1306 1492 29322 29508
1492 1678 29638 29824
1678 1864 30068 30254
1864 2050 31658 31844
2050 2236 33244 33430
2236 2422 34367 34553
2422 2608 35918 36104
2608 2731 37325 37448
2731 2762 38758 38789
2762 2817 39617 39672

