>ENSDCDT00000032540
0 75 32275 32350
75 99 32556 32580
99 132 32694 32727
132 249 32924 33041
249 381 33323 33455
381 510 33532 33661
510 654 34728 34872
654 696 35486 35528
696 775 37122 37201
775 828 38269 38322
828 998 39069 39239
998 1053 40763 40818

>ENSDCDT00000032686
0 88 32275 32363
88 117 32698 32727
117 234 32924 33041
234 366 33323 33455
366 495 33532 33661
495 639 34728 34872
639 681 35486 35528
681 760 37122 37201
760 813 38269 38322
813 983 39069 39239
983 1038 40763 40818

>ENSDCDT00000032803
0 88 32275 32363
88 117 32698 32727
117 234 32924 33041
234 366 33323 33455
366 495 33532 33661
495 639 34728 34872
639 681 35486 35528
681 771 37125 37215
771 799 37662 37690
799 852 38269 38322
852 1026 39069 39243

>ENSDCDT00000032821
0 88 32275 32363
88 117 32698 32727
117 234 32924 33041
234 366 33323 33455
366 495 33532 33661
495 673 34728 34906
673 717 35413 35457

>ENSCHAT00000055214
0 75 32860 32935
75 99 33356 33380
99 132 33481 33514
132 249 33616 33733
249 381 34209 34341
381 510 35128 35257
510 654 36215 36359
654 696 37508 37550
696 775 38960 39039
775 828 40191 40244
828 998 40569 40739
998 1053 41418 41473

>ENSCHAT00000055220
0 75 32860 32935
75 99 33356 33380
99 132 33481 33514
132 249 33616 33733
249 381 34209 34341
381 510 35128 35257
510 585 36215 36290
585 670 37508 37593
670 723 40191 40244
723 893 40569 40739
893 936 41135 41178

>ENSCHAT00000055225
0 75 32860 32935
75 99 33356 33380
99 132 33481 33514
132 249 33616 33733
249 381 34209 34341
381 510 35128 35257
510 718 36215 36423
718 771 40191 40244
771 945 40569 40743

>ENSCHAT00000055229
0 75 32860 32935
75 99 33356 33380
99 132 33481 33514
132 249 33616 33733
249 381 34209 34341
381 510 35128 35257
510 585 36215 36290
585 627 37508 37550
627 703 38963 39039
703 927 40519 40743

>ENSCHAT00000055238
0 75 32860 32935
75 99 33356 33380
99 132 33481 33514
132 249 33616 33733
249 381 34209 34341
381 510 35128 35257
510 585 36215 36290
585 627 37508 37550
627 707 38963 39043
707 731 39588 39612
731 927 40547 40743

>ENSCHAT00000055245
0 75 32860 32935
75 99 33356 33380
99 132 33481 33514
132 249 33616 33733
249 381 34209 34341
381 510 35128 35257
510 585 36215 36290
585 633 37508 37556
633 867 40509 40743

>ENSCHAT00000055271
0 75 32860 32935
75 99 33356 33380
99 132 33481 33514
132 249 33616 33733
249 381 34209 34341
381 510 35128 35257
510 654 36215 36359
654 700 37508 37554
700 792 38203 38295

>ENSAMXT00000003538
0 75 92 167
75 99 1272 1296
99 132 1492 1525
132 249 3020 3137
249 381 3497 3629
381 510 6607 6736
510 654 10974 11118
654 696 12284 12326
696 775 15437 15516
775 828 18948 19001
828 998 19940 20110
998 1053 20612 20667

