>ENSLACT00000009837
0 111 134 245
111 243 2073 2205
243 397 5703 5857
397 459 6771 6833
459 622 9326 9489
622 847 10238 10463
847 1055 14722 14930
1055 1142 20313 20400
1142 1339 22319 22516
1339 1440 23646 23747
1440 1486 25093 25139
1486 1737 28272 28523

>ENSLACT00000025523
0 111 134 245
111 243 2073 2205
243 397 5703 5857
397 459 6771 6833
459 622 9326 9489
622 847 10238 10463
847 1055 14722 14930
1055 1142 20313 20400
1142 1339 22319 22516
1339 1440 23646 23747
1440 1671 25093 25324

>ENSECRT00000034317
0 123 108 231
123 255 9781 9913
255 409 12948 13102
409 471 16036 16098
471 607 21526 21662
607 832 25416 25641
832 1040 31031 31239
1040 1127 32575 32662
1127 1324 42773 42970
1324 1425 43212 43313
1425 1522 44552 44649
1522 1671 53371 53520

>ENSCMIT00000038375
0 129 0 129
129 261 1254 1386
261 415 2137 2291
415 580 5254 5419
580 805 7104 7329
805 1013 8320 8528
1013 1100 9516 9603
1100 1297 10498 10695
1297 1398 11268 11369
1398 1446 12161 12209

>ENSPVAT00000003846
0 114 0 114
114 246 2166 2298
246 397 2661 2812
397 459 3495 3557
459 625 3864 4030
625 850 5607 5832
850 876 6003 6029
876 906 6030 6060
906 918 6062 6074
918 924 6076 6082
924 955 6084 6115
955 1049 6117 6211
1049 1077 10749 10777
1077 1133 10779 10835
1133 1152 10961 10980
1152 1224 11080 11152
1224 1251 16055 16082
1251 1258 16087 16094
1258 1359 16250 16351
1359 1444 18849 18934
1444 1680 21209 21445
1680 1971 21463 21754

>ENSEEUT00000009255
0 114 0 114
114 246 6197 6329
246 397 6578 6729
397 459 8002 8064
459 625 8476 8642
625 664 17212 17251
664 707 17252 17295
707 786 17296 17375
786 850 17376 17440
850 1058 22021 22229
1058 1145 35157 35244
1145 1164 35631 35650
1164 1237 35750 35823
1237 1265 35923 35951
1265 1298 36051 36084
1298 1339 36184 36225
1339 1440 36325 36426
1440 1525 38102 38187
1525 1530 46684 46689
1530 1543 46690 46703
1543 1549 46707 46713
1549 1717 46714 46882
1717 1788 46909 46980
1788 1799 46982 46993
1799 1926 46994 47121
1926 1947 47124 47145
1947 1956 47148 47157
1956 1968 47158 47170

>ENSUAMT00000035886
0 53 178 231
53 140 5793 5880
140 337 7461 7658
337 633 10452 10748

>ENSUAMT00000035887
0 114 77 191
114 309 2334 2529

>ENSAMET00000006463
0 114 0 114
114 246 2492 2624
246 397 2864 3015
397 459 3709 3771
459 625 4059 4225
625 850 5537 5762
850 1058 5942 6150
1058 1145 11560 11647
1145 1342 13209 13406
1342 1443 16348 16449
1443 1528 18958 19043
1528 2073 20508 21053

>ENSUMAT00000037459
0 273 749 1022
273 405 3153 3285
405 556 3525 3676
556 618 4370 4432
618 784 4720 4886
784 1009 6198 6423
1009 1217 6592 6800
1217 1304 12326 12413
1304 1501 13986 14183
1501 1602 16931 17032
1602 1687 19775 19860
1687 2250 21353 21916

>ENSUMAT00000037470
0 273 749 1022
273 424 3525 3676
424 486 4370 4432
486 652 4720 4886
652 877 6198 6423
877 1085 6592 6800
1085 1172 12326 12413
1172 1369 13986 14183
1369 1470 16931 17032
1470 1555 19775 19860
1555 2118 21353 21916

