>ENSPVIT00000001638
0 293 0 293
293 378 1235 1320
378 483 2495 2600
483 592 3747 3856
592 701 5069 5178
701 861 6071 6231
861 968 8825 8932
968 1051 10370 10453
1051 1161 12388 12498
1161 1228 14022 14089
1228 1298 16517 16587
1298 1377 17487 17566
1377 1529 17770 17922
1529 1621 22249 22341
1621 1698 24411 24488
1698 1770 25749 25821
1770 1830 26517 26577
1830 1936 26756 26862
1936 2077 28227 28368
2077 2192 30044 30159
2192 2376 44931 45115

>ENSPVIT00000001658
0 293 0 293
293 378 1235 1320
378 483 2495 2600
483 592 3747 3856
592 701 5069 5178
701 861 6071 6231
861 968 8825 8932
968 1051 10370 10453
1051 1161 12388 12498
1161 1228 14022 14089
1228 1298 16517 16587
1298 1377 17487 17566
1377 1529 17770 17922
1529 1621 22249 22341
1621 1698 24411 24488
1698 1770 25749 25821
1770 1830 26517 26577
1830 1936 26756 26862
1936 2077 28227 28368
2077 2192 30044 30159
2192 2298 30854 30960

>ENSNSUT00000002270
0 197 0 197
197 282 2228 2313
282 387 5473 5578
387 496 6539 6648
496 605 8270 8379
605 765 10962 11122
765 872 13262 13369
872 955 14148 14231
955 1065 15730 15840
1065 1132 17787 17854
1132 1193 20113 20174
1193 1272 20698 20777
1272 1424 21436 21588
1424 1516 22228 22320
1516 1593 23291 23368
1593 1665 24995 25067
1665 1725 25952 26012
1725 1831 26404 26510
1831 1972 27687 27828
1972 2087 28546 28661
2087 2193 30438 30544

