>ENSPCIT00000066074
0 31 0 31
31 222 3500 3691
222 340 5747 5865
340 465 16596 16721
465 572 26240 26347
572 721 27353 27502
721 927 29437 29643

>ENSPCIT00000020577
0 15 0 15
15 459 819 1263
459 615 1294 1450

>ENSPCIT00000014662
0 32 0 32
32 555 1189 1712
555 651 1745 1841

>ENSPCIT00000027770
0 35 0 35
35 678 1778 2421

>ENSVURT00010002622
0 64 2330 2394
64 189 13568 13693
189 296 20546 20653
296 445 21637 21786
445 651 23605 23811

>ENSMODT00000001486
0 49 433 482
49 708 530 1189

>ENSMODT00000031307
0 49 510 559
49 705 608 1264

>ENSMODT00000072829
0 121 292 413
121 702 731 1312

>ENSMODT00000006641
0 708 0 708

>ENSUAMT00000006565
0 28 438 466
28 207 2880 3059
207 334 6904 7031
334 459 9120 9245
459 566 11078 11185
566 709 11378 11521
709 918 11631 11840

>ENSUAMT00000006567
0 28 438 466
28 207 2880 3059
207 334 6904 7031
334 459 9120 9245
459 566 11078 11185
566 709 11378 11521
709 918 11631 11840

>ENSUMAT00000040268
0 28 438 466
28 207 2871 3050
207 334 6097 6224
334 459 8311 8436
459 566 10265 10372
566 709 10565 10708
709 918 10818 11027

>ENSAMET00000007654
0 28 0 28
28 207 2432 2611
207 322 5656 5771
322 447 7867 7992
447 554 9873 9980
554 697 10172 10315
697 906 10426 10635

