>ENSJHYT00000016112
0 36 6081 6117
36 116 8764 8844
116 323 10763 10970
323 458 11507 11642
458 678 11773 11993
678 756 12553 12631
756 888 12849 12981
888 1011 13624 13747
1011 1155 14838 14982
1155 1239 15170 15254
1239 1308 15584 15653
1308 1487 16187 16366
1487 1614 16829 16956
1614 1679 17319 17384
1679 1887 17513 17721
1887 1995 18438 18546
1995 2110 19083 19198
2110 2455 19643 19988
2455 2522 20333 20400
2522 2639 20655 20772
2639 2739 21670 21770

>ENSJHYT00000016121
0 36 6081 6117
36 116 8764 8844
116 248 9114 9246
248 455 10763 10970
455 590 11507 11642
590 807 11776 11993
807 885 12553 12631
885 1017 12849 12981
1017 1140 13624 13747
1140 1284 14838 14982
1284 1368 15170 15254
1368 1437 15584 15653
1437 1616 16187 16366
1616 1743 16829 16956
1743 1808 17319 17384
1808 2016 17513 17721
2016 2124 18438 18546
2124 2239 19083 19198
2239 2584 19643 19988
2584 2651 20333 20400
2651 2768 20655 20772
2768 2868 21670 21770

>ENSFALT00000005913
0 62 142809 142871
62 197 143990 144125
197 348 146623 146774
348 432 146963 147047
432 501 147367 147436
501 677 147661 147837
677 804 148324 148451
804 869 148852 148917
869 1077 149047 149255
1077 1185 150874 150982
1185 1278 151879 151972
1278 1305 152264 152291
1305 1329 152292 152316
1329 1413 152501 152585

>ENSMUNT00000014045
0 183 4899 5082
183 258 6460 6535
258 342 6751 6835
342 428 9649 9735
428 581 10758 10911
581 797 12715 12931
797 929 13793 13925
929 1146 14461 14678
1146 1224 15179 15257
1224 1356 15511 15643
1356 1479 15930 16053
1479 1623 16540 16684
1623 1707 16858 16942
1707 1776 17707 17776
1776 1955 18110 18289
1955 2082 18630 18757
2082 2150 19158 19226
2150 2358 19331 19539
2358 2466 19842 19950
2466 2581 20202 20317
2581 2929 20660 21008
2929 2996 21437 21504
2996 3119 21760 21883
3119 3219 22485 22585

>ENSAHAT00000003263
0 82 31 113
82 194 496 608
194 396 1025 1227
396 492 3006 3102
492 651 5823 5982
651 780 7037 7166
780 858 7553 7631
858 969 10787 10898
969 1410 13368 13809
1410 1494 15418 15502
1494 1578 17183 17267
1578 1664 20827 20913
1664 1883 24846 25065
1883 2015 26381 26513
2015 2232 27272 27489
2232 2310 28092 28170
2310 2442 28421 28553
2442 2565 28867 28990
2565 2709 29126 29270
2709 2793 29493 29577
2793 2862 30499 30568
2862 3041 31200 31379
3041 3168 32233 32360
3168 3236 32633 32701
3236 3444 32867 33075
3444 3552 34154 34262
3552 3667 35433 35548
3667 3822 36407 36562
3822 3876 36719 36773
3876 3943 37519 37586
3943 4002 38161 38220

>ENSAHAT00000003300
0 82 31 113
82 194 496 608
194 396 1025 1227
396 555 5823 5982
555 684 7037 7166
684 762 7553 7631
762 873 10787 10898
873 1314 13368 13809
1314 1398 15418 15502
1398 1482 17183 17267
1482 1568 20827 20913
1568 1787 24846 25065
1787 1919 26381 26513
1919 2136 27272 27489
2136 2214 28092 28170
2214 2346 28421 28553
2346 2469 28867 28990
2469 2613 29126 29270
2613 2697 29493 29577
2697 2766 30499 30568
2766 2945 31200 31379
2945 3072 32233 32360
3072 3140 32633 32701
3140 3348 32867 33075
3348 3456 34154 34262
3456 3571 35433 35548
3571 3726 36407 36562
3726 3780 36719 36773
3780 3847 37519 37586
3847 3906 38161 38220

>ENSAHAT00000003329
0 948 2154 3102
948 1107 5823 5982
1107 1236 7037 7166
1236 1314 7553 7631
1314 1425 10787 10898
1425 1866 13368 13809
1866 1950 15418 15502
1950 2034 17183 17267
2034 2120 20827 20913
2120 2339 24846 25065
2339 2471 26381 26513
2471 2688 27272 27489
2688 2766 28092 28170
2766 2898 28421 28553
2898 3021 28867 28990
3021 3165 29126 29270
3165 3249 29493 29577
3249 3318 30499 30568
3318 3497 31200 31379
3497 3624 32233 32360
3624 3692 32633 32701
3692 3900 32867 33075
3900 4008 34154 34262
4008 4123 35433 35548
4123 4278 36407 36562
4278 4332 36719 36773
4332 4399 37519 37586
4399 4458 38161 38220

