>ENSSMAT00000000181
0 40 443 483
40 235 591 786
235 299 894 958
299 441 1056 1198
441 669 1966 2194
669 733 2489 2553
733 960 4592 4819
960 1032 4896 4968
1032 1134 5060 5162
1134 1491 5244 5601
1491 1678 6657 6844
1678 1881 6975 7178
1881 1936 7540 7595
1936 2076 8690 8830
2076 2250 10537 10711
2250 2373 10944 11067
2373 2658 12201 12486
2658 2712 12997 13051
2712 2850 13297 13435
2850 2952 14254 14356
2952 3223 18911 19182
3223 3836 19514 20127
3836 3981 20204 20349
3981 4059 20488 20566
4059 4212 21083 21236

>ENSCSET00000033890
0 273 0 273
273 376 343 446
376 496 728 848
496 666 5250 5420

>ENSSDUT00000033552
0 116 1177 1293
116 245 2039 2168
245 334 2388 2477
334 541 2622 2829
541 605 4243 4307
605 747 4406 4548
747 957 4785 4995
957 1048 5264 5355
1048 1275 5554 5781
1275 1347 5926 5998
1347 1449 6086 6188
1449 1806 6286 6643
1806 1996 6934 7124
1996 2127 7303 7434
2127 2185 7585 7643
2185 2340 7824 7979
2340 2514 8232 8406
2514 2637 10090 10213
2637 2922 10973 11258
2922 2976 11430 11484
2976 3116 11576 11716
3116 3219 13526 13629
3219 3490 13938 14209
3490 4073 15131 15714
4073 4218 16438 16583
4218 4296 16660 16738
4296 4449 17456 17609

>ENSSDUT00000033553
0 123 52 175
123 261 316 454
261 331 803 873
331 461 1163 1293
461 590 2039 2168
590 679 2388 2477
679 882 2622 2825
882 938 4251 4307
938 1080 4406 4548
1080 1313 4785 5018
1313 1505 5573 5765
1505 1671 6022 6188
1671 2114 6286 6729
2114 2553 7540 7979
2553 2727 8232 8406
2727 2850 10090 10213
2850 3162 10973 11285
3162 3304 11576 11718
3304 3402 13531 13629
3402 3667 13944 14209
3667 4250 15131 15714
4250 4445 16438 16633
4445 4482 16701 16738
4482 4587 17456 17561
4587 4713 21175 21301

