>ENSGALT00000100606
0 639 12 651
639 811 1917 2089
811 975 18149 18313
975 1062 20206 20293
1062 1195 24919 25052
1195 1347 31414 31566
1347 1426 32203 32282
1426 1502 34080 34156
1502 1579 35516 35593
1579 1611 35694 35726
1611 1741 35861 35991
1741 1845 38648 38752
1845 2019 41019 41193
2019 2232 41811 42024
2232 2410 43790 43968
2410 2542 45613 45745
2542 2745 48733 48936
2745 2835 50314 50404
2835 2965 52429 52559
2965 3117 52830 52982
3117 3272 55346 55501
3272 3331 57759 57818
3331 3376 58163 58208
3376 3540 61275 61439
3540 3598 73041 73099
3598 3682 73180 73264
3682 3837 83240 83395
3837 3916 84011 84090
3916 3998 89181 89263
3998 4054 91107 91163
4054 4087 91319 91352
4087 4257 96991 97161
4257 4477 102794 103014
4477 4632 104335 104490
4632 4846 106761 106975
4846 5037 108014 108205
5037 5248 109974 110185
5248 5400 118069 118221
5400 5479 120125 120204
5479 5611 121275 121407
5611 5775 121979 122143

>ENSGALT00000064252
0 639 12 651
639 811 1917 2089
811 975 18149 18313
975 1062 20206 20293
1062 1195 24919 25052
1195 1347 31414 31566
1347 1426 32203 32282
1426 1502 34080 34156
1502 1579 35516 35593
1579 1611 35694 35726
1611 1741 35861 35991
1741 1845 38648 38752
1845 2019 41019 41193
2019 2232 41811 42024
2232 2410 43790 43968
2410 2542 45613 45745
2542 2745 48733 48936
2745 2835 50314 50404
2835 2965 52429 52559
2965 3117 52830 52982
3117 3272 55346 55501
3272 3331 57759 57818
3331 3376 58163 58208
3376 3540 61275 61439
3540 3598 73041 73099
3598 3682 73180 73264
3682 3837 83240 83395
3837 3916 84011 84090
3916 3998 89181 89263
3998 4054 91107 91163
4054 4087 91319 91352
4087 4257 96991 97161
4257 4284 98649 98676

>ENSCJPT00005017722
0 43 5903 5946
43 195 10278 10430
195 274 11050 11129
274 350 12768 12844
350 427 14241 14318
427 459 14418 14450
459 589 14587 14717
589 693 16791 16895
693 867 18856 19030
867 1080 19315 19528
1080 1258 21247 21425
1258 1390 22996 23128
1390 1593 27037 27240
1593 1683 29305 29395
1683 1816 31418 31551
1816 1968 31821 31973
1968 2123 34307 34462
2123 2182 36930 36989
2182 2227 37332 37377
2227 2391 38528 38692
2391 2617 48674 48900
2617 2643 48979 49005

>ENSFALT00000010709
0 45 0 45
45 217 1411 1583
217 356 15609 15748
356 379 16668 16691
379 468 18263 18352
468 601 21547 21680
601 744 26505 26648
744 756 27513 27525
756 838 27669 27751
838 914 28416 28492
914 991 30032 30109
991 1023 30195 30227
1023 1153 30367 30497
1153 1257 32699 32803
1257 1431 34799 34973
1431 1548 35573 35690
1548 1596 35730 35778
1596 1638 35779 35821
1638 1816 36912 37090
1816 1948 38831 38963
1948 2151 43954 44157
2151 2157 45947 45953
2157 2217 47834 47894
2217 2235 47895 47913
2235 2368 49874 50007
2368 2523 50238 50393
2523 2682 52698 52857

>ENSGAGT00000021791
0 645 34171 34816
645 817 37903 38075
817 981 69661 69825
981 1068 71489 71576
1068 1201 74217 74350
1201 1353 76723 76875
1353 1432 77528 77607
1432 1508 80934 81010
1508 1585 82577 82654
1585 1617 82757 82789
1617 1747 82941 83071
1747 1848 86526 86627
1848 2022 89679 89853
2022 2235 90362 90575
2235 2413 91012 91190
2413 2545 95402 95534
2545 2748 101598 101801
2748 2835 109375 109462
2835 2968 113569 113702
2968 3120 115441 115593
3120 3275 118424 118579
3275 3334 130560 130619
3334 3379 130936 130981
3379 3543 134841 135005
3543 3769 158016 158242
3769 3924 169624 169779
3924 4003 170965 171044
4003 4085 173593 173675
4085 4141 175817 175873
4141 4311 183228 183398
4311 4531 196191 196411
4531 4686 198011 198166
4686 4900 202719 202933
4900 5091 204410 204601
5091 5302 207079 207290
5302 5457 214909 215064
5457 5536 218545 218624
5536 5668 220330 220462
5668 5922 220614 220868

>ENSGAGT00000021799
0 39 10369 10408
39 696 34159 34816
696 868 37903 38075
868 1032 69661 69825
1032 1119 71489 71576
1119 1252 74217 74350
1252 1404 76723 76875
1404 1483 77528 77607
1483 1559 80934 81010
1559 1636 82577 82654
1636 1668 82757 82789
1668 1798 82941 83071
1798 1899 86526 86627
1899 2073 89679 89853
2073 2286 90362 90575
2286 2464 91012 91190
2464 2596 95402 95534
2596 2799 101598 101801
2799 2886 109375 109462
2886 3019 113569 113702
3019 3171 115441 115593
3171 3326 118424 118579
3326 3385 130560 130619
3385 3430 130936 130981
3430 3594 134841 135005
3594 3820 158016 158242
3820 3975 169624 169779
3975 4054 170965 171044
4054 4136 173593 173675
4136 4192 175817 175873
4192 4225 176037 176070
4225 4395 183228 183398
4395 4615 196191 196411
4615 4770 198011 198166
4770 4984 202719 202933
4984 5175 204410 204601
5175 5386 207079 207290
5386 5541 214909 215064
5541 5620 218545 218624
5620 5752 220330 220462
5752 6006 220614 220868

>ENSACAT00000021098
0 45 0 45
45 217 4320 4492
217 381 19282 19446
381 468 21587 21674
468 601 24882 25015
601 753 26050 26202
753 832 27645 27724
832 908 28791 28867
908 985 38454 38531
985 1017 39244 39276
1017 1147 40138 40268
1147 1251 40403 40507
1251 1425 42157 42331
1425 1638 43745 43958
1638 1816 54444 54622
1816 1900 57521 57605
1900 1919 61423 61442
1919 1990 67489 67560
1990 2148 67581 67739
2148 2235 74792 74879
2235 2368 78353 78486
2368 2520 79302 79454
2520 2675 80961 81116
2675 2745 85825 85895

>ENSPVIT00000040295
0 645 34737 35382
645 817 37954 38126
817 981 60591 60755
981 1068 63375 63462
1068 1201 67269 67402
1201 1353 67909 68061
1353 1432 69054 69133
1432 1508 71293 71369
1508 1585 76397 76474
1585 1617 77059 77091
1617 1747 77520 77650
1747 1851 82296 82400
1851 2025 83915 84089
2025 2238 86922 87135
2238 2416 91969 92147
2416 2548 96439 96571
2548 2706 98764 98922
2706 2793 114506 114593
2793 2926 117741 117874
2926 3078 119348 119500
3078 3233 122049 122204
3233 3292 126859 126918
3292 3337 128264 128309
3337 3501 132820 132984
3501 3727 141229 141455
3727 3882 154538 154693
3882 3961 155799 155878
3961 4046 160076 160161
4046 4102 161604 161660
4102 4135 161786 161819
4135 4302 164919 165086
4302 4522 176509 176729
4522 4677 179719 179874
4677 4891 182862 183076
4891 5079 189782 189970
5079 5290 192727 192938
5290 5439 203082 203231
5439 5518 205299 205378
5518 5650 207224 207356
5650 5832 209312 209494
5832 5919 210970 211057
5919 6052 214418 214551
6052 6204 216617 216769
6204 6457 221399 221652
6457 6696 222968 223207
6696 6823 225501 225628
6823 6972 227376 227525
6972 7180 240703 240911
7180 7237 242335 242392
7237 7416 242656 242835
7416 7630 243660 243874
7630 7788 247895 248053
7788 7864 248213 248289
7864 7943 250344 250423
7943 8184 250742 250983
8184 8263 252439 252518
8263 8339 255022 255098
8339 8394 256281 256336

>ENSPVIT00000040296
0 645 34737 35382
645 817 37954 38126
817 981 60591 60755
981 1068 63375 63462
1068 1201 67269 67402
1201 1353 67909 68061
1353 1432 69054 69133
1432 1508 71293 71369
1508 1585 76397 76474
1585 1617 77059 77091
1617 1747 77520 77650
1747 1851 82296 82400
1851 2025 83915 84089
2025 2238 86922 87135
2238 2416 91969 92147
2416 2548 96439 96571
2548 2706 98764 98922
2706 2793 114506 114593
2793 2926 117741 117874
2926 3078 119348 119500
3078 3233 122049 122204
3233 3292 126859 126918
3292 3337 128264 128309
3337 3501 132820 132984
3501 3727 141229 141455
3727 3882 154538 154693
3882 3961 155799 155878
3961 4046 160076 160161
4046 4102 161604 161660
4102 4135 161786 161819
4135 4302 164919 165086
4302 4522 176509 176729
4522 4677 179719 179874
4677 4891 182862 183076
4891 5079 189782 189970
5079 5290 192727 192938
5290 5439 203082 203231
5439 5518 205299 205378
5518 5650 207224 207356
5650 5832 209312 209494
5832 5919 210970 211057
5919 6052 214418 214551
6052 6204 216617 216769
6204 6457 221399 221652
6457 6696 222968 223207
6696 6823 225501 225628
6823 6972 227376 227525
6972 7180 240703 240911
7180 7237 242335 242392
7237 7416 242656 242835
7416 7630 243660 243874
7630 7788 247895 248053
7788 7864 248213 248289
7864 7943 250344 250423
7943 8184 250742 250983
8184 8263 252439 252518
8263 8339 255022 255098
8339 8394 256281 256336

>ENSPVIT00000040297
0 645 34737 35382
645 817 37954 38126
817 981 60591 60755
981 1068 63375 63462
1068 1201 67269 67402
1201 1353 67909 68061
1353 1432 69054 69133
1432 1508 71293 71369
1508 1585 76397 76474
1585 1617 77059 77091
1617 1747 77520 77650
1747 1851 82296 82400
1851 2025 83915 84089
2025 2238 86922 87135
2238 2416 91969 92147
2416 2548 96439 96571
2548 2706 98764 98922
2706 2793 114506 114593
2793 2926 117741 117874
2926 3078 119348 119500
3078 3233 122049 122204
3233 3292 126859 126918
3292 3337 128264 128309
3337 3501 132820 132984
3501 3727 141229 141455
3727 3882 154538 154693
3882 3961 155799 155878
3961 4046 160076 160161
4046 4102 161604 161660
4102 4135 161786 161819
4135 4302 164919 165086
4302 4522 176509 176729
4522 4677 179719 179874
4677 4891 182862 183076
4891 5079 189782 189970
5079 5290 192727 192938
5290 5439 203082 203231
5439 5518 205299 205378
5518 5650 207224 207356
5650 5832 209312 209494
5832 5919 210970 211057
5919 6052 214418 214551
6052 6204 216617 216769
6204 6457 221399 221652
6457 6696 222968 223207
6696 6823 225501 225628
6823 6972 227376 227525
6972 7180 240703 240911
7180 7237 242335 242392
7237 7416 242656 242835
7416 7630 243660 243874
7630 7788 247895 248053
7788 7864 248213 248289
7864 7943 250344 250423
7943 8184 250742 250983
8184 8260 255022 255098
8260 8409 256281 256430

>ENSPVIT00000040298
0 645 34737 35382
645 817 37954 38126
817 981 60591 60755
981 1068 63375 63462
1068 1201 67269 67402
1201 1353 67909 68061
1353 1432 69054 69133
1432 1508 71293 71369
1508 1585 76397 76474
1585 1617 77059 77091
1617 1747 77520 77650
1747 1851 82296 82400
1851 2025 83915 84089
2025 2238 86922 87135
2238 2416 91969 92147
2416 2548 96439 96571
2548 2706 98764 98922
2706 2793 114506 114593
2793 2926 117741 117874
2926 3078 119348 119500
3078 3233 122049 122204
3233 3292 126859 126918
3292 3337 128264 128309
3337 3501 132820 132984
3501 3727 141229 141455
3727 3882 154538 154693
3882 3961 155799 155878
3961 4046 160076 160161
4046 4102 161604 161660
4102 4135 161786 161819
4135 4302 164919 165086
4302 4522 176509 176729
4522 4677 179719 179874
4677 4891 182862 183076
4891 5079 189782 189970
5079 5290 192727 192938
5290 5439 203082 203231
5439 5518 205299 205378
5518 5650 207224 207356
5650 5832 209312 209494
5832 5919 210970 211057
5919 6052 214418 214551
6052 6204 216617 216769
6204 6457 221399 221652
6457 6696 222968 223207
6696 6823 225501 225628
6823 6972 227376 227525
6972 7180 240703 240911
7180 7237 242335 242392
7237 7416 242656 242835
7416 7630 243660 243874
7630 7788 247895 248053
7788 7864 248213 248289
7864 7943 250344 250423
7943 8184 250742 250983
8184 8263 252439 252518
8263 8339 255022 255098
8339 8394 256281 256336

