>FBtr0086926
0 236 1666 1902
236 387 1959 2110
387 644 2174 2431
644 939 2493 2788
939 1237 2858 3156
1237 1797 3217 3777

>FBtr0340209
0 236 1666 1902
236 387 1959 2110
387 644 2174 2431
644 939 2493 2788
939 1237 2858 3156
1237 1797 3217 3777

>FBtr0086928
0 224 5938 6162
224 375 6213 6364
375 632 6423 6680
632 909 6737 7014
909 1210 7087 7388
1210 1755 7449 7994

>FBtr0086927
0 224 5938 6162
224 375 6213 6364
375 632 6423 6680
632 909 6737 7014
909 1210 7087 7388
1210 1755 7449 7994

>FBtr0086929
0 206 80 286
206 348 346 488
348 605 540 797
605 882 856 1133
882 1186 1189 1493
1186 1752 1548 2114

>FBtr0299514
0 140 7203 7343
140 366 7556 7782
366 564 7840 8038
564 967 8102 8505
967 1125 10918 11076
1125 1225 11134 11234
1225 1577 11296 11648
1577 1674 11706 11803

>FBtr0299513
0 140 7203 7343
140 366 7556 7782
366 564 7840 8038
564 967 8102 8505
967 1125 8879 9037
1125 1222 9091 9188
1222 1577 10222 10577
1577 1671 10646 10740

>FBtr0332384
0 140 7203 7343
140 366 7556 7782
366 564 7840 8038
564 967 8102 8505
967 1125 10918 11076
1125 1225 11134 11234
1225 1577 11296 11648
1577 1674 11706 11803

>ENSMSIT00000039665
0 345 770 1115
345 568 25614 25837
568 757 28939 29128
757 955 36688 36886
955 1110 37918 38073
1110 1216 39613 39719
1216 1366 40483 40633
1366 1567 42330 42531
1567 1731 43423 43587

>MGP_SPRETEiJ_T0092648
0 345 481 826
345 568 26489 26712
568 757 29749 29938
757 955 37656 37854
955 1110 38892 39047
1110 1216 40585 40691
1216 1366 41454 41604
1366 1567 43261 43462
1567 1728 44371 44532

