>ENSPFOT00000025407
0 177 255 432
177 314 6403 6540
314 888 6631 7205
888 1218 8004 8334
1218 1459 8346 8587
1459 1521 9214 9276
1521 1609 9377 9465
1609 1713 9548 9652
1713 2163 10526 10976

>ENSPFOT00000006007
0 501 6704 7205
501 831 8004 8334
831 967 8349 8485
967 1039 8515 8587
1039 1116 9214 9291
1116 1204 9377 9465
1204 1308 9548 9652
1308 1458 10532 10682
1458 1662 10700 10904

>ENSFHET00000000779
0 488 0 488
488 516 4597 4625

>ENSGACT00000003017
0 636 5452 6088
636 756 6344 6464

>ENSGACT00000003020
0 198 80 278
198 341 5155 5298
341 717 5379 5755

>ENSGMOT00000016710
0 236 0 236
236 243 237 244
243 531 246 534
531 615 715 799
615 618 803 806
618 654 808 844

>ENSELUT00000021380
0 8 0 8
8 795 95 882

