>ENSSMAT00000019636
0 64 412 476
64 118 784 838
118 154 6850 6886
154 199 6979 7024
199 291 7122 7214
291 417 7356 7482
417 514 7624 7721
514 579 7823 7888

>ENSSMAT00000019655
0 64 412 476
64 118 784 838
118 154 975 1011
154 199 1106 1151
199 291 1246 1338
291 417 1510 1636
417 514 2231 2328
514 585 2447 2518

>ENSSMAT00000019613
0 64 489 553
64 118 726 780
118 172 1382 1436
172 208 1573 1609
208 253 1700 1745
253 345 1845 1937
345 471 2074 2200
471 636 3418 3583

>ENSCSET00000004681
0 64 9658 9722
64 115 9939 9990
115 145 10101 10131
145 193 10226 10274
193 285 10366 10458
285 411 10571 10697
411 508 10779 10876
508 576 10973 11041

>ENSCSET00000004685
0 64 403 467
64 115 787 838
115 145 10101 10131
145 193 10226 10274
193 285 10366 10458
285 411 10571 10697
411 508 10779 10876
508 576 10973 11041

>ENSCSET00000004693
0 64 403 467
64 115 9939 9990
115 145 10101 10131
145 193 10226 10274
193 285 10366 10458
285 411 10571 10697
411 508 10779 10876
508 576 10973 11041

>ENSCSET00000004702
0 64 9658 9722
64 115 9939 9990
115 145 10101 10131
145 193 10226 10274
193 285 10366 10458
285 411 10571 10697
411 579 10779 10947

>ENSCSET00000004709
0 64 9658 9722
64 115 9939 9990
115 145 10101 10131
145 193 10226 10274
193 285 10366 10458
285 411 10571 10697
411 508 10779 10876
508 576 10973 11041

>ENSCSET00000004719
0 19 0 19
19 111 147 239
111 237 338 464
237 334 582 679
334 399 770 835

>ENSCSET00000004725
0 70 40 110
70 133 365 428
133 163 514 544
163 255 627 719
255 381 813 939
381 475 1725 1819
475 540 1899 1964

