>R06C7.4.1
0 40 56 96
40 420 147 527
420 668 572 820
668 879 870 1081

>R06C7.4.2
0 40 56 96
40 420 147 527
420 668 572 820
668 879 870 1081

>R06C7.4.3
0 40 56 96
40 420 147 527
420 668 572 820
668 879 870 1081

>Y54G2A.36.1
0 173 3499 3672
173 387 3722 3936

>Y54G2A.36.2
0 173 3499 3672
173 387 3722 3936

>Y54G2A.36.3
0 173 3499 3672
173 387 3722 3936

>Y54G2A.36.4
0 173 3499 3672
173 387 3722 3936

>F52E1.5.1
0 208 46 254
208 423 618 833
423 747 3791 4115

>F52E1.5.2
0 208 46 254
208 423 618 833
423 747 3791 4115

