>ENSPTET00000042168
0 31 0 31
31 138 16830 16937
138 334 18147 18343
334 493 19115 19274
493 592 19588 19687
592 615 21199 21222

>ENSPCOT00000019781
0 31 0 31
31 138 987 1094
138 334 2216 2412
334 493 2895 3054
493 592 3366 3465
592 615 4662 4685

>ENSPANT00000037835
0 85 0 85
85 405 113 433
405 749 482 826
749 774 3223 3248

>ENSCINT00000020045
0 89 53 142
89 213 435 559
213 367 660 814
367 576 1379 1588
576 644 1811 1879
644 722 2096 2174
722 766 2213 2257
766 861 2394 2489
861 1042 2648 2829
1042 1183 3157 3298
1183 1336 3457 3610
1336 1469 3909 4042
1469 1590 4248 4369

