>ENSPTRT00000108910
0 23 0 23
23 92 37 106
92 324 28240 28472

>ENSPPAT00000048646
0 23 0 23
23 92 37 106
92 324 28105 28337

>ENSGGOT00000059909
0 107 0 107
107 339 28766 28998

>ENSNLET00000047776
0 23 0 23
23 77 63 117
77 309 25608 25840

>ENSMFAT00000008502
0 99 268 367
99 342 27864 28107

>ENSMNET00000039993
0 99 0 99
99 342 28290 28533

>ENSMMUT00000070325
0 99 20067 20166
99 342 48639 48882

>ENSMMUT00000080004
0 99 20067 20166
99 342 48639 48882

>ENSPANT00000041686
0 99 0 99
99 342 28601 28844

>ENSTGET00000036778
0 99 0 99
99 342 28871 29114

>ENSMLET00000057982
0 99 0 99
99 342 29596 29839

>ENSCATT00000047036
0 99 0 99
99 342 29649 29892

>ENSRBIT00000037761
0 99 0 99
99 510 28324 28735

>ENSRROT00000039806
0 99 0 99
99 510 28233 28644

>ENSPTET00000040213
0 99 0 99
99 447 26963 27311

