>ENSUAMT00000032352
0 184 910 1094
184 294 9302 9412

>ENSSFOT00015024136
0 121 0 121
121 223 4954 5056
223 306 13217 13300
306 447 14996 15137
447 1626 15504 16683
1626 2058 16905 17337
2058 2374 17370 17686
2374 2632 18727 18985
2632 2947 19426 19741
2947 3537 20713 21303
3537 3759 21704 21926
3759 3915 22327 22483

>ENSSFOT00015024189
0 220 3120 3340
220 322 4954 5056
322 405 13217 13300
405 546 14996 15137
546 1881 15504 16839
1881 2423 16971 17513
2423 2791 18557 18925
2791 2940 19384 19533
2940 3658 20544 21262
3658 3897 21687 21926
3897 4053 22327 22483

>ENSSFOT00015024217
0 5782 15660 21442
5782 6042 21687 21947

>ENSSFOT00015024222
0 5782 15660 21442
5782 6021 21687 21926
6021 6177 22327 22483

>ENSPKIT00000025720
0 184 856 1040
184 286 3815 3917
286 369 15218 15301
369 510 16675 16816
510 6439 17020 22949
6439 6672 23267 23500
6672 6828 23889 24045

>ENSPKIT00000025734
0 184 856 1040
184 286 3815 3917
286 369 15218 15301
369 510 16675 16816
510 2917 17020 19427
2917 6268 19598 22949
6268 6501 23267 23500
6501 6657 23889 24045

>ENSCHAT00000023388
0 187 199 386
187 289 3928 4030
289 372 18672 18755
372 513 20122 20263
513 5944 20436 25867
5944 6177 27185 27418
6177 6333 27797 27953

>ENSDCDT00000058334
0 193 168 361
193 295 1496 1598
295 378 6476 6559
378 519 6815 6956
519 5515 7041 12037
5515 5742 12131 12358
5742 5898 12455 12611

