>ENSAMXT00000049630
0 234 2045 2279
234 349 2404 2519
349 463 3024 3138
463 537 5306 5380
537 735 5568 5766
735 873 6010 6148
873 963 8086 8176
963 1107 8282 8426
1107 1191 8587 8671
1191 1425 12903 13137

>ENSAMXT00000053418
0 234 2045 2279
234 349 2404 2519
349 423 5306 5380
423 621 5568 5766
621 759 6010 6148
759 849 8086 8176
849 993 8282 8426
993 1077 8587 8671
1077 1311 12903 13137

>ENSAMXT00000017918
0 234 2045 2279
234 349 2404 2519
349 463 3024 3138
463 537 5306 5380
537 735 5568 5766
735 873 6010 6148
873 963 8086 8176
963 1107 8282 8426
1107 1191 8587 8671
1191 1197 12245 12251

