>ENSAOCT00000011386
0 120 4 124
120 279 228 387

>ENSAPOT00000025515
0 120 0 120
120 279 224 383

>ENSSPAT00000024398
0 120 0 120
120 276 216 372

>ENSLCAT00010056084
0 120 5584 5704
120 276 5832 5988

>ENSAPET00000004985
0 120 9463 9583
120 279 9687 9846

>ENSSDUT00000007525
0 120 5082 5202
120 276 5372 5528

>ENSPRNT00000059786
0 120 4538 4658
120 276 5162 5318

>ENSSMAT00000028035
0 120 4925 5045
120 276 5140 5296

>ENSCGOT00000019346
0 120 4952 5072
120 276 5200 5356

>ENSMAMT00000021159
0 120 4939 5059
120 276 5209 5365

>ENSMAMT00000021168
0 198 4861 5059
198 354 5209 5365

>ENSMMOT00000004682
0 120 0 120
120 288 235 403

