>M01B2.1.1
0 197 7 204
197 511 423 737
511 647 792 928
647 864 971 1188
864 974 1763 1873
974 1211 1917 2154
1211 1311 2518 2618
1311 1377 2666 2732

>R09D1.12.1
0 191 0 191
191 490 480 779
490 626 828 964
626 843 1023 1240
843 953 1448 1558
953 1202 1604 1853
1202 1302 2021 2121
1302 1368 2170 2236

>W04G5.6.1
0 37 0 37
37 346 105 414
346 467 455 576
467 639 629 801
639 749 845 955
749 998 1000 1249
998 1104 1297 1403
1104 1176 1448 1520

>M176.6a.1
0 86 84 170
86 266 222 402
266 550 649 933
550 677 975 1102
677 942 1142 1407
942 1052 1576 1686
1052 1280 1738 1966
1280 1386 2028 2134
1386 1467 2188 2269

>M176.6b.1
0 86 84 170
86 370 649 933
370 497 975 1102
497 762 1142 1407
762 872 1576 1686
872 1100 1738 1966
1100 1206 2028 2134
1206 1287 2188 2269

>F59F3.1.1
0 93 48 141
93 172 526 605
172 837 669 1334
837 1286 1382 1831
1286 1632 2011 2357
1632 1913 2409 2690
1913 2402 2740 3229
2402 2659 3275 3532
2659 2786 3580 3707
2786 3075 3776 4065
3075 3185 4108 4218
3185 3413 4271 4499
3413 3519 4567 4673
3519 3684 4719 4884

>F59F3.5.1
0 93 78 171
93 175 571 653
175 840 1322 1987
840 1373 2035 2568
1373 1719 2672 3018
1719 1988 3068 3337
1988 2471 3482 3965
2471 2725 4017 4271
2725 2852 4315 4442
2852 3111 4502 4761
3111 3221 4808 4918
3221 3449 4968 5196
3449 3555 5297 5403
3555 3651 5447 5543

>F59F3.5.2
0 93 78 171
93 175 571 653
175 840 1322 1987
840 1373 2035 2568
1373 1719 2672 3018
1719 1988 3068 3337
1988 2471 3482 3965
2471 2725 4017 4271
2725 2852 4315 4442
2852 3111 4502 4761
3111 3221 4808 4918
3221 3449 4968 5196
3449 3555 5297 5403
3555 3651 5447 5543

>T17A3.1.1
0 189 0 189
189 265 231 307
265 885 504 1124
885 1310 1668 2093
1310 1871 2188 2749
1871 2303 3204 3636
2303 2497 3680 3874
2497 2624 3925 4052
2624 2838 5306 5520
2838 2930 5564 5656
2930 3140 6353 6563
3140 3252 6607 6719

>M176.7.1
0 80 58 138
80 284 186 390
284 538 441 695
538 665 739 866
665 948 908 1191
948 1058 1237 1347
1058 1286 1413 1641
1286 1392 1697 1803
1392 1488 1871 1967

>M176.7.2
0 80 58 138
80 284 186 390
284 538 441 695
538 665 739 866
665 948 908 1191
948 1058 1237 1347
1058 1286 1413 1641
1286 1392 1697 1803
1392 1488 1871 1967

