>FBtr0300811
0 44 126 170
44 1903 225 2084
1903 2049 2158 2304
2049 2467 4113 4531
2467 2903 4595 5031
2903 3939 5099 6135
3939 4149 6204 6414

>C42D4.8.1
0 44 34 78
44 183 140 279
183 333 325 475
333 493 521 681
493 684 724 915
684 930 960 1206
930 1537 1488 2095
1537 2146 2142 2751
2146 3029 2797 3680
3029 3163 3739 3873
3163 3370 3922 4129
3370 4059 4514 5203
4059 4203 5320 5464

>ENSCGOT00000052113
0 44 397 441
44 180 921 1057
180 318 1170 1308
318 490 1932 2104
490 645 2196 2351
645 885 2715 2955
885 1048 3432 3595
1048 1185 4165 4302
1185 1289 4379 4483
1289 1431 4571 4713
1431 1572 4890 5031
1572 1642 5187 5257
1642 1770 5484 5612
1770 1909 5689 5828
1909 2074 6687 6852
2074 2247 7084 7257
2247 2359 8524 8636
2359 2478 9278 9397
2478 2616 9812 9950
2616 2787 10665 10836
2787 2901 12964 13078
2901 2988 14328 14415
2988 3071 14503 14586
3071 3242 15314 15485
3242 3336 15660 15754
3336 3429 15889 15982
3429 3594 16791 16956
3594 3759 17137 17302
3759 3891 17664 17796
3891 4024 17886 18019
4024 4173 18103 18252

>ENSCGOT00000052131
0 44 397 441
44 180 921 1057
180 318 1170 1308
318 490 1932 2104
490 645 2196 2351
645 885 2715 2955
885 1048 3432 3595
1048 1185 4165 4302
1185 1289 4379 4483
1289 1431 4571 4713
1431 1572 4890 5031
1572 1642 5187 5257
1642 1770 5484 5612
1770 1909 5689 5828
1909 2074 6687 6852
2074 2247 7084 7257
2247 2359 8524 8636
2359 2478 9278 9397
2478 2616 9812 9950
2616 2769 10665 10818
2769 2795 10848 10874
2795 2874 12999 13078
2874 2961 14328 14415
2961 3044 14503 14586
3044 3215 15314 15485
3215 3309 15660 15754
3309 3402 15889 15982
3402 3567 16791 16956
3567 3732 17137 17302
3732 3864 17664 17796
3864 3997 17886 18019
3997 4146 18103 18252

>ENSGACT00000003019
0 44 150 194
44 180 601 737
180 318 849 987
318 490 1446 1618
490 645 1734 1889
645 885 2048 2288
885 1048 2542 2705
1048 1185 2823 2960
1185 1289 3034 3138
1289 1431 3223 3365
1431 1572 3674 3815
1572 1642 3955 4025
1642 1770 4206 4334
1770 1909 4413 4552
1909 2074 5035 5200
2074 2247 5426 5599
2247 2359 6348 6460
2359 2478 7231 7350
2478 2616 7715 7853
2616 2787 8374 8545
2787 2901 9354 9468
2901 2988 10386 10473
2988 3071 10592 10675
3071 3242 11355 11526
3242 3336 11663 11757
3336 3429 11882 11975
3429 3594 12465 12630
3594 3759 12758 12923
3759 3891 13628 13760
3891 4024 13848 13981
4024 4173 14068 14217

>ENSCSET00000026449
0 44 172 216
44 180 616 752
180 318 1192 1330
318 490 1657 1829
490 645 1944 2099
645 885 2351 2591
885 1048 2695 2858
1048 1185 2992 3129
1185 1289 3217 3321
1289 1431 3406 3548
1431 1572 3810 3951
1572 1642 4084 4154
1642 1770 4336 4464
1770 1909 4546 4685
1909 2074 5085 5250
2074 2247 5493 5666
2247 2359 6855 6967
2359 2478 7634 7753
2478 2616 8057 8195
2616 2787 8562 8733
2787 2901 9220 9334
2901 2988 10350 10437
2988 3071 10523 10606
3071 3242 11084 11255
3242 3336 11485 11579
3336 3429 11807 11900
3429 3594 12812 12977
3594 3759 13766 13931
3759 3891 14826 14958
3891 4024 15056 15189
4024 4173 15266 15415

>ENSHCOT00000014029
0 44 0 44
44 180 707 843
180 318 918 1056
318 490 1223 1395
490 645 1471 1626
645 885 1769 2009
885 1048 2147 2310
1048 1185 3109 3246
1185 1289 3329 3433
1289 1431 3502 3644
1431 1572 4114 4255
1572 1642 4342 4412
1642 1770 4630 4758
1770 1909 4892 5031
1909 2074 5396 5561
2074 2247 5642 5815
2247 2359 6277 6389
2359 2478 6557 6676
2478 2616 6758 6896
2616 2787 7223 7394
2787 2901 8579 8693
2901 2988 9381 9468
2988 3071 9539 9622
3071 3242 9697 9868
3242 3336 10031 10125
3336 3429 10204 10297
3429 3594 10561 10726
3594 3759 10877 11042
3759 3891 11190 11322
3891 4024 11506 11639
4024 4173 12161 12310

>ENSPRNT00000052476
0 44 160 204
44 180 668 804
180 318 922 1060
318 490 1250 1422
490 645 1494 1649
645 885 1789 2029
885 1048 2109 2272
1048 1185 2579 2716
1185 1289 2806 2910
1289 1431 2986 3128
1431 1572 3543 3684
1572 1642 3783 3853
1642 1770 4057 4185
1770 1909 4269 4408
1909 2074 4611 4776
2074 2247 4898 5071
2247 2359 5647 5759
2359 2478 8803 8922
2478 2616 9309 9447
2616 2787 10308 10479
2787 2901 10761 10875
2901 2937 11875 11911
2937 3024 12204 12291
3024 3107 12371 12454
3107 3278 12797 12968
3278 3372 13370 13464
3372 3465 13605 13698
3465 3630 14369 14534
3630 3795 14749 14914
3795 3927 15795 15927
3927 4060 16011 16144
4060 4209 16224 16373

>ENSPRNT00000052477
0 44 160 204
44 180 668 804
180 318 922 1060
318 490 1250 1422
490 645 1494 1649
645 885 1789 2029
885 1048 2109 2272
1048 1185 2579 2716
1185 1289 2806 2910
1289 1431 2986 3128
1431 1572 3543 3684
1572 1642 3783 3853
1642 1770 4057 4185
1770 1909 4269 4408
1909 2074 4611 4776
2074 2247 4898 5071
2247 2359 5647 5759
2359 2478 8803 8922
2478 2616 9309 9447
2616 2787 10308 10479
2787 2901 10761 10875
2901 2988 12204 12291
2988 3071 12371 12454
3071 3242 12797 12968
3242 3336 13370 13464
3336 3429 13605 13698
3429 3594 14369 14534
3594 3759 14749 14914
3759 3891 15795 15927
3891 4024 16011 16144
4024 4173 16224 16373

>ENSPRNT00000052480
0 44 160 204
44 180 668 804
180 318 922 1060
318 490 1250 1422
490 645 1494 1649
645 885 1789 2029
885 1048 2109 2272
1048 1185 2579 2716
1185 1289 2806 2910
1289 1435 2986 3132
1435 1461 3908 3934

>ENSGWIT00000056163
0 44 168 212
44 180 1247 1383
180 318 3352 3490
318 490 4899 5071
490 645 5163 5318
645 885 5807 6047
885 1048 6578 6741
1048 1185 7544 7681
1185 1289 7768 7872
1289 1431 7943 8085
1431 1572 9882 10023
1572 1642 10145 10215
1642 1770 10357 10485
1770 1909 10562 10701
1909 2074 11049 11214
2074 2247 11332 11505
2247 2359 12146 12258
2359 2478 13089 13208
2478 2616 13738 13876
2616 2787 14773 14944
2787 2901 15907 16021
2901 2937 17466 17502
2937 3024 17741 17828
3024 3107 17900 17983
3107 3278 18868 19039
3278 3372 19267 19361
3372 3465 19455 19548
3465 3630 19671 19836
3630 3795 20838 21003
3795 3927 22360 22492
3927 4060 23230 23363
4060 4209 23444 23593

>ENSGWIT00000056164
0 44 168 212
44 180 1247 1383
180 318 3352 3490
318 490 4899 5071
490 645 5163 5318
645 885 5807 6047
885 1048 6578 6741
1048 1185 7544 7681
1185 1289 7768 7872
1289 1431 7943 8085
1431 1572 9882 10023
1572 1642 10145 10215
1642 1770 10357 10485
1770 1909 10562 10701
1909 2074 11049 11214
2074 2247 11332 11505
2247 2359 12146 12258
2359 2478 13089 13208
2478 2616 13738 13876
2616 2787 14773 14944
2787 2901 15907 16021
2901 2988 17741 17828
2988 3071 17900 17983
3071 3242 18868 19039
3242 3336 19267 19361
3336 3429 19455 19548
3429 3594 19671 19836
3594 3759 20838 21003
3759 3891 22360 22492
3891 4024 23230 23363
4024 4173 23444 23593

>ENSGWIT00000056167
0 32 347 379
32 168 1247 1383
168 306 3352 3490
306 478 4899 5071
478 633 5163 5318
633 873 5807 6047
873 1036 6578 6741
1036 1173 7544 7681
1173 1277 7768 7872
1277 1419 7943 8085
1419 1560 9882 10023
1560 1630 10145 10215
1630 1758 10357 10485
1758 1897 10562 10701
1897 2062 11049 11214
2062 2235 11332 11505
2235 2347 12146 12258
2347 2466 13089 13208
2466 2604 13738 13876
2604 2775 14773 14944
2775 2889 15907 16021
2889 2976 17741 17828
2976 3059 17900 17983
3059 3230 18868 19039
3230 3324 19267 19361
3324 3417 19455 19548
3417 3582 19671 19836
3582 3747 20838 21003
3747 3879 22360 22492
3879 4012 23230 23363
4012 4161 23444 23593

>ENSGWIT00000056170
0 117 1266 1383
117 255 3352 3490
255 427 4899 5071
427 582 5163 5318
582 822 5807 6047
822 985 6578 6741
985 1122 7544 7681
1122 1226 7768 7872
1226 1372 7943 8089
1372 1419 8411 8458

