>C50B6.5.1
0 161 0 161
161 307 246 392
307 744 836 1273
744 823 1324 1403
823 990 1450 1617

>C47E8.2.1
0 161 0 161
161 307 207 353
307 744 487 924
744 823 1332 1411
823 993 1454 1624

>F55C5.9.1
0 44 0 44
44 170 89 215
170 316 263 409
316 519 466 669
519 750 1015 1246
750 829 1290 1369
829 1002 1416 1589

>C02E7.3.1
0 307 0 307
307 811 368 872
811 969 1116 1274

>R09F10.6.1
0 44 0 44
44 170 90 216
170 316 268 414
316 516 463 663
516 747 707 938
747 826 1077 1156
826 1035 1205 1414

>C50B6.6.1
0 74 0 74
74 200 128 254
200 346 303 449
346 543 495 692
543 859 746 1062
859 1104 1127 1372

>Y38A10A.3.1
0 591 0 591
591 916 1060 1385
916 1122 1428 1634

