>ENSPTRT00000101545
0 182 0 182
182 295 203 316
295 357 341 403

>ENSPPAT00000011792
0 182 0 182
182 295 203 316
295 357 341 403

>ENSGGOT00000066036
0 182 0 182
182 295 203 316
295 357 340 402

>ENSPANT00000037291
0 182 0 182
182 297 212 327
297 366 358 427

>ENSCATT00000045371
0 182 0 182
182 297 212 327
297 366 358 427

>ENSMLET00000050887
0 182 0 182
182 297 212 327
297 366 358 427

>ENSMFAT00000003255
0 182 0 182
182 292 212 322
292 378 340 426

>ENSCCAT00000024902
0 50 0 50
50 96 63 109
96 140 140 184
140 405 214 479

