>ENSDCDT00000070701
0 21 0 21
21 490 146 615
490 890 880 1280
890 1059 1564 1733
1059 1215 1820 1976
1215 1299 2425 2509
1299 1420 2951 3072
1420 1505 3710 3795
1505 1596 3881 3972
1596 1792 4543 4739
1792 1879 4814 4901
1879 2067 5537 5725
2067 2163 5833 5929
2163 2228 6016 6081
2228 2366 6169 6307
2366 2580 6500 6714

>ENSDCDT00000070707
0 21 0 21
21 490 146 615
490 890 880 1280
890 1059 1564 1733
1059 1215 1820 1976
1215 1299 2425 2509
1299 1420 2951 3072
1420 1505 3710 3795
1505 1596 3881 3972
1596 1792 4543 4739
1792 1980 5537 5725
1980 2076 5833 5929
2076 2141 6016 6081
2141 2279 6169 6307
2279 2493 6500 6714

>ENSCHAT00000063858
0 10 0 10
10 418 456 864
418 818 1106 1506
818 987 1709 1878
987 1143 2021 2177
1143 1290 2833 2980

