>ENSCVAT00000026375
0 64 613 677
64 179 993 1108
179 270 1365 1456

>ENSFHET00000033715
0 148 0 148
148 263 618 733
263 378 1003 1118

>ENSXMAT00000036635
0 115 0 115
115 230 635 750
230 336 1062 1168

>ENSXCOT00000008885
0 64 0 64
64 179 4874 4989
179 285 5301 5407

>ENSXCOT00000008886
0 64 4316 4380
64 179 4874 4989
179 285 5301 5407

>ENSGAFT00000018109
0 64 142 206
64 179 698 813
179 279 1111 1211

>ENSPFOT00000023540
0 64 0 64
64 179 548 663
179 255 977 1053

>ENSPMET00000001897
0 64 216 280
64 179 770 885
179 285 1174 1280

>ENSPLAT00000013648
0 64 0 64
64 182 548 666
182 288 980 1086

>ENSPRET00000023795
0 68 0 68
68 179 510 621
179 285 983 1089

>ENSPMET00000001890
0 64 369 433
64 179 880 995
179 282 1273 1376

>ENSPLAT00000013622
0 64 0 64
64 179 501 616
179 282 894 997

>ENSPFOT00000021826
0 64 0 64
64 179 513 628
179 261 906 988
261 285 1475 1499

>ENSPRET00000023760
0 64 0 64
64 182 545 663
182 288 934 1040

>ENSGAFT00000018107
0 64 29 93
64 179 561 676
179 294 955 1070

>ENSCVAT00000026337
0 64 241 305
64 179 738 853
179 276 1153 1250

>ENSFHET00000025318
0 64 0 64
64 179 469 584
179 366 3752 3939

>ENSKMAT00000000286
0 64 288 352
64 182 682 800
182 282 1146 1246

