>ENSPPAT00000064066
0 441 40 481
441 524 917 1000
524 681 1747 1904
681 843 2034 2196
843 969 2277 2403
969 1187 3060 3278
1187 1255 4502 4570
1255 1407 5489 5641

>ENSPTRT00000016818
0 441 0 441
441 524 877 960
524 681 1707 1864
681 843 1994 2156
843 969 2237 2363
969 1187 3020 3238
1187 1255 4460 4528
1255 1407 5448 5600

>ENST00000335552
0 441 49 490
441 524 926 1009
524 681 1753 1910
681 843 2040 2202
843 969 2283 2409
969 1187 3066 3284
1187 1255 4509 4577
1255 1407 5496 5648

>ENSGGOT00000011278
0 441 40 481
441 524 917 1000
524 681 1747 1904
681 843 2034 2196
843 969 2278 2404
969 1187 3061 3279
1187 1255 4504 4572
1255 1407 5491 5643

>ENSPPYT00000009879
0 441 0 441
441 524 877 960
524 681 1707 1864
681 843 1994 2156
843 969 2237 2363
969 1187 3020 3238
1187 1255 4462 4530
1255 1407 5449 5601

>ENSNLET00000002805
0 441 31 472
441 524 909 992
524 681 1740 1897
681 843 2023 2185
843 969 2266 2392
969 1187 3049 3267
1187 1255 4490 4558
1255 1407 5474 5626

>ENSCSAT00000000842
0 441 0 441
441 524 877 960
524 681 1706 1863
681 843 1993 2155
843 969 2236 2362
969 1187 3017 3235
1187 1255 4462 4530
1255 1407 5440 5592

>ENSMLET00000018184
0 441 29 470
441 524 906 989
524 681 1733 1890
681 843 2020 2182
843 969 2263 2389
969 1187 3046 3264
1187 1314 4557 4684

>ENSMFAT00000021787
0 441 136 577
441 524 1069 1152
524 681 1897 2054
681 843 2184 2346
843 969 2427 2553
969 1187 3211 3429
1187 1255 4665 4733
1255 1407 5649 5801

>ENSMMUT00000002105
0 441 0 441
441 524 933 1016
524 681 1761 1918
681 843 2048 2210
843 969 2291 2417
969 1187 3075 3293
1187 1255 4526 4594
1255 1407 5510 5662

>ENSMNET00000069260
0 441 0 441
441 524 4945 5028
524 681 5773 5930
681 843 6060 6222
843 969 6303 6429
969 1187 7823 8041
1187 1255 9275 9343
1255 1407 10259 10411

>ENSTGET00000010352
0 441 0 441
441 524 876 959
524 681 1704 1861
681 843 1991 2153
843 969 2234 2360
969 1187 3020 3238
1187 1255 4439 4507
1255 1407 5418 5570

>ENSPANT00000007475
0 441 0 441
441 524 933 1016
524 681 1764 1921
681 843 2051 2213
843 969 2294 2420
969 1187 3080 3298
1187 1255 4499 4567
1255 1407 5478 5630

>ENSCATT00000040442
0 441 216 657
441 524 1148 1231
524 681 1976 2133
681 843 2263 2425
843 969 2506 2632
969 1187 3290 3508
1187 1255 4742 4810
1255 1407 5720 5872

