>ENSMLUT00000000710
0 87 0 87
87 228 16786 16927
228 312 17502 17586
312 444 39977 40109
444 631 48212 48399
631 826 49706 49901
826 1008 51898 52080
1008 1170 55264 55426
1170 1246 56552 56628
1246 1359 57065 57178
1359 1497 58912 59050
1497 1611 59138 59252
1611 1762 59849 60000
1762 1990 61913 62141
1990 2209 62236 62455
2209 2265 67372 67428
2265 2379 67991 68105
2379 2534 74678 74833
2534 2713 76261 76440
2713 2805 78103 78195
2805 3048 81649 81892
3048 3160 82888 83000
3160 3316 84955 85111
3316 3430 86319 86433
3430 3606 91124 91300
3606 3724 92837 92955
3724 3903 94967 95146
3903 4063 96789 96949
4063 4281 99561 99779
4281 4426 101508 101653
4426 4584 103285 103443
4584 4773 103938 104127
4773 4919 106129 106275
4919 5050 106379 106510
5050 5178 108148 108276
5178 5361 110383 110566
5361 5475 111338 111452
5475 5521 111969 112015
5521 5621 114211 114311
5621 5669 114993 115041
5669 5769 117349 117449
5769 5778 117618 117627
5778 5872 118105 118199
5872 6004 119551 119683
6004 6141 121968 122105
6141 6332 123393 123584
6332 6393 125823 125884
6393 6541 128517 128665
6541 6678 130382 130519

>ENSEEUT00000002318
0 87 0 87
87 228 91953 92094
228 312 92825 92909
312 444 183807 183939
444 631 211183 211370
631 826 239379 239574
826 1008 242219 242401
1008 1170 249178 249340
1170 1243 252342 252415
1243 1356 252624 252737
1356 1494 271886 272024
1494 1611 272332 272449
1611 1762 273015 273166
1762 1862 275777 275877
1862 1990 275878 276006
1990 2209 276494 276713
2209 2271 305795 305857
2271 2385 307566 307680
2385 2540 314132 314287
2540 2719 321439 321618
2719 2814 324445 324540
2814 3054 328434 328674
3054 3166 330089 330201
3166 3325 334395 334554
3325 3439 335613 335727
3439 3615 335827 336003
3615 3670 340591 340646
3670 3693 340647 340670
3693 3733 340671 340711
3733 3748 342227 342242
3748 3753 342350 342355
3753 3909 342357 342513
3909 4069 343066 343226
4069 4287 351355 351573
4287 4432 384701 384846
4432 4587 392649 392804
4587 4776 400813 401002
4776 4922 404290 404436
4922 5053 404558 404689
5053 5181 407206 407334
5181 5364 407869 408052
5364 5478 436801 436915
5478 5524 438181 438227
5524 5581 439225 439282
5581 5624 439283 439326
5624 5672 440167 440215
5672 5772 441675 441775
5772 5875 442881 442984
5875 6007 446052 446184
6007 6147 451036 451176
6147 6332 452816 453001
6332 6393 454979 455040
6393 6538 457622 457767
6538 6675 459070 459207

>ENSPVAT00000011851
0 87 0 87
87 228 20314 20455
228 312 21061 21145
312 444 47471 47603
444 631 56232 56419
631 826 57779 57974
826 1008 59684 59866
1008 1170 64084 64246
1170 1240 65404 65474
1240 1353 65684 65797
1353 1491 71065 71203
1491 1605 71293 71407
1605 1756 71999 72150
1756 1984 73510 73738
1984 2200 73834 74050
2200 2262 80156 80218
2262 2376 80798 80912
2376 2531 85917 86072
2531 2713 91776 91958
2713 2811 93519 93617
2811 3051 97765 98005
3051 3163 99013 99125
3163 3322 101099 101258
3322 3436 102458 102572
3436 3612 104942 105118
3612 3733 107062 107183
3733 3912 109482 109661
3912 4072 111347 111507
4072 4290 115408 115626
4290 4435 119531 119676
4435 4590 120770 120925
4590 4779 122877 123066
4779 4925 124280 124426
4925 5056 124530 124661
5056 5184 126391 126519
5184 5367 128621 128804
5367 5481 129725 129839
5481 5527 130343 130389
5527 5630 132157 132260
5630 5678 132796 132844
5678 5778 135022 135122
5778 5881 135792 135895
5881 6013 137554 137686
6013 6150 140316 140453
6150 6335 141714 141899
6335 6396 143658 143719
6396 6541 145994 146139
6541 6678 148334 148471

