>ENSMUST00000181652
0 61 582 643
61 99 1544 1582
99 212 2546 2659
212 258 3436 3482

>ENSMUST00000091916
0 49 582 631
49 99 1532 1582
99 212 2546 2659
212 258 3436 3482

>ENSMSIT00000035987
0 61 0 61
61 99 942 980
99 212 1939 2052
212 258 2847 2893

>MGP_SPRETEiJ_T0048574
0 61 615 676
61 99 1569 1607
99 212 2568 2681
212 255 3527 3570

>MGP_SPRETEiJ_T0048575
0 49 615 664
49 99 1557 1607
99 212 2568 2681
212 255 3527 3570

>MGP_CAROLIEiJ_T0046649
0 61 601 662
61 99 1582 1620
99 212 2576 2689
212 255 3471 3514

>MGP_CAROLIEiJ_T0046650
0 49 601 650
49 99 1570 1620
99 212 2576 2689
212 255 3471 3514

>MGP_PahariEiJ_T0039237
0 61 630 691
61 99 1612 1650
99 212 2561 2674
212 255 3465 3508

>MGP_PahariEiJ_T0039238
0 49 630 679
49 99 1600 1650
99 212 2561 2674
212 255 3465 3508

>ENSRNOT00000060113
0 61 521 582
61 99 1441 1479
99 212 2377 2490
212 258 3318 3364

>ENSMUGT00000001771
0 61 0 61
61 65 975 979
65 99 980 1014
99 215 1960 2076
215 261 2786 2832

