>ENSVURT00010035304
0 26 895 921
26 102 1064 1140
102 234 4415 4547
234 358 6505 6629
358 419 9887 9948
419 466 10112 10159
466 542 10401 10477
542 791 10625 10874
791 1053 12903 13165

>ENSPCIT00000037987
0 104 132 236
104 180 2933 3009
180 312 4273 4405
312 436 6310 6434
436 497 9555 9616
497 544 9780 9827
544 620 10069 10145
620 869 10294 10543
869 1131 12406 12668

>ENSMODT00000013496
0 104 396 500
104 180 2431 2507
180 312 4834 4966
312 436 6692 6816
436 497 10211 10272
497 544 10413 10460
544 620 10627 10703
620 869 10827 11076
869 1131 12340 12602

>ENSCHOT00000012076
0 48 0 48
48 101 49 102
101 177 5307 5383
177 240 7837 7900
240 246 7903 7909
246 297 7911 7962
297 327 10641 10671
327 343 10673 10689
343 393 10690 10740
393 412 10745 10764
412 473 17026 17087
473 520 18742 18789
520 596 19048 19124
596 773 19361 19538
773 957 21269 21453

