>ENSACAT00000010455
0 149 0 149
149 306 1697 1854
306 451 2988 3133
451 593 5068 5210
593 732 6240 6379
732 933 7302 7503
933 1174 10664 10905
1174 1297 11245 11368
1297 1464 11964 12131
1464 1690 13661 13887
1690 1862 14635 14807
1862 1890 16387 16415
1890 1962 16430 16502
1962 2095 17046 17179
2095 2287 19630 19822
2287 2378 20495 20586
2378 2620 22609 22851
2620 2793 26061 26234

>ENSPVIT00000018679
0 146 2719 2865
146 303 5776 5933
303 448 7280 7425
448 590 10805 10947
590 729 12192 12331
729 930 13339 13540
930 1171 16136 16377
1171 1294 20006 20129
1294 1461 21514 21681
1461 1687 25167 25393
1687 1859 26121 26293
1859 1971 26945 27057
1971 2104 27843 27976
2104 2296 28974 29166
2296 2384 32131 32219
2384 2626 34160 34402
2626 2805 39392 39571

>ENSPVIT00000018680
0 146 2719 2865
146 303 5776 5933
303 448 7280 7425
448 590 10805 10947
590 729 12192 12331
729 930 13339 13540
930 1171 16136 16377
1171 1294 20006 20129
1294 1461 21514 21681
1461 1687 25167 25393
1687 1859 26121 26293
1859 1971 26945 27057
1971 2104 27843 27976
2104 2192 32131 32219
2192 2434 34160 34402
2434 2613 39392 39571

>ENSPVIT00000018681
0 146 2719 2865
146 303 5776 5933
303 448 7280 7425
448 590 10805 10947
590 729 12192 12331
729 930 13339 13540
930 1171 16136 16377
1171 1294 20006 20129
1294 1461 21514 21681
1461 1687 25167 25393
1687 1859 26121 26293
1859 1971 26945 27057
1971 2104 27843 27976
2104 2296 28974 29166
2296 2384 32131 32219
2384 2626 34160 34402
2626 2805 39392 39571

>ENSNSUT00000025010
0 146 0 146
146 303 611 768
303 448 3559 3704
448 590 5293 5435
590 729 6096 6235
729 930 8061 8262
930 1171 11933 12174
1171 1294 13806 13929
1294 1461 16094 16261
1461 1687 21724 21950
1687 1859 39530 39702
1859 1971 41748 41860
1971 2104 43817 43950
2104 2296 45473 45665
2296 2387 47624 47715
2387 2629 48825 49067
2629 2805 50961 51137

>ENSNSUT00000025017
0 146 0 146
146 312 611 777
312 424 3592 3704
424 566 5293 5435
566 705 6096 6235
705 906 8061 8262
906 1192 11933 12219
1192 1240 13413 13461
1240 1407 16094 16261
1407 1633 21724 21950
1633 1805 39530 39702
1805 1917 41748 41860
1917 2050 43817 43950
2050 2242 45473 45665
2242 2333 47624 47715
2333 2575 48825 49067
2575 2751 50961 51137

>ENSNSUT00000025025
0 146 0 146
146 303 611 768
303 448 3559 3704
448 590 5293 5435
590 729 6096 6235
729 930 8061 8262
930 1171 11933 12174
1171 1294 13806 13929
1294 1461 16094 16261
1461 1687 21724 21950
1687 1851 39530 39694
1851 1984 43817 43950
1984 2176 45473 45665
2176 2267 47624 47715
2267 2509 48825 49067
2509 2685 50961 51137

>ENSNSUT00000025033
0 146 0 146
146 303 611 768
303 448 3559 3704
448 574 5293 5419
574 599 5452 5477
599 738 8123 8262
738 979 11933 12174
979 1102 13806 13929
1102 1269 16094 16261
1269 1495 21724 21950
1495 1667 39530 39702
1667 1779 41748 41860
1779 1912 43817 43950
1912 2104 45473 45665
2104 2195 47624 47715
2195 2437 48825 49067
2437 2613 50961 51137

>ENSNSUT00000025058
0 146 0 146
146 303 611 768
303 448 3559 3704
448 590 5293 5435
590 729 6096 6235
729 930 8061 8262
930 1171 11933 12174
1171 1294 13806 13929
1294 1461 16094 16261
1461 1687 21724 21950
1687 1859 39530 39702
1859 1870 43795 43806
1870 2066 45473 45669
2066 2135 47646 47715
2135 2377 48825 49067
2377 2553 50961 51137

