>F29F11.2.1
0 463 35 498
463 574 1010 1121
574 714 1163 1303
714 947 1347 1580
947 1084 1800 1937
1084 1307 2012 2235
1307 1581 2279 2553

>C32C4.7.1
0 469 0 469
469 580 515 626
580 720 673 813
720 953 853 1086
953 1090 1131 1268
1090 1313 1705 1928
1313 1611 1973 2271

>C35A5.2.1
0 451 10 461
451 562 1619 1730
562 702 1771 1911
702 935 1987 2220
935 1072 2271 2408
1072 1295 2458 2681
1295 1569 2726 3000

>F10D2.2a.1
0 144 170 314
144 454 360 670
454 1078 711 1335
1078 1164 1398 1484
1164 1397 1527 1760
1397 1572 1804 1979

>F10D2.2b.1
0 619 716 1335
619 705 1398 1484
705 938 1527 1760
938 1113 1804 1979

>F10D2.7.1
0 144 0 144
144 454 190 500
454 1078 543 1167
1078 1164 1230 1316
1164 1397 1359 1592
1397 1572 1640 1815

