>ENSPPYT00000012334
0 57 0 57
57 166 318 427
166 277 506 617
277 384 1111 1218
384 607 1221 1444
607 828 1458 1679
828 882 3412 3466
882 1119 3467 3704
1119 1212 3705 3798
1212 1251 3800 3839

>ENSPPYT00000000167
0 57 0 57
57 166 318 427
166 277 506 617
277 618 1110 1451
618 897 1456 1735
897 1134 1736 1973
1134 1272 1974 2112

>ENSPPAT00000044916
0 57 0 57
57 166 344 453
166 271 532 637
271 713 2151 2593
713 1268 2607 3162
1268 1293 3218 3243

>ENSPPAT00000044922
0 57 0 57
57 166 344 453
166 277 532 643
277 719 2151 2593
719 1308 2607 3196

>ENSPPYT00000000069
0 57 0 57
57 166 333 442
166 277 516 627
277 1323 2160 3206

>ENSGGOT00000024150
0 57 0 57
57 163 334 440
163 274 522 633
274 1335 1133 2194

>ENSGGOT00000051571
0 57 0 57
57 175 522 640
175 228 1140 1193

>ENSGGOT00000044320
0 57 0 57
57 166 361 470
166 277 549 660
277 473 1153 1349
473 656 1378 1561
656 1175 1581 2100
1175 1272 2118 2215

>ENSGGOT00000063760
0 57 0 57
57 168 549 660
168 228 1153 1213

>ENSNLET00000045503
0 57 0 57
57 166 326 435
166 490 1118 1442
490 905 1453 1868
905 1113 1891 2099
1113 1164 2121 2172

>ENST00000564130
0 175 25270 25445
175 1233 26049 27107

>ENST00000568866
0 57 24925 24982
57 166 25251 25360
166 1224 26049 27107

>ENST00000568584
0 57 24925 24982
57 166 25251 25360
166 277 25438 25549
277 1335 26049 27107

>ENST00000561967
0 57 24925 24982
57 166 25251 25360
166 277 25438 25549
277 360 26026 26109

>ENST00000562809
0 57 24925 24982
57 168 25438 25549
168 228 26049 26109

