>FBtr0078556
0 1129 10322 11451
1129 1812 11518 12201

>FBtr0078557
0 1129 10322 11451
1129 1812 11518 12201

>FBtr0078555
0 1129 10322 11451
1129 1812 11518 12201

>FBtr0273277
0 26 123 149
26 394 2087 2455
394 655 2525 2786
655 1441 2840 3626
1441 1890 3695 4144

>FBtr0075159
0 367 2088 2455
367 628 2525 2786
628 1414 2840 3626
1414 1863 3695 4144

>FBtr0110881
0 241 2303 2544
241 526 2702 2987
526 631 3054 3159
631 1447 3420 4236
1447 1723 4305 4581
1723 3189 4666 6132

>FBtr0334105
0 241 2303 2544
241 526 2702 2987
526 631 3054 3159
631 1447 3420 4236
1447 1723 4305 4581
1723 1821 6703 6801

>FBtr0301185
0 241 2303 2544
241 526 2702 2987
526 631 3054 3159
631 1447 3420 4236
1447 1723 4305 4581
1723 1821 6703 6801

>FBtr0110880
0 241 2303 2544
241 526 2702 2987
526 631 3054 3159
631 1447 3420 4236
1447 1723 4305 4581
1723 1821 6703 6801

>FBtr0100360
0 241 2303 2544
241 526 2702 2987
526 631 3054 3159
631 1447 3420 4236
1447 1723 4305 4581
1723 3189 4666 6132

