>ENSEBUT00000007643
0 55 30981 31036
55 156 31380 31481
156 211 31685 31740
211 291 35906 35986
291 430 36080 36219
430 511 36431 36512
511 592 41822 41903
592 681 44472 44561
681 872 44768 44959
872 975 45066 45169
975 1082 45471 45578
1082 1236 46708 46862

>ENSEBUT00000007664
0 192 20810 21002
192 253 30975 31036
253 354 31380 31481
354 409 31685 31740
409 489 35906 35986
489 628 36080 36219
628 709 36431 36512
709 790 41822 41903
790 879 44472 44561
879 1070 44768 44959
1070 1173 45066 45169
1173 1280 45471 45578
1280 1434 46708 46862

>ENSPVIT00000040731
0 12 0 12
12 142 4277 4407
142 269 5537 5664
269 360 6892 6983
360 436 7268 7344
436 597 7857 8018
597 735 8712 8850
735 827 9096 9188
827 868 9738 9779
868 990 10066 10188
990 1051 10688 10749
1051 1149 11287 11385
1149 1201 11932 11984
1201 1290 12314 12403
1290 1429 13343 13482
1429 1513 13623 13707
1513 1594 13805 13886
1594 1683 14612 14701
1683 1874 15158 15349
1874 1977 15439 15542
1977 2084 15666 15773
2084 2187 15980 16083

>ENSPVIT00000040732
0 12 0 12
12 142 4277 4407
142 269 5537 5664
269 360 6892 6983
360 436 7268 7344
436 597 7857 8018
597 689 9096 9188
689 730 9738 9779
730 852 10066 10188
852 913 10688 10749
913 1011 11287 11385
1011 1063 11932 11984
1063 1152 12314 12403
1152 1291 13343 13482
1291 1375 13623 13707
1375 1456 13805 13886
1456 1545 14612 14701
1545 1736 15158 15349
1736 1839 15439 15542
1839 1946 15666 15773
1946 2049 15980 16083

>ENSACAT00000009085
0 15 624 639
15 145 5511 5641
145 272 7131 7258
272 363 9817 9908
363 439 10230 10306
439 600 10815 10976
600 738 11901 12039
738 830 14114 14206
830 871 14759 14800
871 993 14888 15010
993 1054 16298 16359
1054 1152 17557 17655
1152 1204 18411 18463
1204 1293 18647 18736
1293 1432 19786 19925
1432 1516 20046 20130
1516 1597 20223 20304
1597 1686 20870 20959
1686 1877 22099 22290
1877 1980 22379 22482
1980 2087 22598 22705
2087 2190 22899 23002

