>ENSOANT00000012368
0 896 0 896
896 960 1000 1064

>ENSOANT00000012369
0 780 0 780
780 843 3262 3325
843 846 4425 4428
846 914 4873 4941
914 948 5070 5104

>ENSOANT00000006963
0 869 18 887
869 912 1246 1289

>ENSOANT00000006964
0 877 0 877
877 906 1181 1210

>ENSOANT00000007371
0 920 0 920
920 951 1266 1297

>ENSOANT00000021870
0 182 0 182
182 557 196 571
557 827 584 854
827 885 926 984

>ENSOANT00000005663
0 882 795 1677
882 948 1959 2025

>ENSOANT00000005664
0 26 0 26
26 36 143 153
36 890 840 1694
890 912 1789 1811

>ENSOANT00000021319
0 58 0 58
58 93 210 245
93 987 275 1169

>ENSOANT00000007792
0 898 0 898
898 918 1390 1410

>ENSOANT00000007793
0 898 0 898
898 912 1009 1023

>ENSOANT00000030652
0 864 0 864
864 915 1675 1726

>ENSOANT00000021790
0 873 0 873
873 948 1519 1594

>ENSOANT00000010727
0 912 0 912
912 938 1280 1306
938 948 2011 2021

>ENSOANT00000030658
0 912 0 912
912 929 1281 1298
929 948 1395 1414

>ENSOANT00000019153
0 220 0 220
220 309 246 335
309 423 339 453
423 493 488 558
493 850 571 928
850 891 1017 1058

>ENSOANT00000019155
0 232 0 232
232 321 246 335
321 428 339 446
428 467 462 501
467 492 517 542
492 918 555 981

>ENSOANT00000029276
0 37 39 76
37 505 446 914
505 525 995 1015

>ENSOANT00000005851
0 34 0 34
34 1017 45 1028
1017 1032 1802 1817
1032 1059 2119 2146

>ENSOANT00000021789
0 896 557 1453
896 908 1595 1607
908 945 2820 2857

>ENSOANT00000021788
0 15 0 15
15 36 263 284
36 887 602 1453
887 921 1988 2022

>ENSOANT00000020683
0 428 0 428
428 852 446 870

>ENSOANT00000005854
0 36 0 36
36 134 775 873
134 1048 1137 2051
1048 1104 2467 2523

>ENSOANT00000016859
0 32 0 32
32 599 907 1474
599 897 1579 1877

>ENSOANT00000029928
0 78 0 78
78 686 80 688
686 738 754 806

>ENSOANT00000000422
0 849 0 849

>ENSOANT00000000420
0 9 0 9
9 51 546 588
51 930 669 1548

>ENSOANT00000000421
0 909 624 1533
909 963 1632 1686

>ENSOANT00000031972
0 90 0 90
90 126 746 782
126 211 4173 4258
211 550 6047 6386
550 759 6402 6611

>ENSOANT00000031971
0 90 0 90
90 117 5688 5715
117 166 5971 6020
166 517 6035 6386
517 726 6402 6611

>ENSOANT00000023003
0 912 0 912
912 951 1763 1802

>ENSOANT00000018271
0 27 0 27
27 770 108 851
770 873 866 969
873 906 1641 1674

>ENSOANT00000018272
0 906 63 969
906 925 1049 1068
925 948 1134 1157

>ENSOANT00000024541
0 530 0 530
530 641 568 679
641 807 690 856
807 864 1196 1253

>ENSOANT00000008482
0 53 0 53
53 1008 1063 2018

>ENSOANT00000008485
0 50 0 50
50 64 292 306
64 80 779 795
80 891 1063 1874

>ENSOANT00000030632
0 179 0 179
179 410 193 424
410 770 444 804
770 833 887 950
833 840 1074 1081

>ENSOANT00000016509
0 47 0 47
47 72 2312 2337
72 945 2361 3234

>ENSOANT00000020516
0 869 0 869
869 905 2031 2067
905 948 2224 2267

>ENSOANT00000010615
0 912 0 912
912 928 1887 1903
928 951 2230 2253

>ENSPCIT00000034091
0 963 0 963

>ENSVURT00010032491
0 963 0 963

>ENSMODT00000067282
0 960 0 960

>ENSMODT00000068629
0 960 0 960

>ENSMODT00000075104
0 960 0 960

>ENSMODT00000083731
0 960 0 960

>ENSMODT00000087220
0 960 0 960

>ENSMODT00000070291
0 960 0 960

>ENSMODT00000059727
0 960 0 960

>ENSMODT00000055984
0 960 0 960

>ENSMODT00000060014
0 960 0 960

>ENSMODT00000080700
0 960 0 960

>ENSMODT00000084169
0 960 0 960

>ENSMODT00000087113
0 960 0 960

>ENSMODT00000053275
0 960 0 960

>ENSMODT00000060097
0 960 0 960

>ENSMODT00000063254
0 960 0 960

>ENSMODT00000066562
0 960 0 960

>ENSMODT00000069258
0 960 0 960

>ENSMODT00000070007
0 960 0 960

>ENSDNOT00000041605
0 930 0 930

>ENSDNOT00000037164
0 858 0 858
858 911 1542 1595
911 933 1810 1832

>ENSBMUT00000026122
0 930 0 930

>ENSBTAT00000081654
0 12 0 12
12 924 242 1154

