>R03G8.3.1
0 255 0 255
255 377 306 428
377 524 472 619
524 620 667 763
620 733 805 918
733 873 1064 1204
873 962 1251 1340
962 1212 1731 1981
1212 1434 2038 2260
1434 1598 2418 2582
1598 1707 2629 2738
1707 1803 2792 2888
1803 1965 2934 3096

>Y73F8A.35a.1
0 243 20 263
243 362 391 510
362 509 729 876
509 605 1461 1557
605 718 1693 1806
718 858 1852 1992
858 947 2081 2170
947 1197 3108 3358
1197 1419 3404 3626
1419 1583 5091 5255
1583 1692 5314 5423
1692 1788 5473 5569
1788 1965 6437 6614

>Y73F8A.35b.1
0 110 400 510
110 257 729 876
257 353 1461 1557
353 466 1693 1806
466 606 1852 1992
606 695 2081 2170
695 945 3108 3358
945 1167 3404 3626
1167 1331 5091 5255
1331 1440 5314 5423
1440 1536 5473 5569
1536 1713 6437 6614

>R03G8.1.1
0 207 0 207
207 326 248 367
326 482 412 568
482 575 620 713
575 688 754 867
688 828 910 1050
828 917 1097 1186
917 1221 1286 1590
1221 1443 2115 2337
1443 1607 2393 2557
1607 1716 2599 2708
1716 1812 2754 2850
1812 1992 2894 3074

