>ENSVURT00010018153
0 1444 0 1444
1444 1698 14679 14933

>ENSPCIT00000012084
0 1444 46 1490
1444 1698 16285 16539

>ENSMEUT00000012096
0 801 0 801
801 1444 802 1445
1444 1698 12739 12993

>ENSSHAT00000007465
0 673 0 673
673 1435 686 1448
1435 1689 14353 14607

>ENSMODT00000011215
0 1434 0 1434
1434 1444 1436 1446
1444 1698 13024 13278

>ENSLAFT00000001953
0 1471 0 1471
1471 1725 9427 9681

>ENSETET00000004280
0 186 0 186
186 189 188 191
189 1468 195 1474
1468 1722 55833 56087

>ENSDNOT00000003810
0 1471 1157 2628
1471 1725 10899 11153

>ENSPSMT00000043688
0 1471 0 1471
1471 1725 7595 7849

>ENSMICT00000007635
0 1471 258 1729
1471 1725 7647 7901

>ENSPCOT00000033466
0 1471 1234 2705
1471 1725 8796 9050

>ENSOGAT00000004921
0 1471 21 1492
1471 1725 8998 9252

>ENSPTRT00000013479
0 1471 312 1783
1471 1725 8168 8422

>ENSPPAT00000062515
0 1471 436 1907
1471 1725 8278 8532

>ENST00000308527
0 1471 1197 2668
1471 1725 9056 9310

>ENSGGOT00000016028
0 1471 1713 3184
1471 1725 9554 9808

>ENSPPYT00000007868
0 1471 0 1471
1471 1709 7842 8080
1709 1719 25840 25850

>ENSNLET00000017004
0 957 0 957
957 1468 959 1470
1468 1722 8714 8968

>ENSMNET00000033676
0 1471 262 1733
1471 1725 8189 8443

>ENSMMUT00000022649
0 1471 1230 2701
1471 1725 9167 9421

>ENSMFAT00000023682
0 1471 309 1780
1471 1725 8244 8498

>ENSCATT00000052599
0 1471 262 1733
1471 1725 8201 8455

>ENSCATT00000052602
0 1471 262 1733
1471 1709 8201 8439
1709 1767 9317 9375

>ENSTGET00000042660
0 1471 0 1471
1471 1725 8403 8657

>ENSPANT00000026626
0 1471 0 1471
1471 1725 8251 8505

>ENSMLET00000028943
0 1471 1178 2649
1471 1725 9114 9368

>ENSCSAT00000012680
0 1471 0 1471
1471 1725 7948 8202

>ENSPTET00000007756
0 1471 0 1471
1471 1725 7939 8193

