>ENSRROT00000030809
0 87 2 89
87 241 3592 3746
241 359 6090 6208
359 459 6634 6734
459 666 8277 8484

>ENSRROT00000030816
0 87 2 89
87 241 3592 3746
241 303 6634 6696

>ENSRBIT00000021357
0 87 2 89
87 241 3586 3740
241 359 6012 6130
359 459 6556 6656
459 666 8204 8411

>ENSRBIT00000021377
0 87 2 89
87 241 3586 3740
241 303 6556 6618

>ENSPTET00000052818
0 87 0 87
87 241 3595 3749
241 359 6007 6125
359 459 6551 6651
459 666 8187 8394

>ENSPTET00000052819
0 87 0 87
87 241 3595 3749
241 303 6551 6613

