>ENSPPAT00000039914
0 154 34422 34576
154 240 35075 35161

>ENSPPAT00000039920
0 91 30302 30393
91 121 33488 33518
121 283 34414 34576
283 369 35075 35161

>ENSPPAT00000039921
0 91 30302 30393
91 253 34414 34576
253 339 35075 35161

>ENSPTRT00000083046
0 91 991 1082
91 253 5107 5269
253 339 5768 5854

>ENSPTRT00000012290
0 91 991 1082
91 121 4179 4209
121 283 5107 5269
283 369 5768 5854

>ENST00000614204
0 91 6847 6938
91 121 10015 10045
121 195 10945 11019

>ENST00000618863
0 154 10953 11107
154 240 11606 11692

