>FBtr0074347
0 120 123 243
120 382 332 594
382 567 759 944

>FBtr0310520
0 120 123 243
120 382 332 594
382 567 759 944

>Y47D3A.21.1
0 91 1 92
91 394 521 824
394 579 1950 2135

>ENSEEET00000046381
0 100 1699 1799
100 120 2014 2034
120 205 2201 2286
205 298 2394 2487
298 415 2898 3015
415 555 3138 3278
555 600 3679 3724

>ENSEEET00000046401
0 100 1699 1799
100 220 2175 2295
220 313 2394 2487
313 430 2898 3015
430 570 3138 3278
570 615 3679 3724

>ENSEEET00000046404
0 100 1699 1799
100 120 2094 2114
120 205 2201 2286
205 298 2394 2487
298 415 2898 3015
415 555 3138 3278
555 600 3679 3724

>ENSPNAT00000037787
0 100 0 100
100 208 2300 2408
208 301 2529 2622
301 418 4384 4501
418 558 4591 4731
558 603 4921 4966

>ENSAMXT00000047819
0 100 11 111
100 120 372 392
120 211 720 811
211 304 978 1071
304 421 1501 1618
421 561 1709 1849
561 606 2285 2330

>ENSAMXT00000019966
0 84 11 95
84 175 720 811
175 268 978 1071
268 385 1501 1618
385 525 1709 1849
525 570 2285 2330

