>ENSVURT00010006910
0 100 200 300
100 218 20769 20887
218 347 26317 26446
347 441 31699 31793
441 546 32614 32719
546 685 37646 37785
685 855 38917 39087

>ENSPCIT00000008854
0 100 216 316
100 218 19929 20047
218 347 29358 29487
347 441 37075 37169
441 546 37996 38101
546 685 42392 42531
685 855 43666 43836

>ENSMODT00000055351
0 104 670 774
104 266 3036 3198
266 395 7814 7943
395 489 19058 19152
489 603 19884 19998
603 840 25213 25450

>ENSSHAT00000022000
0 86 19358 19444
86 215 23911 24040
215 309 35090 35184
309 414 35980 36085
414 553 42424 42563
553 723 43797 43967

