>ENSPTRT00000014500
0 31 264 295
31 211 4810 4990
211 401 12550 12740
401 795 16669 17063

>ENSPTRT00000094277
0 31 264 295
31 221 12550 12740
221 615 16669 17063

>ENSPPAT00000039315
0 31 44 75
31 211 4581 4761
211 401 12311 12501
401 795 16422 16816

>ENST00000537222
0 31 63 94
31 221 12319 12509
221 615 16450 16844

>ENST00000424898
0 31 63 94
31 211 4609 4789
211 401 12319 12509
401 795 16450 16844

>ENSGGOT00000068636
0 31 64 95
31 211 4601 4781
211 401 12348 12538
401 795 16476 16870

>ENSGGOT00000015445
0 31 64 95
31 221 12348 12538
221 615 16476 16870

>ENSNLET00000049590
0 31 63 94
31 221 12315 12505
221 615 16623 17017

>ENSNLET00000015527
0 31 63 94
31 211 4556 4736
211 401 12315 12505
401 795 16623 17017

>ENSCATT00000056366
0 31 0 31
31 211 4775 4955
211 401 12788 12978
401 795 16904 17298

>ENSCATT00000056367
0 31 0 31
31 221 12788 12978
221 615 16904 17298

>ENSMLET00000035109
0 31 63 94
31 221 12490 12680
221 615 16614 17008

>ENSMLET00000035113
0 31 63 94
31 211 4847 5027
211 401 12490 12680
401 795 16614 17008

>ENSMFAT00000012041
0 31 85 116
31 221 12556 12746
221 615 16670 17064

>ENSMFAT00000012049
0 31 85 116
31 211 4856 5036
211 401 12556 12746
401 795 16670 17064

>ENSMMUT00000025699
0 31 0 31
31 221 12472 12662
221 615 16589 16983

>ENSMNET00000060308
0 31 83 114
31 211 4866 5046
211 401 12570 12760
401 795 16686 17080

>ENSMNET00000060312
0 31 83 114
31 221 12570 12760
221 615 16686 17080

>ENSPANT00000006216
0 31 0 31
31 211 4801 4981
211 401 12492 12682
401 795 16609 17003

>ENSPANT00000039265
0 31 0 31
31 221 12492 12682
221 615 16609 17003

>ENSTGET00000030899
0 31 0 31
31 211 5128 5308
211 401 12690 12880
401 795 16803 17197

>ENSTGET00000030900
0 31 0 31
31 221 12690 12880
221 615 16803 17197

>ENSCSAT00000005190
0 31 0 31
31 211 4739 4919
211 401 12487 12677
401 795 16898 17292

