>FBtr0302724
0 54 1621 1675
54 606 3907 4459
606 642 4543 4579
642 1149 4640 5147

>FBtr0303165
0 54 1621 1675
54 606 3907 4459
606 642 4543 4579
642 1149 4640 5147

>FBtr0335519
0 186 3485 3671
186 738 3907 4459
738 774 4543 4579
774 1281 4640 5147

>FBtr0302726
0 54 4525 4579
54 561 4640 5147

>FBtr0302727
0 141 3150 3291
141 693 3907 4459
693 729 4543 4579
729 1236 4640 5147

>FBtr0302725
0 54 1621 1675
54 606 3907 4459
606 642 4543 4579
642 1149 4640 5147

>FBtr0087012
0 140 15767 15907
140 526 16128 16514
526 1304 16957 17735
1304 3536 17876 20108
3536 4206 20179 20849

>FBtr0087011
0 365 15297 15662
365 494 15778 15907
494 880 16128 16514
880 1658 16957 17735
1658 3890 17876 20108
3890 4560 20179 20849

>FBtr0113378
0 145 6376 6521
145 528 14721 15104
528 938 15252 15662
938 1067 15778 15907
1067 1453 16128 16514
1453 2231 16957 17735
2231 4463 17876 20108
4463 5133 20179 20849

>FBtr0302611
0 140 15767 15907
140 526 16128 16514
526 1304 16957 17735
1304 1994 19418 20108
1994 2664 20179 20849

>FBtr0087010
0 616 11576 12192
616 999 14721 15104
999 1409 15252 15662
1409 1538 15778 15907
1538 1924 16128 16514
1924 2702 16957 17735
2702 4934 17876 20108
4934 5604 20179 20849

>FBtr0273340
0 409 11576 11985
409 792 14721 15104
792 1202 15252 15662
1202 1331 15778 15907
1331 1717 16128 16514
1717 2495 16957 17735
2495 4727 17876 20108
4727 5397 20179 20849

>FBtr0273341
0 616 11576 12192
616 999 14721 15104
999 1409 15252 15662
1409 1538 15778 15907
1538 3770 17876 20108
3770 4440 20179 20849

>FBtr0087009
0 365 15297 15662
365 494 15778 15907
494 2726 17876 20108
2726 3396 20179 20849

>FBtr0300958
0 365 15297 15662
365 494 15778 15907
494 880 16128 16514
880 1658 16957 17735
1658 2348 19418 20108
2348 3018 20179 20849

