>ENSCINT00000022575
0 20 96 116
20 64 193 237
64 188 313 437
188 341 534 687
341 449 943 1051
449 619 1275 1445
619 766 1569 1716
766 995 1950 2179
995 1268 2414 2687
1268 1422 2937 3091
1422 1651 3429 3658
1651 1797 3924 4070

>ENSCSAVT00000020210
0 341 17 358
341 519 801 979
519 617 1350 1448
617 780 2017 2180
780 1042 2577 2839
1042 1170 3319 3447

>ENSCINT00000027427
0 26 0 26
26 76 467 517
76 140 845 909
140 233 1139 1232
233 359 1463 1589
359 446 1872 1959
446 560 2368 2482
560 656 2832 2928
656 847 3310 3501
847 983 3564 3700
983 1073 3886 3976
1073 1208 4035 4170
1208 1331 4474 4597
1331 1513 4954 5136
1513 1877 5400 5764
1877 2055 6097 6275
2055 2156 6918 7019
2156 2322 7215 7381
2322 2551 7654 7883
2551 2685 8141 8275

>ENSCINT00000022608
0 123 45 168
123 357 769 1003
357 478 1748 1869
478 651 1945 2118

>ENSCSAVT00000017110
0 49 2 51
49 260 200 411
260 447 490 677
447 681 885 1119
681 811 1318 1448
811 984 1508 1681

>ENSCINT00000024409
0 23 41 64
23 283 349 609
283 445 830 992
445 671 1384 1610
671 852 1865 2046
852 1089 2359 2596
1089 1339 3042 3292
1339 1470 3515 3646

>ENSCSAVT00000011661
0 23 42 65
23 292 273 542
292 454 782 944
454 674 1197 1417
674 855 1829 2010
855 1092 2104 2341
1092 1333 2530 2771
1333 1461 3032 3160

>ENSCSAVT00000005632
0 23 22 45
23 385 760 1122
385 550 1368 1533
550 776 1793 2019
776 960 2287 2471
960 1188 2835 3063
1188 1489 3354 3655
1489 1608 4055 4174

>ENSCINT00000015675
0 23 63 86
23 358 200 535
358 526 592 760
526 749 1145 1368
749 939 1428 1618
939 1167 1693 1921
1167 1462 2014 2309
1462 1599 2370 2507

>ENSCSAVT00000019402
0 23 62 85
23 256 439 672
256 412 826 982
412 638 1378 1604
638 657 2287 2306

>ENSCSAVT00000019403
0 86 1518 1604
86 270 2286 2470
270 501 2700 2931
501 709 3348 3556
709 825 3985 4101

>ENSCSAVT00000005602
0 55 1265 1320
55 278 1738 1961
278 459 2401 2582
459 690 2987 3218
690 922 3579 3811
922 1044 4325 4447

>ENSCSAVT00000005603
0 23 59 82
23 277 632 886
277 433 1164 1320
433 656 1738 1961
656 837 2401 2582
837 873 2989 3025

>ENSCINT00000015674
0 26 93 119
26 259 189 422
259 412 561 714
412 626 1103 1317
626 804 1578 1756
804 1035 2062 2293
1035 1252 2514 2731
1252 1374 3316 3438

