>ENSAOCT00000024213
0 144 27 171
144 210 3163 3229
210 1066 3728 4584
1066 1202 5182 5318
1202 1354 7035 7187
1354 1444 7417 7507
1444 1642 9295 9493
1642 1835 9969 10162
1835 1914 12810 12889

>ENSAPOT00000012332
0 81 2845 2926
81 147 6148 6214
147 1003 6681 7537
1003 1139 8126 8262
1139 1291 9438 9590
1291 1381 9821 9911
1381 1579 11618 11816
1579 1772 12272 12465
1772 1851 15154 15233

>ENSPLAT00000023470
0 342 0 342
342 503 717 878
503 534 2577 2608

>ENSTRUT00000052923
0 57 4519 4576
57 132 4711 4786
132 210 5177 5255
210 276 5659 5725
276 1238 6043 7005
1238 1387 7281 7430
1387 1477 7592 7682
1477 1699 7910 8132
1699 1892 8373 8566
1892 1956 9448 9512

>ENSTRUT00000057093
0 57 4519 4576
57 132 4711 4786
132 210 5177 5255
210 276 5659 5725
276 1027 6043 6794
1027 1154 6878 7005
1154 1303 7281 7430
1303 1393 7592 7682
1393 1615 7910 8132
1615 1808 8373 8566
1808 1872 9448 9512

