>ENSEBUT00000018571
0 97 0 97
97 413 2684 3000
413 603 7133 7323
603 729 19445 19571
729 1727 38007 39005
1727 1875 46282 46430
1875 2003 46511 46639
2003 2130 46773 46900
2130 2260 47012 47142
2260 2376 47831 47947

>ENSGALT00000080548
0 296 0 296
296 403 3623 3730
403 486 3882 3965
486 576 4230 4320
576 621 4993 5038
621 820 5281 5480
820 901 5806 5887
901 1044 9976 10119
1044 1630 10197 10783
1630 1704 11032 11106
1704 1879 11468 11643
1879 1992 12219 12332
1992 2112 12488 12608
2112 2240 12801 12929
2240 2364 13251 13375
2364 2494 14455 14585
2494 2604 14740 14850

>ENSGALT00000078679
0 296 0 296
296 403 3623 3730
403 486 3882 3965
486 576 4230 4320
576 621 4993 5038
621 820 5281 5480
820 901 5806 5887
901 1708 9976 10783
1708 1782 11032 11106
1782 1957 11468 11643
1957 2070 12219 12332
2070 2190 12488 12608
2190 2318 12801 12929
2318 2688 13251 13621

>ENSGALT00000086559
0 296 0 296
296 403 3623 3730
403 486 3882 3965
486 576 4230 4320
576 621 4993 5038
621 820 5281 5480
820 901 5806 5887
901 1044 9976 10119
1044 1630 10197 10783
1630 1704 11032 11106
1704 1879 11468 11643
1879 1992 12219 12332
1992 2112 12488 12608
2112 2240 12801 12929
2240 2610 13251 13621

