>ENSCHAT00000043377
0 21 677 698
21 298 1984 2261
298 453 2808 2963
453 583 5357 5487
583 723 6176 6316
723 958 6781 7016
958 1141 7609 7792
1141 1251 8142 8252
1251 1395 9673 9817
1395 1471 10194 10270
1471 1655 11088 11272
1655 1758 11512 11615
1758 1829 11790 11861
1829 1899 11991 12061
1899 1991 12162 12254
1991 2168 12519 12696
2168 2231 13066 13129
2231 2308 13446 13523
2308 2451 13867 14010
2451 2559 14348 14456
2559 2640 14600 14681
2640 2841 15489 15690

>ENSCHAT00000043965
0 343 1918 2261
343 498 2808 2963
498 633 5357 5492
633 771 6178 6316
771 1006 6781 7016
1006 1189 7609 7792
1189 1299 8142 8252
1299 1462 9673 9836
1462 1494 11046 11078
1494 1637 11114 11257
1637 1740 11512 11615
1740 1905 11896 12061
1905 1997 12162 12254
1997 2174 12519 12696
2174 2237 13066 13129
2237 2314 13446 13523
2314 2457 13867 14010
2457 2571 14348 14462
2571 2652 14600 14681
2652 2853 15489 15690

>ENSCHAT00000043983
0 349 1918 2267
349 504 2808 2963
504 611 5357 5464
611 795 6132 6316
795 1030 6781 7016
1030 1213 7609 7792
1213 1323 8142 8252
1323 1467 9673 9817
1467 1543 10194 10270
1543 1701 11088 11246
1701 1875 11887 12061
1875 1967 12162 12254
1967 2144 12519 12696
2144 2207 13066 13129
2207 2284 13446 13523
2284 2427 13867 14010
2427 2541 14348 14462
2541 2622 14600 14681
2622 2823 15489 15690

>ENSCHAT00000044020
0 375 1918 2293
375 453 2885 2963
453 546 5357 5450
546 562 5484 5500
562 702 6176 6316
702 937 6781 7016
937 1120 7609 7792
1120 1230 8142 8252
1230 1374 9673 9817
1374 1450 10194 10270
1450 1608 11088 11246
1608 1782 11887 12061
1782 1874 12162 12254
1874 2051 12519 12696
2051 2114 13066 13129
2114 2191 13446 13523
2191 2334 13867 14010
2334 2448 14348 14462
2448 2529 14600 14681
2529 2730 15489 15690

>ENSCHAT00000044118
0 343 1918 2261
343 492 2808 2957
492 609 5357 5474
609 747 6178 6316
747 982 6781 7016
982 1165 7609 7792
1165 1275 8142 8252
1275 1419 9673 9817
1419 1495 10194 10270
1495 1653 11088 11246
1653 1681 11279 11307
1681 1820 12115 12254
1820 1997 12519 12696
1997 2060 13066 13129
2060 2137 13446 13523
2137 2280 13867 14010
2280 2394 14348 14462
2394 2475 14600 14681
2475 2676 15489 15690

>ENSDCDT00000040838
0 135 0 135
135 373 768 1006
373 528 1097 1252
528 658 2752 2882
658 810 3160 3312
810 1027 3420 3637
1027 1223 3902 4098
1223 1323 4217 4317
1323 1467 4980 5124
1467 1543 5585 5661
1543 1727 5796 5980
1727 1783 6078 6134
1783 1926 6353 6496
1926 2018 6587 6679
2018 2195 6766 6943
2195 2258 7715 7778
2258 2335 7847 7924
2335 2478 8017 8160
2478 2586 8452 8560
2586 2667 8632 8713
2667 2868 8827 9028

>ENSDCDT00000040926
0 21 0 21
21 295 741 1015
295 450 1097 1252
450 580 2752 2882
580 732 3160 3312
732 949 3420 3637
949 1132 3902 4085
1132 1242 4207 4317
1242 1386 4980 5124
1386 1462 5585 5661
1462 1646 5796 5980
1646 1749 6078 6181
1749 1820 6267 6338
1820 1890 6426 6496
1890 1982 6587 6679
1982 2159 6766 6943
2159 2222 7715 7778
2222 2299 7847 7924
2299 2442 8017 8160
2442 2550 8452 8560
2550 2631 8632 8713
2631 2832 8827 9028

>ENSDCDT00000041500
0 21 0 21
21 295 741 1015
295 444 1097 1246
444 561 2752 2869
561 699 3174 3312
699 848 3420 3569
848 865 3745 3762
865 1052 3902 4089
1052 1152 4217 4317
1152 1296 4980 5124
1296 1372 5585 5661
1372 1556 5796 5980
1556 1646 6078 6168
1646 1791 6351 6496
1791 1883 6587 6679
1883 2060 6766 6943
2060 2123 7715 7778
2123 2200 7847 7924
2200 2343 8017 8160
2343 2451 8452 8560
2451 2532 8632 8713
2532 2733 8827 9028

>ENSDCDT00000041501
0 21 0 21
21 295 741 1015
295 450 1097 1252
450 567 2752 2869
567 705 3174 3312
705 922 3420 3637
922 1105 3902 4085
1105 1215 4207 4317
1215 1291 5585 5661
1291 1475 5796 5980
1475 1565 6078 6168
1565 1710 6351 6496
1710 1802 6587 6679
1802 1979 6766 6943
1979 2042 7715 7778
2042 2119 7847 7924
2119 2262 8017 8160
2262 2370 8452 8560
2370 2451 8632 8713
2451 2652 8827 9028

>ENSDCDT00000041667
0 13 426 439
13 211 787 985
211 366 1097 1252
366 480 2752 2866
480 618 3174 3312
618 835 3420 3637
835 1018 3902 4085
1018 1128 4207 4317
1128 1272 4980 5124
1272 1348 5585 5661
1348 1414 5796 5862
1414 1601 5981 6168
1601 1746 6351 6496
1746 1838 6587 6679
1838 2015 6766 6943
2015 2078 7715 7778
2078 2155 7847 7924
2155 2298 8017 8160
2298 2406 8452 8560
2406 2487 8632 8713
2487 2688 8827 9028

