>C29F3.2.1
0 96 71 167
96 294 414 612
294 383 658 747
383 622 788 1027
622 906 1074 1358
906 960 1406 1460
960 1012 1504 1556
1012 1190 1604 1782
1190 1347 1861 2018
1347 1512 2066 2231
1512 1653 2283 2424

>ZK678.5.1
0 99 5 104
99 297 985 1183
297 392 1339 1434
392 631 2146 2385
631 972 2472 2813
972 1024 3903 3955
1024 1208 3999 4183
1208 1371 4230 4393
1371 1536 4451 4616
1536 1674 4664 4802

>ZK1037.10.1
0 105 200 305
105 303 354 552
303 398 915 1010
398 637 1087 1326
637 774 1375 1512
774 808 1564 1598
808 992 1642 1826
992 1152 1991 2151
1152 1317 2193 2358
1317 1446 2595 2724

