>ENSPCIT00000046945
0 82 0 82
82 177 858 953
177 229 2290 2342
229 411 2818 3000

>ENSVURT00010020381
0 80 0 80
80 271 3924 4115
271 357 11688 11774
357 472 12518 12633
472 568 16419 16515
568 663 17293 17388
663 728 17783 17848
728 745 17914 17931
745 927 19609 19791

>ENSMEUT00000016079
0 80 0 80
80 271 3757 3948
271 360 11407 11496
360 466 12042 12148
466 555 17480 17569
555 669 18591 18705
669 771 19105 19207
771 823 20041 20093
823 887 20626 20690
887 900 20697 20710
900 953 20712 20765
953 990 20766 20803

>ENSMODT00000002848
0 80 965 1045
80 271 4935 5126
271 357 12770 12856
357 472 13595 13710
472 561 17408 17497
561 684 18227 18350
684 786 18972 19074
786 838 20011 20063
838 1020 20574 20756

>ENSSHAT00000015651
0 8 623 631
8 199 4633 4824
199 285 14249 14335
285 400 15047 15162
400 489 21833 21922
489 612 22630 22753
612 714 23120 23222
714 766 24140 24192
766 948 24750 24932

>ENSCPOT00000004842
0 80 0 80
80 271 1079 1270
271 357 4569 4655
357 472 6231 6346
472 561 7371 7460
561 669 8178 8286
669 771 8784 8886
771 823 10064 10116
823 996 10218 10391

>ENSCLAT00000011530
0 80 57 137
80 271 901 1092
271 357 4295 4381
357 472 6078 6193
472 561 7247 7336
561 672 8078 8189
672 774 8647 8749
774 826 9900 9952
826 999 10055 10228

