>F17E5.2.1
0 61 151 212
61 144 309 392
144 221 443 520
221 333 980 1092
333 548 1657 1872
548 660 2039 2151
660 819 2202 2361
819 1048 2412 2641
1048 1194 3364 3510
1194 1405 3560 3771
1405 1521 3823 3939
1521 1596 4692 4767

>F55A11.4a.1
0 70 799 869
70 230 927 1087
230 831 1142 1743
831 1302 1789 2260
1302 1420 2308 2426
1420 1533 2478 2591
1533 1608 2638 2713

>F55A11.4a.2
0 70 799 869
70 230 927 1087
230 831 1142 1743
831 1302 1789 2260
1302 1420 2308 2426
1420 1533 2478 2591
1533 1608 2638 2713

