>ENSCINT00000030667
0 66 1377 1443
66 174 1615 1723
174 278 2058 2162
278 462 2525 2709
462 465 2799 2802
465 616 3260 3411
616 788 3762 3934
788 971 4524 4707
971 1136 4923 5088
1136 1251 5210 5325
1251 1368 5807 5924
1368 1406 6000 6038
1406 1448 6538 6580
1448 1470 6800 6822
1470 1646 7425 7601
1646 1830 7749 7933

>ENSCSAVT00000005780
0 15 505 520
15 119 694 798
119 303 1491 1675
303 454 2140 2291
454 659 2703 2908
659 827 3346 3514
827 904 3589 3666
904 957 3699 3752
957 1094 4123 4260
1094 1227 4674 4807
1227 1340 5444 5557
1340 1467 6333 6460
1467 1643 6988 7164
1643 1788 7920 8065

>ENSCSAVT00000005782
0 129 1546 1675
129 280 2140 2291
280 485 2703 2908
485 653 3346 3514
653 747 4037 4131

>T11A5.6a.1
0 148 0 148
148 236 196 284
236 289 341 394
289 392 818 921
392 719 1604 1931
719 1010 1972 2263
1010 1473 2312 2775
1473 1871 2894 3292
1871 2019 3344 3492
2019 2157 3547 3685

>T11A5.6b.1
0 148 0 148
148 236 196 284
236 289 341 394
289 321 447 479

>T11A5.6c.1
0 86 835 921
86 413 1604 1931
413 704 1972 2263
704 1167 2312 2775
1167 1565 2894 3292
1565 1713 3344 3492
1713 1851 3547 3685

>W05G11.4.1
0 230 0 230
230 560 1148 1478
560 851 1522 1813
851 1317 1871 2337
1317 1715 3118 3516
1715 1863 3569 3717
1863 1905 3771 3813

>ENSPCAT00000013403
0 1034 0 1034
1034 1413 1120 1499
1413 1547 1995 2129
1547 1554 2134 2141
1554 1616 2145 2207
1616 1800 2289 2473
1800 2024 2554 2778
2024 2150 2867 2993
2150 2303 3185 3338
2303 2465 3695 3857
2465 2686 3953 4174
2686 2853 4268 4435
2853 3032 4525 4704
3032 3210 4934 5112

>ENSLAFT00000025787
0 636 0 636
636 762 1530 1656
762 841 1658 1737
841 963 1775 1897
963 1308 1899 2244
1308 1518 2324 2534
1518 1704 2639 2825
1704 1928 2898 3122
1928 2054 3227 3353
2054 2207 3421 3574
2207 2369 3933 4095
2369 2611 4189 4431
2611 2778 4503 4670
2778 2960 4756 4938
2960 3138 5242 5420

>ENSDNOT00000051149
0 161 0 161
161 943 2170 2952
943 1383 3409 3849
1383 1592 4026 4235
1592 1776 4305 4489
1776 2000 4590 4814
2000 2126 4903 5029
2126 2277 5100 5251

>ENSPPAT00000049283
0 1296 0 1296
1296 1428 2125 2257
1428 1637 2938 3147
1637 1821 3233 3417
1821 2045 3560 3784
2045 2171 4735 4861
2171 2324 4945 5098
2324 2486 5490 5652
2486 2716 5745 5975
2716 2883 6049 6216
2883 2943 6306 6366
2943 3041 6388 6486
3041 3219 7085 7263

>ENSPPAT00000049289
0 398 0 398
398 1263 431 1296
1263 1395 2125 2257
1395 1604 2938 3147
1604 1788 3233 3417
1788 2012 3560 3784
2012 2138 4735 4861
2138 2291 4945 5098
2291 2453 5490 5652
2453 2683 5745 5975
2683 2850 6049 6216
2850 2910 6306 6366
2910 3008 6388 6486
3008 3186 7085 7263

>ENSPTRT00000077047
0 1449 201 1650
1449 1658 2331 2540
1658 1842 2626 2810
1842 2066 2953 3177
2066 2192 4327 4453
2192 2345 4537 4690
2345 2507 5082 5244
2507 2737 5342 5572
2737 2904 5646 5813
2904 3121 5904 6121
3121 3180 14226 14285

>ENSPTRT00000106857
0 1650 0 1650
1650 1859 2331 2540
1859 2043 2626 2810
2043 2267 2953 3177
2267 2393 4327 4453
2393 2546 4537 4690
2546 2708 5082 5244
2708 2938 5342 5572
2938 3105 5646 5813
3105 3417 5904 6216

>ENST00000562370
0 552 19127 19681

