>ENSPMAT00000004177
0 90 0 90
90 212 428 550
212 302 1936 2026
302 414 2455 2567
414 531 4075 4192
531 570 5171 5210
570 708 6836 6974
708 802 7033 7127
802 987 7984 8169
987 1164 9032 9209
1164 1239 10314 10389
1239 1377 10991 11129
1377 1549 12454 12626
1549 1680 13010 13141
1680 1812 13815 13947
1812 1887 15236 15311
1887 2004 16163 16280
2004 2130 16450 16576
2130 2253 20735 20858
2253 2406 21045 21198
2406 2490 22069 22153

>ENSPMAT00000004178
0 90 0 90
90 212 428 550
212 302 1936 2026
302 414 2455 2567
414 531 4075 4192
531 570 5171 5210
570 715 6836 6981
715 729 7655 7669
729 751 7738 7760
751 963 7957 8169
963 1140 9032 9209
1140 1215 10314 10389
1215 1353 10991 11129
1353 1525 12454 12626
1525 1656 13010 13141
1656 1788 13815 13947
1788 1863 15236 15311
1863 1980 16163 16280
1980 2106 16450 16576
2106 2229 20735 20858
2229 2382 21045 21198
2382 2466 22069 22153

>ENSEBUT00000004567
0 96 0 96
96 224 9219 9347
224 314 9562 9652
314 426 9820 9932
426 543 10808 10925
543 582 15017 15056
582 742 15186 15346
742 915 15468 15641
915 1083 15747 15915
1083 1326 19040 19283

>ENSTGUT00000006494
0 90 0 90
90 215 967 1092
215 305 2913 3003
305 417 4112 4224
417 534 4918 5035
534 573 5147 5186
573 716 7109 7252
716 766 7378 7428
766 808 8016 8058
808 993 8390 8575
993 1170 9518 9695
1170 1245 10572 10647
1245 1383 11222 11360
1383 1555 13081 13253
1555 1683 14075 14203
1683 1815 15634 15766
1815 1890 16159 16234
1890 2007 17107 17224
2007 2133 18070 18196
2133 2256 19714 19837
2256 2409 21788 21941
2409 2493 22479 22563

>ENSTGUT00000006495
0 90 0 90
90 215 967 1092
215 305 2913 3003
305 417 4112 4224
417 534 4918 5035
534 573 5991 6030
573 778 7109 7314
778 963 8390 8575
963 1140 9518 9695
1140 1215 10572 10647
1215 1353 11222 11360
1353 1525 13081 13253
1525 1653 14075 14203
1653 1785 15634 15766
1785 1860 16159 16234
1860 1977 17107 17224
1977 2103 18070 18196
2103 2226 19714 19837
2226 2379 21788 21941
2379 2463 22479 22563

