>ENSLOCT00000000609
0 139 157 296
139 246 613 720
246 420 1184 1358

>MGP_PahariEiJ_T0061972
0 262 0 262
262 333 18650 18721
333 492 20195 20354
492 615 21007 21130
615 787 27574 27746
787 894 28500 28607
894 1015 28956 29077
1015 1279 31031 31295
1279 1424 34710 34855
1424 1546 35257 35379
1546 1819 37645 37918
1819 1961 38764 38906
1961 2089 39223 39351
2089 2203 39653 39767
2203 2353 41296 41446
2353 2542 45948 46137
2542 2638 46860 46956
2638 2766 47241 47369
2766 2911 49894 50039
2911 3024 54262 54375
3024 3181 54483 54640
3181 3347 55512 55678
3347 3475 63195 63323
3475 3730 65351 65606
3730 3817 66132 66219
3817 4012 67544 67739
4012 4177 68710 68875
4177 4318 69091 69232
4318 4445 70303 70430
4445 4600 70627 70782
4600 4879 72087 72366
4879 5158 73622 73901
5158 5267 74458 74567
5267 5461 74714 74908
5461 5639 76498 76676
5639 5751 76965 77077
5751 5847 77688 77784
5847 6024 78497 78674
6024 6182 80249 80407
6182 6306 81729 81853
6306 6482 82358 82534
6482 6579 83171 83268
6579 6699 83385 83505
6699 6861 84501 84663
6861 7143 85783 86065
7143 7311 87291 87459
7311 7425 88261 88375
7425 7512 89453 89540
7512 7704 90538 90730
7704 7878 91279 91453
7878 7992 91601 91715
7992 8135 92193 92336
8135 8286 92806 92957
8286 8505 94660 94879
8505 8619 97548 97662
8619 8807 98012 98200
8807 8904 98743 98840
8904 9066 99505 99667
9066 9180 99819 99933
9180 9383 100736 100939
9383 9465 101405 101487
9465 9597 102673 102805
9597 9741 105681 105825
9741 9901 105906 106066
9901 10026 106146 106271
10026 10210 106620 106804
10210 10308 108461 108559
10308 10575 108945 109212
10575 10751 109964 110140
10751 10833 110269 110351
10833 10970 110438 110575
10970 11112 111215 111357
11112 11257 111432 111577
11257 11385 112159 112287
11385 11542 112793 112950
11542 11664 114202 114324
11664 11829 115012 115177
11829 11937 116301 116409
11937 12072 116660 116795
12072 12207 117046 117181
12207 12398 118106 118297
12398 12612 119177 119391
12612 12747 120560 120695
12747 12938 121562 121753
12938 13020 124040 124122
13020 13290 131572 131842
13290 13440 137364 137514
13440 13578 139297 139435
13578 13700 139531 139653
13700 13938 139866 140104
13938 14001 141112 141175
14001 14124 141310 141433
14124 14259 141969 142104
14259 14388 143270 143399
14388 14709 143940 144261
14709 14829 144902 145022
14829 14956 145290 145417
14956 15306 146166 146518

