>ENSNSUT00000029449
0 89 0 89
89 106 125 142
106 321 1490 1705
321 479 4029 4187
479 575 6691 6787
575 664 7536 7625
664 713 9743 9792
713 850 11090 11227
850 1012 13003 13165
1012 1154 13875 14017
1154 1354 14136 14336
1354 1411 14653 14710
1411 1539 15235 15363
1539 1723 15882 16066
1723 1898 16297 16472
1898 2020 17900 18022
2020 2208 18579 18767
2208 2335 19247 19374
2335 2520 19936 20121
2520 2635 22487 22602
2635 2792 23445 23602
2792 2902 24359 24469
2902 2947 25505 25550
2947 3084 25925 26062
3084 3213 26275 26404
3213 3328 34959 35074
3328 3434 37815 37921
3434 3658 39413 39637
3658 3714 43564 43620
3714 3979 44624 44889
3979 3993 45360 45374

>ENSNSUT00000029450
0 107 0 107
107 267 1545 1705
267 425 4029 4187
425 521 6691 6787
521 610 7536 7625
610 659 9743 9792
659 796 11090 11227
796 958 13003 13165
958 1100 13875 14017
1100 1300 14136 14336
1300 1357 14653 14710
1357 1485 15235 15363
1485 1669 15882 16066
1669 1844 16297 16472
1844 1966 17900 18022
1966 2154 18579 18767
2154 2281 19247 19374
2281 2466 19936 20121
2466 2581 22487 22602
2581 2738 23445 23602
2738 2848 24359 24469
2848 2893 25505 25550
2893 3030 25925 26062
3030 3175 26275 26420
3175 3297 27960 28082
3297 3408 34959 35070
3408 3496 36222 36310
3496 3535 37478 37517
3535 3641 37815 37921
3641 3850 39413 39622
3850 3906 43564 43620
3906 4182 44624 44900

>ENSNSUT00000029451
0 177 14143 14320
177 329 16320 16472
329 451 17900 18022
451 621 18579 18749
621 748 19247 19374
748 933 19936 20121
933 1048 22487 22602
1048 1205 23445 23602
1205 1333 24359 24487
1333 1470 25925 26062
1470 1615 26275 26420
1615 1768 36232 36385
1768 1975 39370 39577
1975 2025 43570 43620
2025 2301 44624 44900

