>FBtr0335246
0 96 7516 7612
96 261 21469 21634
261 721 21691 22151
721 1239 22213 22731
1239 1468 22789 23018
1468 1740 23076 23348
1740 3654 23413 25327
3654 3990 25383 25719
3990 4176 25782 25968
4176 4290 26031 26145

>FBtr0302589
0 96 7516 7612
96 261 21469 21634
261 721 21691 22151
721 1239 22213 22731
1239 1468 22789 23018
1468 1740 23076 23348
1740 3654 23413 25327
3654 3990 25383 25719
3990 4182 25776 25968
4182 4296 26031 26145

>FBtr0335245
0 96 7516 7612
96 261 21469 21634
261 721 21691 22151
721 1239 22213 22731
1239 1468 22789 23018
1468 1740 23076 23348
1740 3657 23410 25327
3657 3993 25383 25719
3993 4185 25776 25968
4185 4299 26031 26145

>FBtr0302590
0 96 7516 7612
96 261 21469 21634
261 721 21691 22151
721 1239 22213 22731
1239 1468 22789 23018
1468 1740 23076 23348
1740 3654 23413 25327
3654 3990 25383 25719
3990 4182 25776 25968
4182 4296 26031 26145

>Y71G12A.3a.1
0 1122 144 1266
1122 1372 2485 2735
1372 1460 3603 3691
1460 2166 5471 6177
2166 2472 7896 8202
2472 2610 9302 9440

>Y71G12A.3b.1
0 546 5631 6177
546 852 7896 8202
852 990 9302 9440

>ENSEBUT00000024547
0 183 991 1174
183 367 10759 10943
367 505 11090 11228
505 669 11346 11510
669 894 11779 12004
894 1180 19709 19995
1180 1325 20153 20298
1325 1470 20459 20604
1470 1564 20907 21001
1564 1708 22966 23110
1708 4492 23385 26169
4492 4759 26509 26776
4759 5007 27108 27356
5007 5124 31083 31200

>ENSEBUT00000024561
0 183 991 1174
183 367 10759 10943
367 505 11090 11228
505 669 11346 11510
669 894 11779 12004
894 1180 19709 19995
1180 1325 20153 20298
1325 1470 20459 20604
1470 1564 20907 21001
1564 1708 22966 23110
1708 4492 23385 26169
4492 4759 26509 26776
4759 5007 27108 27356
5007 5124 31083 31200

>ENSEBUT00000024601
0 252 362 614
252 381 715 844
381 546 1009 1174
546 730 10759 10943
730 868 11090 11228
868 1032 11346 11510
1032 1257 11779 12004
1257 1543 19709 19995
1543 1688 20153 20298
1688 1833 20459 20604
1833 1927 20907 21001
1927 2071 22966 23110
2071 4855 23385 26169
4855 5122 26509 26776
5122 5370 27108 27356
5370 5487 31083 31200

>ENSEBUT00000024629
0 252 362 614
252 381 715 844
381 546 1009 1174
546 730 10759 10943
730 868 11090 11228
868 1032 11346 11510
1032 1257 11779 12004
1257 1543 19709 19995
1543 1688 20153 20298
1688 1833 20459 20604
1833 1927 20907 21001
1927 2071 22966 23110
2071 4855 23385 26169
4855 5103 27108 27356
5103 5220 31083 31200

>ENSCHAT00000020676
0 252 872 1124
252 381 10894 11023
381 543 12061 12223
543 724 13638 13819
724 832 17146 17254
832 990 17481 17639
990 1215 18727 18952
1215 1450 20123 20358
1450 1595 20567 20712
1595 1740 21400 21545
1740 1834 21691 21785
1834 5379 21910 25455
5379 5496 25645 25762

>ENSCHAT00000020699
0 252 872 1124
252 381 10894 11023
381 543 12061 12223
543 724 13638 13819
724 737 15331 15344
737 838 17153 17254
838 996 17481 17639
996 1221 18727 18952
1221 1456 20123 20358
1456 1601 20567 20712
1601 1746 21400 21545
1746 1840 21691 21785
1840 2310 21910 22380
2310 2514 23028 23232
2514 3256 23304 24046
3256 4626 24085 25455
4626 4743 25645 25762

>ENSDCDT00000055266
0 252 605 857
252 381 5404 5533
381 543 5632 5794
543 754 6539 6750
754 862 8074 8182
862 1029 8313 8480
1029 1254 8680 8905
1254 1489 9807 10042
1489 1634 10444 10589
1634 1806 11449 11621
1806 1900 11709 11803
1900 5556 11894 15550
5556 5673 16179 16296

>ENSDCDT00000055272
0 252 605 857
252 381 5404 5533
381 543 5632 5794
543 724 6539 6720
724 737 7960 7973
737 838 8081 8182
838 1005 8313 8480
1005 1230 8680 8905
1230 1465 9807 10042
1465 1610 10444 10589
1610 1755 11476 11621
1755 1849 11709 11803
1849 2327 11894 12372
2327 2530 13143 13346
2530 4704 13376 15550
4704 4821 16179 16296

>ENSDCDT00000055274
0 252 605 857
252 381 5404 5533
381 543 5632 5794
543 724 6539 6720
724 737 7960 7973
737 838 8081 8182
838 1005 8313 8480
1005 1230 8680 8905
1230 1465 9807 10042
1465 1610 10444 10589
1610 1755 11476 11621
1755 1849 11709 11803
1849 2278 11894 12323
2278 2595 13040 13357
2595 3178 13411 13994
3178 4650 14078 15550
4650 4767 16179 16296

