>ENSDCDT00000019918
0 78 48 126
78 96 280 298
96 300 478 682
300 484 768 952
484 826 1041 1383
826 949 1527 1650
949 1235 1797 2083
1235 1464 2167 2396

>ENSCHAT00000018689
0 78 200 278
78 96 524 542
96 297 908 1109
297 481 1486 1670
481 501 1959 1979
501 772 2030 2301
772 895 2439 2562
895 1181 2713 2999
1181 1259 19138 19216
1259 1456 19644 19841
1456 1521 20167 20232
1521 1628 20451 20558
1628 1731 28328 28431
1731 1831 29043 29143
1831 1871 29282 29322
1871 1923 29507 29559
1923 2032 29667 29776
2032 2116 30939 31023
2116 2240 35426 35550
2240 2331 36447 36538
2331 2406 37041 37116

>ENSCHAT00000018746
0 78 200 278
78 96 524 542
96 297 908 1109
297 481 1486 1670
481 501 1959 1979
501 772 2030 2301
772 895 2439 2562
895 1181 2713 2999
1181 1259 19138 19216
1259 1456 19644 19841
1456 1521 20167 20232
1521 1628 20451 20558
1628 1731 28328 28431
1731 1831 29043 29143
1831 1871 29282 29322
1871 1923 29507 29559
1923 2073 29667 29817

>ENSCHAT00000018797
0 78 200 278
78 96 524 542
96 297 908 1109
297 481 1486 1670
481 501 1959 1979
501 772 2030 2301
772 895 2439 2562
895 1181 2713 2999
1181 1410 3506 3735

