>ENSTGET00000022166
0 337 0 337
337 357 742 762

>ENSPANT00000045998
0 334 0 334
334 354 730 750

>ENSCATT00000057330
0 337 0 337
337 357 748 768

>ENSMLET00000042098
0 337 0 337
337 357 748 768

>ENSMNET00000037849
0 337 0 337
337 357 748 768

>ENSMFAT00000018656
0 337 370 707
337 357 1118 1138

>ENSPPAT00000061573
0 2 0 2
2 197 67 262
197 218 289 310
218 286 336 404
286 306 806 826

>ENSPTRT00000091844
0 2 0 2
2 197 67 262
197 218 289 310
218 286 336 404
286 306 806 826

>ENSGGOT00000053844
0 197 0 197
197 218 224 245
218 286 271 339
286 306 741 761

