>FBtr0078417
0 69 476 545
69 203 615 749
203 572 800 1169
572 834 1230 1492

>FBtr0305708
0 69 476 545
69 203 615 749
203 572 800 1169
572 834 1230 1492

>FBtr0078415
0 1010 154 1164
1010 1382 1242 1614
1382 1788 1682 2088

>F13G3.5a.1
0 78 258 336
78 215 538 675
215 320 788 893
320 475 1001 1156
475 596 1200 1321
596 858 1801 2063

>F13G3.5a.2
0 78 258 336
78 215 538 675
215 320 788 893
320 475 1001 1156
475 596 1200 1321
596 858 1801 2063

>F13G3.5a.3
0 78 258 336
78 215 538 675
215 320 788 893
320 475 1001 1156
475 596 1200 1321
596 858 1801 2063

>F13G3.5b.1
0 78 258 336
78 215 538 675
215 320 788 893
320 475 1001 1156
475 587 1453 1565
587 849 1801 2063

>F13G3.5b.2
0 78 258 336
78 215 538 675
215 320 788 893
320 475 1001 1156
475 587 1453 1565
587 849 1801 2063

>F13G3.5b.3
0 78 258 336
78 215 538 675
215 320 788 893
320 475 1001 1156
475 587 1453 1565
587 849 1801 2063

>ENSACIT00000000199
0 336 0 336
336 396 439 499

>ENSHHUT00000031110
0 335 0 335
335 369 1304 1338

>ENSHHUT00000020493
0 134 0 134
134 160 182 208
160 816 748 1404

>YHR046C_mRNA
0 888 0 888

>YDR287W_mRNA
0 879 0 879

