>ENSSFOT00015006138
0 72 124 196
72 140 724 792
140 252 2756 2868
252 405 3019 3172
405 636 3260 3491
636 779 3736 3879
779 975 4041 4237
975 1276 4521 4822
1276 1458 5114 5296
1458 1640 5629 5811
1640 1764 6126 6250
1764 1926 6521 6683
1926 2064 6766 6904
2064 2196 6991 7123
2196 2400 7295 7499
2400 2484 7622 7706
2484 2626 7835 7977
2626 2721 8147 8242
2721 6853 8380 12512
6853 6931 13031 13109
6931 7144 13949 14162
7144 7231 14490 14577
7231 7425 14712 14906
7425 7612 15140 15327
7612 7705 15623 15716
7705 7851 15843 15989
7851 8125 16123 16397
8125 8460 16728 17063
8460 8766 17177 17483

>ENSSFOT00015006161
0 72 124 196
72 140 724 792
140 252 2756 2868
252 405 3019 3172
405 636 3260 3491
636 779 3736 3879
779 975 4041 4237
975 1276 4521 4822
1276 1458 5114 5296
1458 1640 5629 5811
1640 1764 6126 6250
1764 1926 6521 6683
1926 2064 6766 6904
2064 2196 6991 7123
2196 2400 7295 7499
2400 2484 7622 7706
2484 2626 7835 7977
2626 2721 8147 8242
2721 6853 8380 12512
6853 7066 13949 14162
7066 7153 14490 14577
7153 7347 14712 14906
7347 7534 15140 15327
7534 7627 15623 15716
7627 7773 15843 15989
7773 8047 16123 16397
8047 8382 16728 17063
8382 8688 17177 17483

>ENSPKIT00000010728
0 186 1283 1469
186 417 1567 1798
417 560 1884 2027
560 756 2219 2415
756 1057 2583 2884
1057 1239 3001 3183
1239 1421 3320 3502
1421 1545 4041 4165
1545 1707 4431 4593
1707 1845 4695 4833
1845 1977 4916 5048
1977 2199 5654 5876
2199 2283 6017 6101
2283 2428 6196 6341
2428 2523 6479 6574
2523 6730 6730 10937
6730 6808 11391 11469
6808 7006 12292 12490
7006 7084 12609 12687
7084 7278 12892 13086
7278 7474 13999 14195
7474 7567 14380 14473
7567 7716 14588 14737
7716 7990 14870 15144
7990 8325 15253 15588
8325 8631 15708 16014

>ENSPKIT00000010767
0 186 1283 1469
186 417 1567 1798
417 560 1884 2027
560 756 2219 2415
756 1057 2583 2884
1057 1239 3001 3183
1239 1421 3320 3502
1421 1545 4041 4165
1545 1707 4431 4593
1707 1845 4695 4833
1845 1977 4916 5048
1977 2199 5654 5876
2199 2283 6017 6101
2283 2428 6196 6341
2428 2523 6479 6574
2523 6730 6730 10937
6730 6928 12292 12490
6928 7006 12609 12687
7006 7200 12892 13086
7200 7396 13999 14195
7396 7489 14380 14473
7489 7638 14588 14737
7638 7912 14870 15144
7912 8247 15253 15588
8247 8553 15708 16014

>ENSPKIT00000010842
0 72 212 284
72 140 734 802
140 252 1104 1216
252 405 1316 1469
405 636 1567 1798
636 779 1884 2027
779 975 2219 2415
975 1276 2583 2884
1276 1458 3001 3183
1458 1640 3320 3502
1640 1764 4041 4165
1764 1926 4431 4593
1926 2064 4695 4833
2064 2196 4916 5048
2196 2418 5654 5876
2418 2502 6017 6101
2502 2647 6196 6341
2647 2742 6479 6574
2742 6949 6730 10937
6949 7027 11391 11469
7027 7225 12292 12490
7225 7303 12609 12687
7303 7497 12892 13086
7497 7693 13999 14195
7693 7786 14380 14473
7786 7935 14588 14737
7935 8209 14870 15144
8209 8544 15253 15588
8544 8850 15708 16014

>ENSSFOT00015036877
0 72 155 227
72 140 573 641
140 252 740 852
252 405 1762 1915
405 636 2056 2287
636 779 2906 3049
779 975 3628 3824
975 1276 4147 4448
1276 1458 4578 4760
1458 1640 4943 5125
1640 1764 5476 5600
1764 1926 5947 6109
1926 2064 6254 6392
2064 2196 6488 6620
2196 2382 6920 7106
2382 2466 7215 7299
2466 2608 7473 7615
2608 2703 7704 7799
2703 7003 7945 12245
7003 7216 13931 14144
7216 7303 14275 14362
7303 7497 14439 14633
7497 7693 14793 14989
7693 7783 15184 15274
7783 7944 15383 15544
7944 8218 15827 16101
8218 8553 16331 16666
8553 8859 16791 17097

>ENSPKIT00000027593
0 72 230 302
72 140 637 705
140 252 777 889
252 405 1116 1269
405 636 1363 1594
636 779 1687 1830
779 975 3313 3509
975 1273 3612 3910
1273 1455 4084 4266
1455 1616 5238 5399
1616 1743 5692 5819
1743 1902 6108 6267
1902 2040 6347 6485
2040 2157 6568 6685
2157 2376 6899 7118
2376 2460 7215 7299
2460 2590 7546 7676
2590 2685 8391 8486
2685 4132 8684 10131
4132 5921 12622 14411
5921 6835 14594 15508
6835 6913 17655 17733
6913 7099 18597 18783
7099 7183 19114 19198
7183 7293 21839 21949
7293 7507 22046 22260
7507 7597 22370 22460
7597 7743 22565 22711
7743 8017 22932 23206
8017 8172 23488 23643

