>ENSMUNT00000005202
0 43 0 43
43 135 317 409
135 246 619 730
246 326 1010 1090
326 435 1477 1586
435 525 1842 1932
525 630 2516 2621
630 802 3217 3389
802 894 3856 3948
894 1038 4941 5085
1038 1443 5244 5649
1443 1631 6180 6368
1631 1769 6455 6593
1769 1875 6816 6922
1875 2013 7117 7255
2013 2196 7542 7725
2196 2352 7888 8044
2352 2455 8841 8944
2455 2515 9200 9260
2515 2688 9566 9739

>ENSMUNT00000005203
0 43 0 43
43 135 317 409
135 246 619 730
246 326 1010 1090
326 435 1477 1586
435 525 1842 1932
525 630 2516 2621
630 802 3217 3389
802 894 3856 3948
894 1038 4941 5085
1038 1443 5244 5649
1443 1631 6180 6368
1631 1769 6455 6593
1769 1875 6816 6922
1875 2013 7117 7255
2013 2169 7888 8044
2169 2272 8841 8944
2272 2332 9200 9260
2332 2505 9566 9739

