>ENSPMAT00000005522
0 193 0 193
193 348 1284 1439
348 510 2497 2659
510 660 4504 4654
660 753 5145 5238

>ENSEBUT00000007760
0 193 0 193
193 354 1426 1587
354 516 1772 1934
516 663 2422 2569
663 753 2726 2816
753 942 4437 4626
942 1233 14610 14901
1233 1404 39357 39528
1404 1579 43533 43708
1579 1701 46183 46305
1701 1779 47441 47519
1779 1840 48033 48094
1840 1983 63676 63819
1983 2028 68362 68407

>ENSNSUT00000018737
0 60 216 276
60 262 3327 3529
262 417 3991 4146
417 579 4343 4505
579 729 5358 5508
729 819 5891 5981
819 952 7082 7215
952 1041 7825 7914
1041 1257 8208 8424
1257 1391 8837 8971
1391 1482 9278 9369
1482 1653 10383 10554
1653 1828 11024 11199
1828 1953 11648 11773
1953 2031 12367 12445
2031 2092 13456 13517
2092 2262 13626 13796

