>FBtr0074635
0 654 230 884

>Y69A2AR.7a.1
0 30 9 39
30 108 171 249
108 192 2073 2157
192 499 3690 3997
499 715 4743 4959
715 783 5666 5734

>Y69A2AR.7b.1
0 54 2103 2157
54 361 3690 3997
361 577 4743 4959
577 645 5666 5734

>Y69A2AR.7b.2
0 54 2103 2157
54 361 3690 3997
361 577 4743 4959
577 645 5666 5734

>Y69A2AR.7b.3
0 54 2103 2157
54 361 3690 3997
361 577 4743 4959
577 645 5666 5734

>Y69A2AR.7c.1
0 280 3717 3997
280 496 4743 4959
496 564 5666 5734

>Y69A2AR.7c.2
0 280 3717 3997
280 496 4743 4959
496 564 5666 5734

>Y69A2AR.7c.3
0 280 3717 3997
280 496 4743 4959
496 564 5666 5734

>ENSIPUT00000028740
0 252 102 354
252 657 1007 1412

>ENSEEET00000029301
0 252 0 252
252 657 336 741

