>ENSEBUT00000026523
0 75 233 308
75 271 5949 6145
271 394 14673 14796
394 555 24883 25044
555 633 25153 25231
633 765 26932 27064
765 932 32101 32268
932 1027 57622 57717
1027 1158 57860 57991
1158 1298 62716 62856
1298 1367 68268 68337
1367 1514 70158 70305
1514 1598 71144 71228
1598 1675 79271 79348
1675 1743 101234 101302

>ENSDCDT00000060196
0 36 685 721
36 232 1322 1518
232 355 2103 2226
355 516 2488 2649
516 594 2774 2852
594 726 3180 3312
726 893 3493 3660
893 988 3747 3842
988 1119 3915 4046
1119 1259 4134 4274
1259 1328 4364 4433
1328 1475 4555 4702
1475 1559 5315 5399
1559 1636 5493 5570
1636 1704 5692 5760

>ENSCHAT00000037703
0 102 0 102
102 298 7226 7422
298 421 11060 11183
421 582 11627 11788
582 660 11945 12023
660 792 16817 16949
792 959 17629 17796
959 1054 18107 18202
1054 1185 18333 18464
1185 1325 22507 22647
1325 1394 22764 22833
1394 1541 23582 23729
1541 1625 23937 24021
1625 1702 24973 25050
1702 1770 25438 25506

>ENSCHAT00000037811
0 75 6506 6581
75 271 7226 7422
271 394 11060 11183
394 555 11627 11788
555 633 11945 12023
633 765 16817 16949
765 932 17629 17796
932 1027 18107 18202
1027 1158 18333 18464
1158 1298 22507 22647
1298 1367 22764 22833
1367 1514 23582 23729
1514 1598 23937 24021
1598 1675 24973 25050
1675 1743 25438 25506

>ENSCHAT00000037836
0 27 6675 6702
27 223 7226 7422
223 346 11060 11183
346 507 11627 11788
507 585 11945 12023
585 717 16817 16949
717 884 17629 17796
884 979 18107 18202
979 1110 18333 18464
1110 1250 22507 22647
1250 1319 22764 22833
1319 1466 23582 23729
1466 1550 23937 24021
1550 1627 24973 25050
1627 1695 25438 25506

>ENSCHAT00000037929
0 7 7077 7084
7 196 7233 7422
196 319 11060 11183
319 480 11627 11788
480 558 11945 12023
558 690 16817 16949
690 857 17629 17796
857 952 18107 18202
952 1083 18333 18464
1083 1223 22507 22647
1223 1292 22764 22833
1292 1439 23582 23729
1439 1523 23937 24021
1523 1600 24973 25050
1600 1668 25438 25506

