>ENSCSAVT00000014935
0 65 61 126
65 226 778 939
226 273 2122 2169
273 349 2234 2310
349 516 2839 3006
516 677 3140 3301
677 786 3626 3735
786 972 4047 4233
972 981 4581 4590

>ENSCINT00000010603
0 59 60 119
59 220 585 746
220 267 1087 1134
267 343 1449 1525
343 510 1947 2114
510 651 2882 3023

>ENSPTET00000024271
0 38 122 160
38 120 354 436
120 207 618 705
207 322 958 1073
322 419 1269 1366
419 489 1541 1611
489 651 1710 1872
651 768 1987 2104

>FBtr0344009
0 29 613 642
29 661 714 1346
661 990 1406 1735

>FBtr0083251
0 29 613 642
29 661 714 1346
661 990 1406 1735

