>ENSEBUT00000024774
0 354 284 638
354 544 3183 3373
544 678 15957 16091
678 757 16628 16707
757 850 16979 17072
850 957 17197 17304
957 1039 29156 29238
1039 1134 29324 29419
1134 1152 29620 29638
1152 1295 30411 30554
1295 1386 30702 30793
1386 1521 31269 31404
1521 1595 41457 41531
1595 1707 46067 46179
1707 1840 50556 50689
1840 2028 50781 50969
2028 2143 51120 51235
2143 2271 52259 52387
2271 2418 52518 52665
2418 2574 55690 55846

>ENSEBUT00000024808
0 42 1045 1087
42 232 3183 3373
232 366 15957 16091
366 445 16628 16707
445 538 16979 17072
538 645 17197 17304
645 727 29156 29238
727 822 29324 29419
822 840 29620 29638
840 983 30411 30554
983 1074 30702 30793
1074 1209 31269 31404
1209 1283 41457 41531
1283 1395 46067 46179
1395 1528 50556 50689
1528 1716 50781 50969
1716 1831 51120 51235
1831 1959 52259 52387
1959 2106 52518 52665
2106 2262 55690 55846

>ENSEBUT00000024849
0 291 284 575
291 481 3183 3373
481 615 15957 16091
615 694 16628 16707
694 787 16979 17072
787 894 17197 17304
894 976 29156 29238
976 1071 29324 29419
1071 1214 30411 30554
1214 1305 30702 30793
1305 1440 31269 31404
1440 1514 41457 41531
1514 1626 46067 46179
1626 1759 50556 50689
1759 1947 50781 50969
1947 2062 51120 51235
2062 2190 52259 52387
2190 2337 52518 52665
2337 2493 55690 55846

>ENSSFOT00015002840
0 180 0 180
180 492 1754 2066
492 658 2244 2410
658 792 2557 2691
792 871 2881 2960
871 964 3102 3195
964 1071 3751 3858
1071 1153 4107 4189
1153 1248 4635 4730
1248 1266 5321 5339
1266 1409 5864 6007
1409 1500 6132 6223
1500 1635 6352 6487
1635 1709 7139 7213
1709 1821 7321 7433
1821 1954 7537 7670
1954 2142 7844 8032
2142 2257 8827 8942
2257 2385 9144 9272
2385 2532 9378 9525
2532 2718 9610 9796

>ENSSFOT00015002860
0 180 0 180
180 492 1754 2066
492 658 2244 2410
658 792 2557 2691
792 871 2881 2960
871 964 3102 3195
964 1071 3751 3858
1071 1153 4107 4189
1153 1248 4635 4730
1248 1391 5864 6007
1391 1482 6132 6223
1482 1617 6352 6487
1617 1691 7139 7213
1691 1803 7321 7433
1803 1936 7537 7670
1936 2124 7844 8032
2124 2239 8827 8942
2239 2367 9144 9272
2367 2514 9378 9525
2514 2700 9610 9796

>ENSPKIT00000016710
0 330 0 330
330 496 683 849
496 630 939 1073
630 709 1290 1369
709 802 1495 1588
802 909 1741 1848
909 991 2050 2132
991 1086 2415 2510
1086 1104 3008 3026
1104 1247 3534 3677
1247 1338 3771 3862
1338 1473 3961 4096
1473 1547 4190 4264
1547 1659 4385 4497
1659 1792 4607 4740
1792 1980 4850 5038
1980 2095 5877 5992
2095 2223 6092 6220
2223 2370 6315 6462
2370 2556 6553 6739

>ENSPKIT00000016746
0 220 629 849
220 354 939 1073
354 433 1290 1369
433 526 1495 1588
526 633 1741 1848
633 715 2050 2132
715 810 2415 2510
810 828 3008 3026
828 971 3534 3677
971 1062 3771 3862
1062 1197 3961 4096
1197 1271 4190 4264
1271 1383 4385 4497
1383 1516 4607 4740
1516 1704 4850 5038
1704 1819 5877 5992
1819 1947 6092 6220
1947 2094 6315 6462
2094 2280 6553 6739

>ENSPKIT00000016821
0 288 42 330
288 678 683 1073
678 757 1290 1369
757 850 1495 1588
850 957 1741 1848
957 1039 2050 2132
1039 1134 2415 2510
1134 1277 3534 3677
1277 1368 3771 3862
1368 1503 3961 4096
1503 1577 4190 4264
1577 1689 4385 4497
1689 1822 4607 4740
1822 2010 4850 5038
2010 2125 5877 5992
2125 2241 6092 6208
2241 2330 6238 6327
2330 2358 6423 6451
2358 2544 6553 6739

>ENSCHAT00000067193
0 264 689 953
264 433 1694 1863
433 567 2573 2707
567 646 3321 3400
646 739 3511 3604
739 846 3918 4025
846 928 4285 4367
928 1023 4539 4634
1023 1041 5183 5201
1041 1184 5786 5929
1184 1275 6434 6525
1275 1410 6729 6864
1410 1484 8153 8227
1484 1596 8401 8513
1596 1729 8787 8920
1729 1917 9460 9648
1917 2032 11278 11393
2032 2160 11549 11677
2160 2307 13633 13780
2307 2458 14601 14752
2458 2631 42820 42993

>ENSCHAT00000067198
0 280 1583 1863
280 414 2573 2707
414 493 3321 3400
493 586 3511 3604
586 693 3918 4025
693 775 4285 4367
775 870 4539 4634
870 888 5183 5201
888 1031 5786 5929
1031 1122 6434 6525
1122 1257 6729 6864
1257 1331 8153 8227
1331 1443 8401 8513
1443 1576 8787 8920
1576 1764 9460 9648
1764 1879 11278 11393
1879 2007 11549 11677
2007 2154 13633 13780
2154 2340 14601 14787

>ENSCHAT00000067200
0 196 1667 1863
196 330 2573 2707
330 409 3321 3400
409 502 3511 3604
502 609 3918 4025
609 691 4285 4367
691 786 4539 4634
786 929 5786 5929
929 1020 6434 6525
1020 1155 6729 6864
1155 1229 8153 8227
1229 1244 8326 8341
1244 1356 8401 8513
1356 1489 8787 8920
1489 1677 9460 9648
1677 1792 11278 11393
1792 1920 11549 11677
1920 2067 13633 13780
2067 2253 14601 14787

>ENSCHAT00000067201
0 261 692 953
261 463 1697 1899
463 597 2573 2707
597 676 3321 3400
676 769 3511 3604
769 864 4539 4634
864 1007 5786 5929
1007 1098 6434 6525
1098 1233 6729 6864
1233 1307 8153 8227
1307 1419 8401 8513
1419 1552 8787 8920
1552 1740 9460 9648
1740 1855 11278 11393
1855 1983 11549 11677
1983 2130 13633 13780
2130 2316 14601 14787

>ENSDCDT00000010325
0 45 1605 1650
45 330 2187 2472
330 496 2703 2869
496 630 3891 4025
630 709 4118 4197
709 802 4278 4371
802 909 4455 4562
909 991 4685 4767
991 1086 5127 5222
1086 1104 5564 5582
1104 1247 5794 5937
1247 1338 6022 6113
1338 1473 6217 6352
1473 1547 7376 7450
1547 1659 7530 7642
1659 1792 8055 8188
1792 1980 8361 8549
1980 2095 9253 9368
2095 2223 9943 10071
2223 2370 10175 10322
2370 2556 10568 10754

>ENSDCDT00000010337
0 261 2211 2472
261 427 2703 2869
427 457 3203 3233
457 591 3891 4025
591 604 4073 4086
604 655 4146 4197
655 748 4278 4371
748 855 4455 4562
855 937 4685 4767
937 1032 5127 5222
1032 1175 5794 5937
1175 1266 6022 6113
1266 1401 6217 6352
1401 1475 7376 7450
1475 1587 7530 7642
1587 1720 8055 8188
1720 1908 8361 8549
1908 2023 9253 9368
2023 2151 9943 10071
2151 2298 10175 10322
2298 2484 10568 10754

>ENSDCDT00000010340
0 261 2211 2472
261 427 2703 2869
427 457 3203 3233
457 591 3891 4025
591 604 4073 4086
604 655 4146 4197
655 748 4278 4371
748 843 5127 5222
843 986 5794 5937
986 1077 6022 6113
1077 1212 6217 6352
1212 1286 7376 7450
1286 1398 7530 7642
1398 1531 8055 8188
1531 1719 8361 8549
1719 1834 9253 9368
1834 1962 9943 10071
1962 2109 10175 10322
2109 2295 10568 10754

>ENSIPUT00000006407
0 30 530 560
30 327 2209 2506
327 493 3199 3365
493 627 4086 4220
627 706 5416 5495
706 799 5705 5798
799 906 5885 5992
906 988 6155 6237
988 1083 6384 6479
1083 1101 6931 6949
1101 1244 7445 7588
1244 1335 7905 7996
1335 1470 8073 8208
1470 1544 8565 8639
1544 1656 8777 8889
1656 1789 9142 9275
1789 1977 10119 10307
1977 2092 12190 12305
2092 2220 12492 12620
2220 2367 13611 13758
2367 2553 15456 15642

>ENSEEET00000016767
0 264 2781 3045
264 460 3573 3769
460 609 5334 5483
609 688 5930 6009
688 781 6380 6473
781 888 6572 6679
888 970 6797 6879
970 1077 7153 7260
1077 1220 8360 8503
1220 1311 8700 8791
1311 1446 8870 9005
1446 1520 10160 10234
1520 1632 10455 10567
1632 1765 10683 10816
1765 1953 10959 11147
1953 2068 12571 12686
2068 2196 12917 13045
2196 2343 13453 13600
2343 2529 14211 14397

>ENSEEET00000016768
0 264 2781 3045
264 430 3573 3739
430 564 5349 5483
564 643 5930 6009
643 736 6380 6473
736 843 6572 6679
843 925 6797 6879
925 1020 7153 7248
1020 1038 8015 8033
1038 1181 8360 8503
1181 1272 8700 8791
1272 1407 8870 9005
1407 1481 10160 10234
1481 1593 10455 10567
1593 1726 10683 10816
1726 1914 10959 11147
1914 2029 12571 12686
2029 2157 12917 13045
2157 2304 13453 13600
2304 2490 14211 14397

>ENSEEET00000016769
0 264 2781 3045
264 460 3573 3769
460 609 5334 5483
609 688 5930 6009
688 781 6380 6473
781 876 7153 7248
876 1019 8360 8503
1019 1110 8700 8791
1110 1245 8870 9005
1245 1319 10160 10234
1319 1431 10455 10567
1431 1564 10683 10816
1564 1752 10959 11147
1752 1867 12571 12686
1867 1995 12917 13045
1995 2142 13453 13600
2142 2328 14211 14397

>ENSEEET00000016777
0 27 6652 6679
27 109 6797 6879
109 204 7153 7248
204 347 8360 8503
347 438 8700 8791
438 573 8870 9005
573 647 10160 10234
647 759 10455 10567
759 892 10683 10816
892 1080 10959 11147
1080 1195 12571 12686
1195 1323 12917 13045
1323 1470 13453 13600
1470 1637 14211 14378
1637 1650 14431 14444

