>ENSMNET00000052579
0 338 380 718
338 546 854 1062
546 721 1512 1687
721 792 1902 1973
792 881 2099 2188
881 964 2275 2358
964 1052 2600 2688
1052 1155 4528 4631
1155 1276 4727 4848
1276 1392 5113 5229
1392 1533 5876 6017
1533 1743 6103 6313
1743 1953 6541 6751
1953 2115 7037 7199
2115 2245 7461 7591
2245 2323 8452 8530
2323 2521 9767 9965
2521 2633 10144 10256
2633 2719 10543 10629
2719 2859 10737 10877
2859 3066 11923 12130
3066 3118 14526 14578
3118 3205 14753 14840
3205 3409 15005 15209
3409 3485 18048 18124
3485 3654 18395 18564
3654 3744 20787 20877
3744 3898 21030 21184
3898 4071 22542 22715
4071 4230 22896 23055
4230 4290 27158 27218
4290 4381 29561 29652
4381 4427 30706 30752
4427 4515 32113 32201
4515 4602 32468 32555
4602 4708 32816 32922
4708 4798 33425 33515
4798 4885 35138 35225
4885 4975 35313 35403
4975 5111 35523 35659
5111 5244 36144 36277

>ENSMMUT00000068881
0 338 0 338
338 546 474 682
546 721 1132 1307
721 792 1522 1593
792 881 1719 1808
881 964 1895 1978
964 1052 2223 2311
1052 1155 4097 4200
1155 1276 4296 4417
1276 1392 4682 4798
1392 1533 5445 5586
1533 1743 5672 5882
1743 1953 6110 6320
1953 2115 6606 6768
2115 2245 7034 7164
2245 2323 8027 8105
2323 2521 9314 9512
2521 2633 9691 9803
2633 2719 10090 10176
2719 2859 10284 10424
2859 3066 11650 11857
3066 3118 13977 14029
3118 3205 14204 14291
3205 3409 14456 14660
3409 3485 17576 17652
3485 3654 17923 18092
3654 3744 20337 20427
3744 3898 20580 20734
3898 4071 22091 22264
4071 4230 22445 22604
4230 4290 26234 26294
4290 4381 28532 28623
4381 4427 29678 29724
4427 4515 31064 31152
4515 4602 31419 31506
4602 4708 31767 31873
4708 4798 32377 32467
4798 4885 34001 34088
4885 4975 34176 34266
4975 5111 34386 34522
5111 5244 35007 35140

>ENSMMUT00000090152
0 338 0 338
338 546 474 682
546 721 1132 1307
721 792 1522 1593
792 881 1719 1808
881 964 1895 1978
964 1052 2223 2311
1052 1155 4097 4200
1155 1276 4296 4417
1276 1392 4682 4798
1392 1533 5445 5586
1533 1743 5672 5882
1743 1953 6110 6320
1953 2115 6606 6768
2115 2245 7034 7164
2245 2323 8027 8105
2323 2521 9314 9512
2521 2633 9691 9803
2633 2719 10090 10176
2719 2859 10284 10424
2859 3066 11650 11857
3066 3118 13977 14029
3118 3205 14204 14291
3205 3409 14456 14660
3409 3485 17576 17652
3485 3654 17923 18092
3654 3744 20337 20427
3744 3898 20580 20734
3898 4071 22091 22264
4071 4230 22445 22604
4230 4290 26234 26294
4290 4381 28532 28623
4381 4427 29678 29724
4427 4515 31064 31152
4515 4602 31419 31506
4602 4708 31767 31873
4708 4798 32377 32467
4798 4885 34001 34088
4885 5361 34176 34652

>ENSMMUT00000110324
0 338 0 338
338 546 474 682
546 721 1132 1307
721 792 1522 1593
792 881 1719 1808
881 964 1895 1978
964 1052 2223 2311
1052 1155 4097 4200
1155 1276 4296 4417
1276 1392 4682 4798
1392 1533 5445 5586
1533 1743 5672 5882
1743 1953 6110 6320
1953 2115 6606 6768
2115 2245 7034 7164
2245 2323 8027 8105
2323 2521 9314 9512
2521 2633 9691 9803
2633 2719 10090 10176
2719 2859 10284 10424
2859 3066 11650 11857
3066 3118 13977 14029
3118 3205 14204 14291
3205 3409 14456 14660
3409 3485 17576 17652
3485 3654 17923 18092
3654 3744 20337 20427
3744 3898 20580 20734
3898 4071 22091 22264
4071 4230 22445 22604
4230 4321 28532 28623
4321 4367 29678 29724
4367 4455 31064 31152
4455 4542 31419 31506
4542 4648 31767 31873
4648 4738 32377 32467
4738 4825 34001 34088
4825 5301 34176 34652

>ENSMMUT00000107053
0 21 661 682
21 196 1132 1307
196 267 1522 1593
267 356 1719 1808
356 439 1895 1978
439 527 2223 2311
527 630 4097 4200
630 751 4296 4417
751 867 4682 4798
867 1008 5445 5586
1008 1218 5672 5882
1218 1428 6110 6320
1428 1590 6606 6768
1590 1720 7034 7164
1720 1798 8027 8105
1798 1996 9314 9512
1996 2108 9691 9803
2108 2194 10090 10176
2194 2334 10284 10424
2334 2541 11650 11857
2541 2593 13977 14029
2593 2680 14204 14291
2680 2884 14456 14660
2884 2960 17576 17652
2960 3129 17923 18092
3129 3219 20337 20427
3219 3373 20580 20734
3373 3546 22091 22264
3546 3705 22445 22604
3705 3765 26234 26294
3765 3856 28532 28623
3856 3902 29678 29724
3902 3990 31064 31152
3990 4077 31419 31506
4077 4183 31767 31873
4183 4273 32377 32467
4273 4431 35007 35165

>ENSCSAT00000005485
0 71 254 325
71 279 461 669
279 454 1121 1296
454 525 1512 1583
525 614 1708 1797
614 697 1884 1967
697 785 2209 2297
785 888 5278 5381
888 1009 5477 5598
1009 1125 5855 5971
1125 1266 6614 6755
1266 1479 6841 7054
1479 1689 7282 7492
1689 1851 7778 7940
1851 1981 8202 8332
1981 2059 9195 9273
2059 2257 10499 10697
2257 2369 10876 10988
2369 2455 11275 11361
2455 2751 11469 11765

>ENSPSMT00000034453
0 71 0 71
71 279 196 404
279 454 870 1045
454 525 1266 1337
525 614 1463 1552
614 697 1632 1715
697 785 1965 2053
785 888 2873 2976
888 1009 3074 3195
1009 1125 3452 3568
1125 1266 4210 4351
1266 1476 4437 4647
1476 1686 4873 5083
1686 1848 5369 5531
1848 1978 5797 5927
1978 2056 10122 10200
2056 2254 11108 11306
2254 2366 11485 11597
2366 2452 11904 11990
2452 2592 12077 12217
2592 2799 12618 12825
2799 2851 13694 13746
2851 2938 13884 13971
2938 3142 14135 14339
3142 3218 15426 15502
3218 3387 15797 15966
3387 3483 16876 16972
3483 3637 17128 17282
3637 3810 18379 18552
3810 3969 18737 18896
3969 4029 20181 20241
4029 4120 21603 21694
4120 4166 23112 23158
4166 4254 24122 24210
4254 4341 24506 24593
4341 4447 24831 24937
4447 4537 25387 25477
4537 4624 25859 25946
4624 4714 26032 26122
4714 4850 26226 26362
4850 4983 26789 26922

>ENSPSMT00000034456
0 71 0 71
71 279 196 404
279 454 870 1045
454 525 1266 1337
525 614 1463 1552
614 697 1632 1715
697 785 1965 2053
785 888 2873 2976
888 1009 3074 3195
1009 1125 3452 3568
1125 1266 4210 4351
1266 1476 4437 4647
1476 1686 4873 5083
1686 1848 5369 5531
1848 1978 5797 5927
1978 2056 10122 10200
2056 2254 11108 11306
2254 2366 11485 11597
2366 2452 11904 11990
2452 2592 12077 12217
2592 2799 12618 12825
2799 2851 13694 13746
2851 2938 13884 13971
2938 3142 14135 14339
3142 3218 15426 15502
3218 3387 15797 15966
3387 3483 16876 16972
3483 3637 17128 17282
3637 3810 18379 18552
3810 3969 18737 18896
3969 4048 21603 21682
4048 4094 23112 23158
4094 4182 24122 24210
4182 4269 24506 24593
4269 4375 24831 24937
4375 4465 25387 25477
4465 4552 25859 25946
4552 4642 26032 26122
4642 4778 26226 26362
4778 4911 26789 26922

>ENSPSMT00000034459
0 71 0 71
71 279 196 404
279 454 870 1045
454 525 1266 1337
525 614 1463 1552
614 697 1632 1715
697 785 1965 2053
785 888 2873 2976
888 1009 3074 3195
1009 1125 3452 3568
1125 1266 4210 4351
1266 1476 4437 4647
1476 1686 4873 5083
1686 1848 5369 5531
1848 1978 5797 5927
1978 2056 10122 10200
2056 2254 11108 11306
2254 2366 11485 11597
2366 2452 11904 11990
2452 2592 12077 12217
2592 2799 12618 12825
2799 2851 13694 13746
2851 2938 13884 13971
2938 3142 14135 14339
3142 3218 15426 15502
3218 3387 15797 15966
3387 3483 16876 16972
3483 3637 17128 17282
3637 3810 18379 18552
3810 3969 18737 18896
3969 4029 20181 20241
4029 4120 21603 21694
4120 4166 23112 23158
4166 4254 24122 24210
4254 4341 24506 24593
4341 4447 24831 24937
4447 4537 25387 25477
4537 4627 26032 26122
4627 4763 26226 26362
4763 4896 26789 26922

>ENSPSMT00000034464
0 71 0 71
71 279 196 404
279 454 870 1045
454 525 1266 1337
525 614 1463 1552
614 697 1632 1715
697 785 1965 2053
785 888 2873 2976
888 1009 3074 3195
1009 1125 3452 3568
1125 1266 4210 4351
1266 1476 4437 4647
1476 1686 4873 5083
1686 1816 5797 5927
1816 1894 10122 10200
1894 2092 11108 11306
2092 2204 11485 11597
2204 2290 11904 11990
2290 2430 12077 12217
2430 2637 12618 12825
2637 2689 13694 13746
2689 2776 13884 13971
2776 2980 14135 14339
2980 3056 15426 15502
3056 3225 15797 15966
3225 3321 16876 16972
3321 3475 17128 17282
3475 3648 18379 18552
3648 3807 18737 18896
3807 3867 20181 20241
3867 3946 21603 21682
3946 4056 24100 24210
4056 4143 24506 24593
4143 4249 24831 24937
4249 4339 25387 25477
4339 4426 25859 25946
4426 4516 26032 26122
4516 4652 26226 26362
4652 4785 26789 26922

>ENSCCNT00000039784
0 71 0 71
71 103 219 251
103 219 287 403
219 394 829 1004
394 465 1200 1271
465 554 1371 1460
554 637 1539 1622
637 725 1850 1938
725 828 2339 2442
828 949 2536 2657
949 1065 3052 3168
1065 1206 3873 4014
1206 1410 4102 4306
1410 1620 4498 4708
1620 1782 5160 5322
1782 1912 5581 5711
1912 1993 7675 7756
1993 2191 8666 8864
2191 2285 8971 9065
2285 2374 9331 9420
2374 2514 9509 9649
2514 2721 10371 10578
2721 2773 11042 11094
2773 2860 11194 11281
2860 3064 11426 11630
3064 3140 13410 13486
3140 3309 13637 13806
3309 3405 16652 16748
3405 3559 16885 17039
3559 3732 17527 17700
3732 3891 17838 17997
3891 3951 18662 18722
3951 4042 20006 20097
4042 4088 21057 21103
4088 4176 21888 21976
4176 4263 22454 22541
4263 4369 22727 22833
4369 4459 23256 23346
4459 4546 23933 24020
4546 4636 24109 24199
4636 4772 24304 24440
4772 4905 24749 24882

>ENSCCNT00000039785
0 71 0 71
71 103 219 251
103 219 287 403
219 394 829 1004
394 465 1200 1271
465 554 1371 1460
554 637 1539 1622
637 725 1850 1938
725 828 2339 2442
828 949 2536 2657
949 1065 3052 3168
1065 1206 3873 4014
1206 1410 4102 4306
1410 1620 4498 4708
1620 1782 5160 5322
1782 1912 5581 5711
1912 1993 7675 7756
1993 2191 8666 8864
2191 2285 8971 9065
2285 2374 9331 9420
2374 2514 9509 9649
2514 2721 10371 10578
2721 2773 11042 11094
2773 2860 11194 11281
2860 3064 11426 11630
3064 3140 13410 13486
3140 3309 13637 13806
3309 3405 16652 16748
3405 3559 16885 17039
3559 3732 17527 17700
3732 3891 17838 17997
3891 3982 20006 20097
3982 4028 21057 21103
4028 4116 21888 21976
4116 4203 22454 22541
4203 4309 22727 22833
4309 4399 23256 23346
4399 4486 23933 24020
4486 4576 24109 24199
4576 4712 24304 24440
4712 4845 24749 24882

>ENSCCNT00000039787
0 71 0 71
71 103 219 251
103 219 287 403
219 394 829 1004
394 465 1200 1271
465 554 1371 1460
554 637 1539 1622
637 725 1850 1938
725 828 2339 2442
828 949 2536 2657
949 1065 3052 3168
1065 1206 3873 4014
1206 1410 4102 4306
1410 1620 4498 4708
1620 1782 5160 5322
1782 1912 5581 5711
1912 1993 7675 7756
1993 2191 8666 8864
2191 2285 8971 9065
2285 2374 9331 9420
2374 2514 9509 9649
2514 2721 10371 10578
2721 2773 11042 11094
2773 2860 11194 11281
2860 3064 11426 11630
3064 3140 13410 13486
3140 3309 13637 13806
3309 3405 16652 16748
3405 3559 16885 17039
3559 3732 17527 17700
3732 3891 17838 17997
3891 3951 18662 18722
3951 4042 20006 20097
4042 4088 21057 21103
4088 4176 21888 21976
4176 4263 22454 22541
4263 4369 22727 22833
4369 4459 23256 23346
4459 4549 24109 24199
4549 4685 24304 24440
4685 4818 24749 24882

>ENSCCNT00000039789
0 71 0 71
71 103 219 251
103 219 287 403
219 394 829 1004
394 465 1200 1271
465 554 1371 1460
554 637 1539 1622
637 725 1850 1938
725 828 2339 2442
828 949 2536 2657
949 1065 3052 3168
1065 1206 3873 4014
1206 1410 4102 4306
1410 1620 4498 4708
1620 1750 5581 5711
1750 1831 7675 7756
1831 2029 8666 8864
2029 2123 8971 9065
2123 2212 9331 9420
2212 2352 9509 9649
2352 2559 10371 10578
2559 2611 11042 11094
2611 2698 11194 11281
2698 2902 11426 11630
2902 2978 13410 13486
2978 3147 13637 13806
3147 3243 16652 16748
3243 3397 16885 17039
3397 3570 17527 17700
3570 3729 17838 17997
3729 3789 18662 18722
3789 3880 20006 20097
3880 3926 21057 21103
3926 4014 21888 21976
4014 4101 22454 22541
4101 4207 22727 22833
4207 4297 23256 23346
4297 4384 23933 24020
4384 4474 24109 24199
4474 4610 24304 24440
4610 4743 24749 24882

>ENSOCUT00000010097
0 71 0 71
71 279 159 367
279 460 802 983
460 531 1187 1258
531 620 1363 1452
620 703 1542 1625
703 791 1771 1859
791 894 2656 2759
894 1015 2852 2973
1015 1131 3205 3321
1131 1272 3594 3735
1272 1479 3822 4029
1479 1689 4192 4402
1689 1851 4677 4839
1851 1981 5086 5216
1981 2059 5860 5938
2059 2257 7198 7396
2257 2372 7493 7608
2372 2458 7907 7993
2458 2598 8097 8237
2598 2805 10062 10269
2805 2857 11941 11993
2857 2944 12097 12184
2944 3148 12338 12542
3148 3224 14361 14437
3224 3393 14723 14892
3393 3489 16405 16501
3489 3676 16658 16845
3676 3849 17904 18077
3849 4008 18226 18385
4008 4068 20808 20868
4068 4159 21208 21299
4159 4205 22947 22993
4205 4293 24426 24514
4293 4380 24777 24864
4380 4486 25119 25225
4486 4576 25622 25712
4576 4663 25889 25976
4663 4753 26060 26150
4753 4889 26244 26380
4889 5022 26707 26840

>ENSOCUT00000047654
0 71 0 71
71 279 159 367
279 460 802 983
460 531 1187 1258
531 620 1363 1452
620 703 1542 1625
703 791 1771 1859
791 894 2656 2759
894 1015 2852 2973
1015 1131 3205 3321
1131 1272 3594 3735
1272 1479 3822 4029
1479 1689 4192 4402
1689 1851 4677 4839
1851 1981 5086 5216
1981 2059 5860 5938
2059 2257 7198 7396
2257 2372 7493 7608
2372 2458 7907 7993
2458 2598 8097 8237
2598 2805 10062 10269
2805 2857 11941 11993
2857 2944 12097 12184
2944 3148 12338 12542
3148 3224 14361 14437
3224 3393 14723 14892
3393 3489 16405 16501
3489 3676 16658 16845
3676 3849 17904 18077
3849 4008 18226 18385
4008 4068 20808 20868
4068 4159 21208 21299
4159 4205 22947 22993
4205 4518 23338 23651

>ENSUAMT00000026637
0 71 0 71
71 279 205 413
279 454 877 1052
454 525 1238 1309
525 614 1405 1494
614 697 1573 1656
697 785 1895 1983
785 888 2719 2822
888 1009 2924 3045
1009 1125 3302 3418
1125 1263 4084 4222
1263 1470 4317 4524
1470 1671 4751 4952
1671 1833 5253 5415
1833 1963 5680 5810
1963 2041 6723 6801
2041 2239 8533 8731
2239 2351 8890 9002
2351 2440 9269 9358
2440 2580 9460 9600
2580 2810 9991 10221
2810 2920 11115 11225
2920 3124 11395 11599
3124 3200 12651 12727
3200 3369 13164 13333
3369 3465 16159 16255
3465 3480 16315 16330
3480 3634 16417 16571
3634 3807 17431 17604
3807 3966 17767 17926
3966 4120 20065 20219
4120 4166 21514 21560
4166 4254 22617 22705
4254 4341 23025 23112
4341 4447 23315 23421
4447 4537 24523 24613
4537 4624 24995 25082
4624 4714 25176 25266
4714 4850 25375 25511
4850 4983 25988 26121

>ENSUAMT00000026638
0 71 0 71
71 279 205 413
279 454 877 1052
454 525 1238 1309
525 614 1405 1494
614 697 1573 1656
697 785 1895 1983
785 888 2719 2822
888 1009 2924 3045
1009 1125 3302 3418
1125 1263 4084 4222
1263 1470 4317 4524
1470 1671 4751 4952
1671 1833 5253 5415
1833 1963 5680 5810
1963 2041 6723 6801
2041 2239 8533 8731
2239 2351 8890 9002
2351 2440 9269 9358
2440 2580 9460 9600
2580 2810 9991 10221
2810 2920 11115 11225
2920 3124 11395 11599
3124 3200 12651 12727
3200 3369 13164 13333
3369 3465 16159 16255
3465 3480 16315 16330
3480 3634 16417 16571
3634 3807 17431 17604
3807 3966 17767 17926
3966 4120 20065 20219
4120 4166 21514 21560
4166 4254 22617 22705
4254 4341 23025 23112
4341 4447 23315 23421
4447 4537 24523 24613
4537 4627 25176 25266
4627 4763 25375 25511
4763 4896 25988 26121

>ENSUAMT00000026639
0 71 0 71
71 279 205 413
279 454 877 1052
454 525 1238 1309
525 614 1405 1494
614 697 1573 1656
697 785 1895 1983
785 888 2719 2822
888 1009 2924 3045
1009 1125 3302 3418
1125 1263 4084 4222
1263 1470 4317 4524
1470 1671 4751 4952
1671 1801 5680 5810
1801 1879 6723 6801
1879 2077 8533 8731
2077 2189 8890 9002
2189 2278 9269 9358
2278 2418 9460 9600
2418 2648 9991 10221
2648 2758 11115 11225
2758 2962 11395 11599
2962 3038 12651 12727
3038 3207 13164 13333
3207 3303 16159 16255
3303 3318 16315 16330
3318 3472 16417 16571
3472 3645 17431 17604
3645 3804 17767 17926
3804 3958 20065 20219
3958 4004 21514 21560
4004 4092 22617 22705
4092 4179 23025 23112
4179 4285 23315 23421
4285 4375 24523 24613
4375 4462 24995 25082
4462 4552 25176 25266
4552 4688 25375 25511
4688 4821 25988 26121

>ENSUMAT00000041289
0 71 0 71
71 279 205 413
279 454 877 1052
454 525 1238 1309
525 614 1405 1494
614 697 1573 1656
697 785 1895 1983
785 888 2719 2822
888 1009 2924 3045
1009 1125 3302 3418
1125 1263 4086 4224
1263 1470 4319 4526
1470 1671 4753 4954
1671 1833 5255 5417
1833 1963 5682 5812
1963 2041 6728 6806
2041 2239 8540 8738
2239 2351 8897 9009
2351 2440 9277 9366
2440 2624 9468 9652
2624 2816 9996 10188
2816 2926 11081 11191
2926 3130 11361 11565
3130 3206 12620 12696
3206 3375 13131 13300
3375 3471 16126 16222
3471 3486 16282 16297
3486 3640 16384 16538
3640 3813 17398 17571
3813 3972 17734 17893
3972 4126 20001 20155
4126 4172 21444 21490
4172 4260 22547 22635
4260 4347 22955 23042
4347 4453 23245 23351
4453 4543 23660 23750
4543 4630 24132 24219
4630 4720 24313 24403
4720 4856 24512 24648
4856 4989 25125 25258

>ENSUMAT00000041291
0 71 0 71
71 279 205 413
279 454 877 1052
454 525 1238 1309
525 614 1405 1494
614 697 1573 1656
697 785 1895 1983
785 888 2719 2822
888 1009 2924 3045
1009 1125 3302 3418
1125 1263 4086 4224
1263 1470 4319 4526
1470 1671 4753 4954
1671 1833 5255 5417
1833 1963 5682 5812
1963 2041 6728 6806
2041 2239 8540 8738
2239 2351 8897 9009
2351 2440 9277 9366
2440 2624 9468 9652
2624 2816 9996 10188
2816 2926 11081 11191
2926 3130 11361 11565
3130 3206 12620 12696
3206 3375 13131 13300
3375 3471 16126 16222
3471 3486 16282 16297
3486 3640 16384 16538
3640 3813 17398 17571
3813 3972 17734 17893
3972 4126 20001 20155
4126 4172 21444 21490
4172 4260 22547 22635
4260 4347 22955 23042
4347 4453 23245 23351
4453 4543 23660 23750
4543 4633 24313 24403
4633 4769 24512 24648
4769 4902 25125 25258

>ENSUMAT00000041292
0 71 0 71
71 279 205 413
279 454 877 1052
454 525 1238 1309
525 614 1405 1494
614 697 1573 1656
697 785 1895 1983
785 888 2719 2822
888 1009 2924 3045
1009 1125 3302 3418
1125 1263 4086 4224
1263 1470 4319 4526
1470 1671 4753 4954
1671 1801 5682 5812
1801 1879 6728 6806
1879 2077 8540 8738
2077 2189 8897 9009
2189 2278 9277 9366
2278 2462 9468 9652
2462 2654 9996 10188
2654 2764 11081 11191
2764 2968 11361 11565
2968 3044 12620 12696
3044 3213 13131 13300
3213 3309 16126 16222
3309 3324 16282 16297
3324 3478 16384 16538
3478 3651 17398 17571
3651 3810 17734 17893
3810 3964 20001 20155
3964 4010 21444 21490
4010 4098 22547 22635
4098 4185 22955 23042
4185 4291 23245 23351
4291 4381 23660 23750
4381 4468 24132 24219
4468 4558 24313 24403
4558 4694 24512 24648
4694 4827 25125 25258

