>ENSPMET00000023937
0 235 0 235
235 291 5093 5149

>ENSPMET00000006497
0 235 0 235
235 291 5093 5149

>ENSPLAT00000031599
0 229 0 229
229 291 2469 2531

>ENSPLAT00000017729
0 229 0 229
229 291 2469 2531

>ENSGAFT00000015145
0 32 0 32
32 231 286 485

>ENSXCOT00000008489
0 231 0 231

>ENSSPAT00000022584
0 219 0 219
219 276 841 898

>ENSNBRT00000026595
0 153 0 153
153 225 4322 4394

>ENSMZET00005006944
0 153 0 153
153 225 4355 4427

>ENSATET00000031750
0 9 0 9
9 136 223 350
136 216 1627 1707

>ENSPRET00000032201
0 160 0 160
160 249 1822 1911

>ENSLBET00000017533
0 9 0 9
9 164 226 381
164 249 1683 1768

