>FBtr0080231
0 266 329 595
266 475 663 872
475 876 1134 1535
876 1130 1593 1847
1130 2707 1904 3481
2707 2945 3589 3827
2945 3186 3883 4124
3186 3352 4187 4353
3352 3875 4413 4936
3875 4062 5011 5198

>FBtr0080232
0 266 329 595
266 475 663 872
475 876 1134 1535
876 1130 1593 1847
1130 2707 1904 3481
2707 2945 3589 3827
2945 3186 3883 4124
3186 3352 4187 4353
3352 3875 4413 4936
3875 4062 5011 5198

>Y44E3A.6a.1
0 50 16 66
50 198 143 291
198 327 1287 1416
327 440 1461 1574
440 579 1636 1775
579 1107 2892 3420
1107 1240 4337 4470
1240 1678 4897 5335
1678 1968 6284 6574
1968 2377 7281 7690
2377 2485 9152 9260
2485 2526 9308 9349

>Y44E3A.6a.2
0 50 16 66
50 198 143 291
198 327 1287 1416
327 440 1461 1574
440 579 1636 1775
579 1107 2892 3420
1107 1240 4337 4470
1240 1678 4897 5335
1678 1968 6284 6574
1968 2377 7281 7690
2377 2485 9152 9260
2485 2526 9308 9349

>Y44E3A.6b.1
0 50 16 66
50 198 143 291
198 327 1287 1416
327 440 1461 1574
440 579 1636 1775
579 1107 2892 3420
1107 1240 4337 4470
1240 1678 4897 5335
1678 1968 6284 6574
1968 2377 7281 7690
2377 2485 9152 9260
2485 2532 9302 9349

>Y44E3A.6b.2
0 50 16 66
50 198 143 291
198 327 1287 1416
327 440 1461 1574
440 579 1636 1775
579 1107 2892 3420
1107 1240 4337 4470
1240 1678 4897 5335
1678 1968 6284 6574
1968 2377 7281 7690
2377 2485 9152 9260
2485 2532 9302 9349

