>C04G6.2.1
0 70 33 103
70 178 287 395
178 320 513 655
320 513 710 903

>C04G6.13.1
0 67 515 582
67 127 640 700
127 269 744 886
269 462 933 1126

>Y116F11B.2.1
0 85 0 85
85 124 135 174
124 172 219 267
172 238 1060 1126
238 371 1173 1306
371 580 1888 2097
580 719 2360 2499
719 904 2548 2733
904 1034 2778 2908
1034 1212 2957 3135

>F46B3.7.1
0 70 0 70
70 209 113 252
209 387 359 537

>F46B3.8.1
0 70 0 70
70 212 114 256
212 405 318 511

>F54B8.1.1
0 97 0 97
97 251 148 302
251 453 345 547

>M01B2.8.1
0 97 0 97
97 251 151 305
251 453 347 549

>K02E2.8a.1
0 64 7 71
64 109 113 158
109 217 231 339
217 362 388 533
362 567 929 1134

>K02E2.8b.1
0 64 7 71
64 172 231 339
172 317 388 533
317 522 929 1134

