>ENSEBUT00000000649
0 99 0 99
99 210 9938 10049
210 338 14327 14455
338 480 14739 14881
480 522 15544 15586
522 639 16366 16483
639 801 17026 17188
801 978 28479 28656
978 1089 32835 32946
1089 1163 48552 48626
1163 1353 48831 49021
1353 1401 49233 49281
1401 1464 49364 49427
1464 1587 50202 50325
1587 1707 53496 53616

>ENSLCOT00000002006
0 58 154 212
58 234 3253 3429
234 318 3704 3788
318 474 4796 4952
474 539 5678 5743
539 660 6335 6456
660 771 6950 7061
771 905 7346 7480
905 1047 7859 8001
1047 1089 8302 8344
1089 1203 9098 9212
1203 1359 9368 9524
1359 1515 9929 10085
1515 1626 10252 10363
1626 1715 10449 10538
1715 1905 10690 10880
1905 1953 11134 11182
1953 2022 11430 11499
2022 2169 11887 12034
2169 2289 12404 12524
2289 2403 12923 13037

>ENSLCOT00000002008
0 58 154 212
58 234 3253 3429
234 318 3704 3788
318 474 4796 4952
474 539 5678 5743
539 660 6335 6456
660 794 7346 7480
794 936 7859 8001
936 978 8302 8344
978 1092 9098 9212
1092 1248 9368 9524
1248 1404 9929 10085
1404 1515 10252 10363
1515 1604 10449 10538
1604 1794 10690 10880
1794 1842 11134 11182
1842 1911 11430 11499
1911 2058 11887 12034
2058 2178 12404 12524
2178 2292 12923 13037

>ENSLCOT00000002011
0 58 154 212
58 234 3253 3429
234 318 3704 3788
318 474 4796 4952
474 539 5678 5743
539 660 6335 6456
660 771 6950 7061
771 905 7346 7480
905 1047 7859 8001
1047 1089 8302 8344
1089 1203 9098 9212
1203 1359 9368 9524
1359 1515 9929 10085
1515 1626 10252 10363
1626 1715 10449 10538
1715 1905 10690 10880
1905 1953 11134 11182
1953 2022 11430 11499
2022 2169 11887 12034
2169 2283 12923 13037

>ENSCCET00000037068
0 58 949 1007
58 234 3943 4119
234 318 4394 4478
318 474 5074 5230
474 539 5921 5986
539 660 6565 6686
660 771 7126 7237
771 905 7523 7657
905 1047 8215 8357
1047 1089 8673 8715
1089 1203 9405 9519
1203 1359 9650 9806
1359 1611 9955 10207

>ENSCCET00000037138
0 58 949 1007
58 234 3943 4119
234 318 4394 4478
318 474 5074 5230
474 539 5921 5986
539 660 6565 6686
660 771 7126 7237
771 905 7523 7657
905 1047 8215 8357
1047 1089 8673 8715
1089 1203 9405 9519
1203 1590 9650 10037

>ENSCCET00000037141
0 58 949 1007
58 234 3943 4119
234 318 4394 4478
318 474 5074 5230
474 539 5921 5986
539 660 6565 6686
660 794 7523 7657
794 936 8215 8357
936 978 8673 8715
978 1092 9405 9519
1092 1479 9650 10037

