>FBtr0344630
0 412 3324 3736
412 515 4395 4498
515 641 5100 5226
641 819 7512 7690
819 1758 8368 9307

>FBtr0332174
0 412 3324 3736
412 515 4395 4498
515 641 5100 5226
641 819 7512 7690
819 1758 8368 9307

>FBtr0332173
0 412 3324 3736
412 515 4395 4498
515 641 5100 5226
641 819 7512 7690
819 1758 8368 9307

>FBtr0083512
0 412 3324 3736
412 515 4395 4498
515 641 5100 5226
641 819 7512 7690
819 1758 8368 9307

>FBtr0346161
0 538 5627 6165
538 641 7904 8007
641 767 8087 8213
767 951 8943 9127
951 1893 10130 11072

>FBtr0083532
0 538 5627 6165
538 641 7904 8007
641 767 8087 8213
767 951 8943 9127
951 1893 10130 11072

>FBtr0344474
0 538 5627 6165
538 641 7904 8007
641 767 8087 8213
767 951 8943 9127
951 1893 10130 11072

