>ENSSDAT00000012812
0 66 0 66
66 139 678 751
139 316 1065 1242
316 501 2232 2417
501 747 3013 3259

>ENSSDAT00000012803
0 103 0 103
103 280 417 594
280 418 1584 1722
418 690 1767 2039

>ENSSTOT00000034268
0 103 39 142
103 280 456 633
280 465 1612 1797
465 645 2396 2576

>ENSUPAT00010012631
0 103 0 103
103 280 416 593
280 465 1579 1764
465 632 2361 2528
632 678 5165 5211

>ENSOCUT00000057662
0 247 7001 7248
247 394 7547 7694
394 568 7942 8116
568 753 8911 9096
753 903 9943 10093

>ENSPSMT00000031258
0 103 0 103
103 280 357 534
280 465 1321 1506
465 669 2068 2272

