>ENSFHET00000025412
0 237 0 237
237 333 2088 2184

>ENSCVAT00000002708
0 249 0 249
249 411 4560 4722

>ENSACIT00000032245
0 162 0 162
162 375 1432 1645

>ENSGWIT00000001523
0 163 6372 6535
163 213 6777 6827
213 378 7750 7915

>ENSCGOT00000050273
0 99 0 99
99 140 153 194
140 243 964 1067

>ENSCSET00000031942
0 166 6 172
166 213 280 327
213 375 1896 2058

>ENSHHUT00000062805
0 153 0 153
153 183 963 993
183 351 1032 1200

>ENSDCDT00000059303
0 172 1099 1271
172 228 1455 1511
228 399 1847 2018

>ENSPNAT00000004850
0 157 1584 1741
157 210 5873 5926
210 378 9268 9436

