>F54F2.2a.1
0 109 5708 5817
109 365 6012 6268
365 456 6548 6639
456 567 6688 6799
567 1164 9978 10575
1164 1708 10720 11264
1708 2297 11437 12026
2297 2430 12074 12207
2430 2604 12605 12779

>F54F2.2a.2
0 109 5708 5817
109 365 6012 6268
365 456 6548 6639
456 567 6688 6799
567 1164 9978 10575
1164 1708 10720 11264
1708 2297 11437 12026
2297 2430 12074 12207
2430 2604 12605 12779

>F54F2.2b.1
0 101 0 101
101 279 150 328
279 352 370 443
352 441 492 581
441 552 1186 1297
552 636 1377 1461

>F54F2.2c.1
0 468 10107 10575
468 1012 10720 11264
1012 1601 11437 12026
1601 1734 12074 12207
1734 1908 12605 12779

