>K09C4.8.1
0 98 140 238
98 215 291 408
215 329 454 568
329 540 626 837
540 710 1028 1198
710 861 1253 1404
861 1037 1472 1648
1037 1217 1699 1879
1217 1344 1924 2051
1344 1634 2437 2727
1634 1691 2778 2835
1691 1829 2908 3046
1829 1938 3093 3202
1938 2130 3334 3526

>K09C4.8.2
0 98 140 238
98 215 291 408
215 329 454 568
329 540 626 837
540 710 1028 1198
710 861 1253 1404
861 1037 1472 1648
1037 1217 1699 1879
1217 1344 1924 2051
1344 1634 2437 2727
1634 1691 2778 2835
1691 1829 2908 3046
1829 1938 3093 3202
1938 2130 3334 3526

>FBtr0334700
0 767 24444 25211
767 1094 25425 25752
1094 1758 25806 26470
1758 2621 26540 27403
2621 2932 27464 27775
2932 3130 27851 28049
3130 3233 28112 28215
3233 3342 28283 28392

>FBtr0334699
0 767 24444 25211
767 1094 25425 25752
1094 1758 25806 26470
1758 2621 26540 27403
2621 2932 27464 27775
2932 3130 27851 28049
3130 3233 28112 28215
3233 3342 28283 28392

>FBtr0083273
0 767 24444 25211
767 1094 25425 25752
1094 1758 25806 26470
1758 2621 26540 27403
2621 2932 27464 27775
2932 3130 27851 28049
3130 3233 28112 28215
3233 3342 28283 28392

>ENSCSAVT00000003133
0 127 18 145
127 247 433 553
247 370 943 1066
370 522 1876 2028
522 692 2329 2499
692 846 2776 2930
846 1022 3783 3959
1022 1133 4589 4700
1133 1181 4973 5021
1181 1229 5858 5906
1229 1276 6469 6516
1276 1419 9303 9446
1419 1479 9708 9768

