>ENSLACT00000025056
0 117 5629 5746
117 290 7885 8058
290 393 9834 9937
393 560 21359 21526
560 760 26803 27003
760 906 28846 28992
906 1129 30399 30622
1129 1395 31092 31358
1395 1596 31685 31886
1596 1959 34340 34703
1959 2097 36346 36484
2097 2343 40044 40290
2343 2568 41135 41360
2568 2730 42739 42901
2730 2896 44001 44167
2896 3025 48735 48864
3025 3251 50091 50317
3251 3380 50778 50907
3380 3557 53484 53661
3557 3624 56924 56991
3624 3735 58573 58684
3735 3927 63985 64177
3927 4086 68983 69142
4086 4230 69898 70042
4230 4347 70630 70747
4347 4482 73521 73656
4482 4548 75632 75698
4548 4763 78234 78449
4763 4949 82811 82997
4949 5282 85096 85429
5282 5421 89022 89161

>ENSCMIT00000038068
0 24 4880 4904
24 84 5012 5072
84 309 5906 6131
309 652 6611 6954
652 699 7756 7803

