>FBtr0344198
0 367 4943 5310
367 2612 6852 9097
2612 2619 11073 11080

>FBtr0100501
0 367 4943 5310
367 2612 6852 9097
2612 2646 9976 10010

>FBtr0085830
0 144 13424 13568
144 777 13755 14388
777 865 14525 14613
865 1929 15765 16829

>FBtr0085827
0 144 13424 13568
144 777 13755 14388
777 865 14525 14613
865 2439 19053 20627

>FBtr0303228
0 144 13424 13568
144 777 13755 14388
777 865 14525 14613
865 1929 15765 16829

>FBtr0303227
0 144 13424 13568
144 777 13755 14388
777 865 14525 14613
865 2439 19053 20627

>FBtr0085828
0 144 13424 13568
144 777 13755 14388
777 865 14525 14613
865 1929 15765 16829

>FBtr0085826
0 144 13424 13568
144 777 13755 14388
777 865 14525 14613
865 1929 15765 16829

>FBtr0085825
0 144 13424 13568
144 777 13755 14388
777 865 14525 14613
865 2439 19053 20627

>FBtr0085829
0 144 13424 13568
144 777 13755 14388
777 865 14525 14613
865 2439 19053 20627

