>FBtr0077844
0 36 280 316
36 177 455 596
177 320 654 797
320 681 878 1239

>FBtr0330676
0 36 280 316
36 177 455 596
177 311 663 797
311 672 878 1239

>FBtr0303459
0 36 280 316
36 177 455 596
177 320 654 797
320 681 878 1239

>ENSEBUT00000009865
0 48 434 482
48 60 6562 6574
60 183 10949 11072
183 522 11319 11658
522 570 11836 11884
570 646 34715 34791
646 705 34903 34962
705 789 48344 48428

>ENSEBUT00000009875
0 48 434 482
48 60 6562 6574
60 183 10949 11072
183 316 11319 11452
316 402 11572 11658
402 450 11836 11884
450 526 34715 34791
526 585 34903 34962
585 669 48344 48428

>ENSEBUT00000009892
0 48 434 482
48 60 6562 6574
60 183 10949 11072
183 316 11319 11452
316 402 11572 11658
402 450 11836 11884
450 534 48344 48428

>ENSPTET00000032674
0 129 0 129
129 183 427 481
183 252 621 690
252 325 902 975
325 393 1129 1197
393 588 1389 1584
588 684 1788 1884

>ENSPTET00000032723
0 129 0 129
129 183 427 481
183 252 621 690
252 325 902 975
325 393 1129 1197
393 588 1389 1584
588 684 1788 1884

>YJR099W_mRNA
0 711 0 711

