>ENSEEET00000050683
0 165 1992 2157
165 297 4018 4150
297 506 8064 8273
506 699 8509 8702
699 893 8856 9050
893 971 10142 10220
971 1167 10504 10700
1167 1290 10834 10957
1290 1483 11429 11622
1483 1609 11693 11819
1609 1746 11919 12056
1746 1920 12281 12455

>ENSIPUT00000021619
0 165 3329 3494
165 297 8547 8679
297 506 15790 15999
506 699 16292 16485
699 893 16763 16957
893 971 17238 17316
971 1167 18549 18745
1167 1290 19156 19279
1290 1487 19700 19897
1487 1609 20046 20168
1609 1746 20251 20388
1746 1929 21054 21237

>ENSAMXT00000046883
0 165 12830 12995
165 297 25744 25876
297 506 41461 41670
506 699 42943 43136
699 893 43716 43910
893 971 45068 45146
971 1167 45339 45535
1167 1290 46313 46436
1290 1487 47434 47631
1487 1609 48085 48207
1609 1746 48292 48429
1746 1929 52865 53048

>ENSAMXT00000054272
0 165 12830 12995
165 374 41461 41670
374 567 42943 43136
567 761 43716 43910
761 839 45068 45146
839 1035 45339 45535
1035 1158 46313 46436
1158 1355 47434 47631
1355 1477 48085 48207
1477 1614 48292 48429
1614 1797 52865 53048

