>ENSXCOT00000005928
0 48 0 48
48 236 2167 2355
236 345 2606 2715
345 420 3008 3083
420 498 4830 4908
498 576 5914 5992
576 687 6076 6187
687 810 6315 6438
810 858 7818 7866

>ENSXMAT00000002364
0 17 556 573
17 48 2418 2449
48 194 8400 8546
194 286 8797 8889
286 294 9113 9121
294 369 9199 9274
369 447 11025 11103
447 525 12114 12192
525 636 12276 12387
636 759 12515 12638
759 807 14015 14063

>ENSGAFT00000018570
0 33 0 33
33 179 4493 4639
179 288 4897 5006
288 363 5290 5365
363 441 6506 6584
441 519 7253 7331
519 630 7431 7542
630 753 7670 7793
753 801 9150 9198

>ENSMALT00000032450
0 103 5895 5998
103 195 6854 6946
195 279 7271 7355
279 363 7685 7769
363 441 8005 8083
441 552 8196 8307
552 675 8504 8627
675 723 9774 9822

