>ENSAHAT00000016715
0 196 0 196
196 342 305 451
342 441 961 1060
441 619 1436 1614
619 837 3074 3292
837 1030 4625 4818
1030 1169 6897 7036
1169 1434 9541 9806

>ENSAOWT00000010711
0 120 0 120
120 298 1105 1283
298 516 2743 2961
516 709 4294 4487
709 823 6566 6680
823 849 9005 9031

>ENSAOWT00000010718
0 120 0 120
120 298 1105 1283
298 516 2743 2961
516 738 4294 4516
738 761 8806 8829
761 786 8880 8905

>ENSAOWT00000010728
0 120 0 120
120 298 1105 1283
298 516 2743 2961
516 709 4294 4487
709 852 6566 6709

>ENSARWT00000010787
0 196 542 738
196 342 847 993
342 441 1503 1602
441 619 1978 2156
619 837 3616 3834
837 1030 5166 5359
1030 1169 7438 7577
1169 1434 10082 10347

>ENSNPET00000011164
0 114 0 114
114 292 1103 1281
292 510 2683 2901
510 732 4466 4688
732 807 8850 8925

>ENSNPET00000011182
0 120 0 120
120 298 1103 1281
298 516 2683 2901
516 709 4466 4659
709 852 6677 6820

