>FBtr0078389
0 40 635 675
40 361 753 1074
361 631 1626 1896
631 1803 2014 3186

>FBtr0078392
0 40 635 675
40 361 753 1074
361 631 1626 1896
631 1803 2014 3186

>FBtr0078391
0 40 635 675
40 355 753 1068
355 625 1626 1896
625 1797 2014 3186

>FBtr0303653
0 40 635 675
40 361 753 1074
361 631 1626 1896
631 1803 2014 3186

>FBtr0078390
0 40 635 675
40 361 753 1074
361 631 1626 1896
631 1803 2014 3186

>FBtr0303654
0 40 635 675
40 361 753 1074
361 631 1626 1896
631 1803 2014 3186

>Y104H12A.1a.1
0 129 118 247
129 247 1798 1916
247 384 1969 2106
384 480 2563 2659
480 675 7836 8031
675 787 8499 8611
787 1262 9358 9833
1262 1540 10758 11036
1540 1742 12084 12286
1742 1974 12930 13162

>Y104H12A.1b.1
0 54 2052 2106
54 150 2563 2659
150 345 7836 8031
345 457 8499 8611
457 932 9358 9833
932 1210 10758 11036
1210 1412 12084 12286
1412 1644 12930 13162

>Y104H12A.1b.2
0 54 2052 2106
54 150 2563 2659
150 345 7836 8031
345 457 8499 8611
457 932 9358 9833
932 1210 10758 11036
1210 1412 12084 12286
1412 1644 12930 13162

>Y104H12A.1c.1
0 48 2611 2659
48 243 7836 8031
243 355 8499 8611
355 830 9358 9833
830 1108 10758 11036
1108 1310 12084 12286
1310 1542 12930 13162

>Y104H12A.1c.2
0 48 2611 2659
48 243 7836 8031
243 355 8499 8611
355 830 9358 9833
830 1108 10758 11036
1108 1310 12084 12286
1310 1542 12930 13162

>Y104H12A.1d.1
0 102 5340 5442
102 297 7836 8031
297 409 8499 8611
409 884 9358 9833
884 1162 10758 11036
1162 1364 12084 12286
1364 1596 12930 13162

>Y104H12A.1e.1
0 177 7854 8031
177 289 8499 8611
289 764 9358 9833
764 1042 10758 11036
1042 1244 12084 12286
1244 1476 12930 13162

>Y104H12A.1e.2
0 177 7854 8031
177 289 8499 8611
289 764 9358 9833
764 1042 10758 11036
1042 1244 12084 12286
1244 1476 12930 13162

>Y104H12A.1e.3
0 177 7854 8031
177 289 8499 8611
289 764 9358 9833
764 1042 10758 11036
1042 1244 12084 12286
1244 1476 12930 13162

>ENSCSAVT00000014985
0 66 565 631
66 165 938 1037
165 271 1236 1342
271 462 2457 2648
462 631 2999 3168
631 811 3602 3782
811 941 4144 4274
941 981 4473 4513
981 1100 4746 4865
1100 1191 5209 5300
1191 1349 6286 6444
1349 1489 7110 7250
1489 1627 8066 8204
1627 1733 8515 8621
1733 2052 8959 9278

>ENSCSAVT00000014986
0 66 565 631
66 165 938 1037
165 271 1236 1342
271 462 2457 2648
462 631 2999 3168
631 726 3602 3697

>ENSCINT00000003290
0 66 425 491
66 165 928 1027
165 277 1291 1403
277 465 2457 2645
465 643 3180 3358
643 823 3775 3955
823 953 4270 4400
953 990 4749 4786
990 1121 5621 5752
1121 1215 6120 6214
1215 1373 6707 6865
1373 1513 7406 7546
1513 1651 8075 8213
1651 1757 8749 8855
1757 2079 9017 9339

