>ENSOCUT00000003812
0 2897 0 2897
2897 2969 5890 5962
2969 3041 8524 8596
3041 3113 12916 12988
3113 3194 13540 13621
3194 3266 25607 25679
3266 3341 26228 26303
3341 3460 31970 32089
3460 5232 34610 36382
5232 5337 36746 36851
5337 5387 42151 42201
5387 5436 43529 43578
5436 5579 43653 43796
5579 5676 43883 43980

>ENSPTRT00000067228
0 19 0 19
19 69 1688 1738
69 192 1845 1968

>ENSPPAT00000051470
0 19 0 19
19 69 1717 1767
69 189 1874 1994

>ENSNLET00000041674
0 19 0 19
19 74 1548 1603
74 195 1701 1822

>ENSNLET00000052154
0 63 0 63
63 171 98 206

>ENSTGET00000029938
0 19 0 19
19 74 2044 2099
74 198 2197 2321

