>FBtr0082376
0 253 18 271
253 1581 337 1665

>FBtr0308027
0 241 0 241
241 1581 309 1649

>FBtr0085813
0 232 50 282
232 1563 342 1673

>FBtr0082375
0 238 36 274
238 1548 346 1656

>FBtr0082374
0 274 40 314
274 1611 381 1718

>FBtr0303507
0 241 25 266
241 1548 328 1635

>FBtr0084419
0 250 25 275
250 1557 328 1635

>FBtr0084418
0 256 187 443
256 1620 503 1867

>FBtr0084420
0 262 44 306
262 1617 365 1720

>FBtr0335217
0 262 43 305
262 1578 655 1971

>FBtr0082340
0 262 43 305
262 1578 655 1971

>FBtr0082373
0 256 13 269
256 1587 500 1831

>FBtr0082338
0 253 143 396
253 513 980 1240
513 1584 1309 2380

>FBtr0082337
0 244 29 273
244 1563 566 1885

>FBtr0082378
0 238 53 291
238 498 356 616
498 1557 819 1878

>FBtr0346101
0 238 53 291
238 498 356 616
498 1557 819 1878

>FBtr0075037
0 446 368 814
446 641 881 1076
641 855 1216 1430
855 1908 1486 2539

>FBtr0332648
0 446 368 814
446 641 881 1076
641 855 1216 1430
855 1908 1486 2539

>FBtr0082657
0 692 20 712
692 1590 778 1676

>FBtr0302379
0 692 4 696
692 1590 752 1650

>FBtr0081372
0 542 116 658
542 1440 710 1608

>FBtr0079242
0 683 31 714
683 1611 769 1697

>FBtr0080909
0 1569 25 1594

>FBtr0331620
0 1569 25 1594

>FBtr0087076
0 1455 151 1606

>FBtr0080910
0 698 0 698
698 1617 757 1676

>FBtr0344850
0 713 783 1496
713 1629 1575 2491

>FBtr0080911
0 713 783 1496
713 1629 1575 2491

>FBtr0080912
0 713 783 1496
713 1629 1575 2491

>FBtr0289952
0 656 0 656
656 1506 707 1557

>FBtr0073204
0 659 152 811
659 1069 868 1278
1069 1182 1344 1457
1182 1749 1512 2079

>FBtr0332979
0 659 152 811
659 1069 868 1278
1069 1182 1344 1457
1182 1749 1512 2079

>C07A9.6.1
0 122 48 170
122 264 299 441
264 480 487 703
480 580 955 1055
580 697 1108 1225
697 963 1279 1545
963 1161 1608 1806
1161 1313 2076 2228
1313 1524 2373 2584

