>ENSCMIT00000045461
0 77 13777 13854
77 194 14314 14431
194 499 14794 15099
499 661 16538 16700
661 876 17208 17423
876 1015 17732 17871
1015 1166 19297 19448
1166 1282 19917 20033
1282 1620 20404 20742

>ENSCMIT00000045502
0 15 13006 13021
15 164 13705 13854
164 281 14314 14431
281 586 14794 15099
586 752 16538 16704
752 888 17287 17423
888 1027 17732 17871
1027 1178 19297 19448
1178 1294 19917 20033
1294 1632 20404 20742

>ENSCMIT00000045526
0 254 13600 13854
254 371 14314 14431
371 676 14794 15099
676 838 16538 16700
838 1053 17208 17423
1053 1206 17732 17885
1206 1260 18772 18826

>ENSCHAT00000028818
0 38 19821 19859
38 107 20278 20347
107 201 22126 22220
201 300 25306 25405
300 420 25692 25812
420 534 26325 26439
534 710 26670 26846
710 798 27058 27146
798 918 27737 27857
918 985 27999 28066
985 1173 28924 29112
1173 1253 31810 31890
1253 1427 32384 32558
1427 1588 33202 33363
1588 2181 33817 34410
2181 2319 34440 34578
2319 2528 35139 35348
2528 2607 35616 35695
2607 2728 35790 35911
2728 2800 36846 36918
2800 2908 37569 37677
2908 2949 38247 38288

>ENSEBUT00000006483
0 78 836 914
78 218 39715 39855
218 236 40190 40208
236 356 40347 40467
356 661 42831 43136
661 823 44404 44566
823 1041 74547 74765
1041 1180 94473 94612
1180 1331 101633 101784
1331 1447 109169 109285
1447 1821 109616 109990

>ENSEBUT00000006495
0 78 836 914
78 218 39715 39855
218 338 40347 40467
338 643 42831 43136
643 805 44404 44566
805 1023 74547 74765
1023 1162 94473 94612
1162 1313 101633 101784
1313 1429 109169 109285
1429 1803 109616 109990

>ENSCJPT00005035742
0 564 1507 2071
564 713 3503 3652
713 830 7209 7326
830 1135 9405 9710
1135 1297 25269 25431
1297 1512 38157 38372
1512 1651 39798 39937
1651 1918 41731 41998
1918 2256 43093 43431

