>ENSPVAT00000015834
0 68 0 68
68 110 4824 4866
110 168 14273 14331
168 189 14333 14354
189 299 14355 14465
299 423 17762 17886

>ENSVPAT00000009896
0 68 0 68
68 110 5909 5951
110 308 36203 36401
308 430 36872 36994
430 432 36995 36997

>ENSPCAT00000010752
0 68 0 68
68 110 8131 8173
110 165 21958 22013
165 218 22017 22070
218 265 22071 22118
265 302 22120 22157
302 426 28177 28301

>ENSEEUT00000012439
0 68 0 68
68 110 14162 14204
110 218 29036 29144
218 326 40591 40699
326 330 40799 40803
330 336 40903 40909
336 450 42524 42638

>ENSSART00000003574
0 68 0 68
68 110 3659 3701
110 169 5434 5493
169 218 5494 5543
218 324 16007 16113
324 330 16580 16586
330 441 25775 25886

>ENSNGAT00000022661
0 68 0 68
68 110 3832 3874
110 218 4844 4952
218 326 17269 17377
326 417 24521 24612
417 438 24614 24635

