>FBtr0083756
0 228 15 243
228 410 371 553
410 878 608 1076
878 1045 1129 1296
1045 1440 1357 1752

>FBtr0339153
0 222 16 238
222 404 300 482
404 872 544 1012
872 1054 1067 1249
1054 1455 1313 1714

>FBtr0339152
0 201 133 334
201 383 412 594
383 619 654 890
619 851 951 1183
851 1024 1243 1416
1024 1315 1482 1773
1315 1419 1835 1939

>FBtr0083755
0 201 133 334
201 383 412 594
383 619 654 890
619 851 951 1183
851 1024 1243 1416
1024 1315 1482 1773
1315 1419 1835 1939

>FBtr0113247
0 71 148 219
71 313 282 524
313 545 571 803
545 724 859 1038
724 1036 1091 1403
1036 1137 1460 1561

