>ENSCINT00000024622
0 87 107 194
87 179 1764 1856
179 254 2201 2276
254 396 2758 2900
396 549 3264 3417
549 654 3676 3781
654 753 4200 4299
753 850 4742 4839
850 893 5693 5736
893 968 5774 5849
968 1000 6873 6905
1000 1047 7246 7293
1047 1147 7599 7699
1147 1170 9955 9978
1170 1433 10497 10760
1433 1486 10790 10843
1486 1496 11372 11382
1496 1570 11638 11712
1570 1772 12577 12779
1772 1928 13246 13402
1928 2061 13711 13844
2061 2156 14153 14248
2156 2260 14652 14756
2260 2485 15206 15431
2485 2505 15827 15847

>ENSCSAVT00000008981
0 223 20831 21054
223 397 21687 21861
397 596 22795 22994
596 752 24169 24325
752 885 24822 24955
885 978 25429 25522

>ENSCSAVT00000008982
0 223 20831 21054
223 397 21687 21861
397 596 22795 22994
596 752 24169 24325
752 885 24822 24955
885 978 25429 25522

>ENSEBUT00000008471
0 10 5373 5383
10 74 5675 5739
74 99 16722 16747
99 174 21442 21517
174 229 29292 29347
229 402 113456 113629
402 427 114235 114260
427 822 114680 115075
822 989 118781 118948
989 1139 119053 119203
1139 1272 120866 120999
1272 1475 122729 122932
1475 1534 126815 126874
1534 1702 127175 127343
1702 1755 127527 127580

>FBtr0082065
0 30 5314 5344
30 591 5409 5970
591 787 6033 6229
787 1384 6288 6885
1384 1490 8195 8301
1490 1831 8375 8716
1831 2004 8774 8947
2004 2738 9013 9747
2738 3074 9802 10138
3074 3304 10207 10437
3304 3399 10499 10594

>FBtr0334652
0 30 5314 5344
30 591 5409 5970
591 787 6033 6229
787 1207 6288 6708
1207 1468 7529 7790
1468 1574 8195 8301
1574 1915 8375 8716
1915 2088 8774 8947
2088 2822 9013 9747
2822 3158 9802 10138
3158 3388 10207 10437
3388 3483 10499 10594

>FBtr0334650
0 30 5314 5344
30 591 5409 5970
591 787 6033 6229
787 1384 6288 6885
1384 1490 8195 8301
1490 1831 8375 8716
1831 2004 8774 8947
2004 2738 9013 9747
2738 3074 9802 10138
3074 3304 10207 10437
3304 3399 10499 10594

>FBtr0334651
0 30 5314 5344
30 591 5409 5970
591 787 6033 6229
787 1384 6288 6885
1384 1645 7529 7790
1645 1751 8195 8301
1751 2092 8375 8716
2092 2265 8774 8947
2265 2999 9013 9747
2999 3335 9802 10138
3335 3565 10207 10437
3565 3660 10499 10594

>FBtr0113207
0 30 5314 5344
30 591 5409 5970
591 787 6033 6229
787 1384 6288 6885
1384 1645 7529 7790
1645 1751 8195 8301
1751 2092 8375 8716
2092 2265 8774 8947
2265 2999 9013 9747
2999 3335 9802 10138
3335 3565 10207 10437
3565 3660 10499 10594

>F56D12.6a.1
0 63 62 125
63 183 758 878
183 501 1087 1405
501 626 1922 2047
626 802 2099 2275
802 901 2648 2747
901 1301 5443 5843
1301 1668 6320 6687
1668 1795 7653 7780
1795 2040 7859 8104
2040 2494 8180 8634
2494 2721 9234 9461
2721 2781 9508 9568
2781 2907 9611 9737

>F56D12.6b.1
0 132 746 878
132 450 1087 1405
450 575 1922 2047
575 751 2099 2275
751 850 2648 2747
850 1250 5443 5843
1250 1617 6320 6687
1617 1744 7653 7780
1744 1989 7859 8104
1989 2443 8180 8634
2443 2670 9234 9461
2670 2730 9508 9568
2730 2856 9611 9737

