>FBtr0100547
0 262 26 288
262 470 360 568
470 1086 1120 1736

>FBtr0071904
0 253 30 283
253 467 348 562
467 1080 625 1238

>FBtr0082705
0 62 38 100
62 313 152 403
313 486 452 625
486 629 766 909
629 865 1000 1236
865 1023 1301 1459
1023 1194 1522 1693

>FBtr0089687
0 358 22 380
358 474 444 560
474 584 630 740
584 749 798 963
749 1176 1019 1446

>FBtr0309258
0 358 22 380
358 474 444 560
474 584 630 740
584 749 798 963
749 1176 1019 1446

>FBtr0089688
0 358 22 380
358 457 444 543
457 567 630 740
567 600 798 831

>FBtr0300071
0 149 42 191
149 471 272 594
471 581 835 945
581 999 1201 1619
999 1129 1672 1802
1129 1212 1871 1954

