>ENSPTET00000015485
0 140 0 140
140 273 1732 1865

>ENSRROT00000053142
0 140 0 140
140 237 1733 1830

>ENSTGET00000007917
0 140 0 140
140 273 1742 1875

>ENSPPAT00000063901
0 140 0 140
140 273 1402 1535

>ENSPPYT00000033219
0 140 90 230
140 276 1906 2042
276 384 12293 12401

>ENSMFAT00000003645
0 140 0 140
140 420 1711 1991

>ENSMNET00000061914
0 140 0 140
140 420 2778 3058

>ENSTGET00000000286
0 140 0 140
140 420 1719 1999

>ENSPANT00000049692
0 140 0 140
140 420 2040 2320

>ENSPPAT00000031915
0 140 0 140
140 165 1809 1834
165 261 1854 1950

>ENSPTRT00000095267
0 140 0 140
140 201 1738 1799
201 399 1822 2020

>ENSPTRT00000079446
0 140 0 140
140 165 1811 1836
165 261 1856 1952

>ENSNLET00000052863
0 149 0 149
149 288 1976 2115

>ENSGGOT00000009242
0 59 0 59
59 206 188 335
206 228 729 751

>ENSPTRT00000107696
0 53 0 53
53 166 3270 3383
166 219 24774 24827

>ENSPPYT00000021213
0 53 0 53
53 162 185 294

>ENSPTET00000016932
0 115 0 115
115 119 145 149
119 267 2473 2621

