>ENSTNIT00000000431
0 145 0 145
145 241 316 412
241 416 513 688
416 528 994 1106
528 597 1181 1250
597 723 1326 1452
723 811 1521 1609
811 897 1684 1770
897 1066 1881 2050
1066 1298 2286 2518
1298 1393 2716 2811
1393 1503 2928 3038
1503 1702 3204 3403
1702 1954 3505 3757
1954 2107 4182 4335
2107 2311 4405 4609
2311 2431 4719 4839
2431 2562 4940 5071
2562 2704 5146 5288
2704 2820 5370 5486
2820 3000 5822 6002
3000 3021 6003 6024

>ENSTNIT00000011320
0 145 0 145
145 241 316 412
241 416 513 688
416 528 994 1106
528 597 1181 1250
597 723 1326 1452
723 811 1521 1609
811 897 1684 1770
897 1066 1881 2050
1066 1298 2286 2518
1298 1393 2716 2811
1393 1503 2928 3038
1503 1702 3204 3403
1702 1963 3496 3757
1963 2116 4182 4335
2116 2320 4405 4609
2320 2470 4710 4860
2470 2601 4940 5071
2601 2743 5146 5288
2743 2859 5370 5486
2859 3039 5822 6002

>ENSHCOT00000006624
0 145 0 145
145 241 1144 1240
241 416 1315 1490
416 528 1766 1878
528 597 1962 2031
597 723 2358 2484
723 811 2667 2755
811 1066 2832 3087
1066 1298 3827 4059
1298 1393 4270 4365
1393 1503 4439 4549
1503 1702 5645 5844
1702 1954 5922 6174
1954 2107 6651 6804
2107 2366 7038 7297
2366 2416 7408 7458
2416 2547 7537 7668
2547 2689 8416 8558
2689 2805 8624 8740
2805 3003 8815 9013

>ENSCSET00000006219
0 145 29635 29780
145 241 30247 30343
241 416 30430 30605
416 528 30751 30863
528 597 31147 31216
597 723 31477 31603
723 811 31702 31790
811 897 31898 31984
897 1066 32074 32243
1066 1301 32425 32660
1301 1396 33009 33104
1396 1506 33230 33340
1506 1705 33514 33713
1705 1957 33801 34053
1957 2107 34145 34295
2107 2311 34460 34664
2311 2470 34747 34906
2470 2601 35075 35206
2601 2743 35282 35424
2743 2859 35520 35636
2859 3042 36134 36317

>ENSCSET00000006228
0 145 29635 29780
145 241 30247 30343
241 416 30430 30605
416 528 30751 30863
528 597 31147 31216
597 723 31477 31603
723 811 31702 31790
811 897 31898 31984
897 1066 32074 32243
1066 1301 32425 32660
1301 1396 33009 33104
1396 1506 33230 33340
1506 1705 33514 33713
1705 1957 33801 34053
1957 2107 34145 34295
2107 2311 34460 34664
2311 2470 34747 34906
2470 2601 35075 35206
2601 2743 35282 35424
2743 2859 35520 35636
2859 3042 36134 36317

>ENSCSET00000006243
0 145 29635 29780
145 241 30247 30343
241 416 30430 30605
416 528 30751 30863
528 597 31147 31216
597 723 31477 31603
723 811 31702 31790
811 897 31898 31984
897 1066 32074 32243
1066 1301 32425 32660
1301 1396 33009 33104
1396 1506 33230 33340
1506 1705 33514 33713
1705 1957 33801 34053
1957 2107 34145 34295
2107 2311 34460 34664
2311 2470 34747 34906
2470 2601 35075 35206
2601 2743 35282 35424
2743 2859 35520 35636
2859 3042 36134 36317

>ENSCSET00000006261
0 145 29635 29780
145 241 30247 30343
241 416 30430 30605
416 528 30751 30863
528 597 31147 31216
597 723 31477 31603
723 811 31702 31790
811 897 31898 31984
897 1066 32074 32243
1066 1301 32425 32660
1301 1396 33009 33104
1396 1506 33230 33340
1506 1705 33514 33713
1705 1957 33801 34053
1957 2107 34145 34295
2107 2311 34460 34664
2311 2470 34747 34906
2470 2601 35075 35206
2601 2743 35282 35424
2743 2859 35520 35636
2859 3013 36134 36288
3013 3084 36649 36720

>ENSGACT00000018847
0 145 0 145
145 241 227 323
241 416 394 569
416 528 988 1100
528 597 1281 1350
597 723 1448 1574
723 811 1659 1747
811 897 1842 1928
897 1066 3010 3179
1066 1301 3422 3657
1301 1396 3850 3945
1396 1506 4116 4226
1506 1705 4413 4612
1705 1957 4700 4952
1957 2110 5076 5229
2110 2314 5318 5522
2314 2399 5607 5692
2399 2434 11045 11080
2434 2565 11246 11377
2565 2707 11519 11661
2707 2823 11742 11858
2823 3024 11941 12142

>ENSGACT00000019151
0 145 1226 1371
145 241 1453 1549
241 416 1620 1795
416 528 2214 2326
528 597 2507 2576
597 723 2669 2795
723 811 2882 2970
811 897 3065 3151
897 1066 3757 3926
1066 1301 4169 4404
1301 1396 4654 4749
1396 1506 4908 5018
1506 1705 5207 5406
1705 1957 5494 5746
1957 2110 5870 6023
2110 2314 6112 6316
2314 2461 6400 6547
2461 2592 6690 6821
2592 2734 6957 7099
2734 2850 7180 7296
2850 3084 7379 7613

