>ENSPNAT00000015857
0 97 0 97
97 188 382 473
188 361 603 776
361 498 1609 1746
498 643 3336 3481
643 767 4043 4167
767 916 5016 5165
916 1050 6660 6794
1050 1219 8214 8383
1219 1313 9544 9638
1313 1419 10079 10185
1419 2037 12582 13200

>ENSAMXT00000051701
0 97 19730 19827
97 206 21675 21784
206 382 23847 24023
382 534 25344 25496
534 682 27396 27544
682 806 28783 28907
806 955 29772 29921
955 1095 31966 32106
1095 1264 32376 32545
1264 1358 36015 36109
1358 1431 36221 36294
1431 1529 36394 36492
1529 2124 37878 38473

>ENSAMXT00000044934
0 97 19730 19827
97 206 21675 21784
206 382 23847 24023
382 534 25344 25496
534 682 27396 27544
682 806 28783 28907
806 955 29772 29921
955 1095 31966 32106
1095 1264 32376 32545
1264 1358 36015 36109
1358 1431 36221 36294
1431 1529 36394 36492
1529 2124 37878 38473

>ENSAMXT00000029929
0 97 19730 19827
97 206 21675 21784
206 382 23847 24023
382 534 25344 25496
534 682 27396 27544
682 806 28783 28907
806 955 29772 29921
955 1095 31966 32106
1095 1264 32376 32545
1264 1358 36015 36109
1358 1431 36221 36294
1431 1529 36394 36492
1529 2124 37878 38473

>ENSIPUT00000003204
0 7 679 686
7 166 3998 4157
166 272 4639 4745
272 436 4863 5027
436 588 5241 5393
588 736 5955 6103
736 860 7225 7349
860 1012 7446 7598
1012 1146 8727 8861
1146 1312 9178 9344
1312 1406 11297 11391
1406 1479 11479 11552
1479 1577 12233 12331
1577 2181 12963 13567

