>ENSPMAT00000003774
0 42 136 178
42 126 2889 2973
126 259 3335 3468
259 416 4039 4196
416 516 7864 7964
516 662 9300 9446
662 830 11817 11985
830 1007 13483 13660
1007 1182 16209 16384

>ENSEBUT00000009194
0 42 421 463
42 126 5317 5401
126 259 7369 7502
259 416 9944 10101
416 519 12433 12536
519 656 13030 13167
656 824 13324 13492
824 1001 13723 13900
1001 1170 14048 14217

>ENSLACT00000002923
0 42 130 172
42 126 7990 8074
126 259 21658 21791
259 416 25819 25976
416 516 34147 34247
516 653 44223 44360
653 821 51437 51605
821 989 55790 55958
989 1164 69357 69532

>ENSXETT00000010541
0 120 53 173
120 240 4655 4775
240 420 5534 5714
420 540 6111 6231

>ENSXETT00000010566
0 28 57175 57203
28 105 57628 57705
105 238 60144 60277
238 395 82421 82578
395 495 105898 105998
495 632 112686 112823
632 800 127514 127682
800 968 134060 134228
968 1143 136219 136394

>ENSXETT00000010740
0 42 46627 46669
42 126 57621 57705
126 259 60144 60277
259 416 82421 82578
416 516 105898 105998
516 653 112686 112823
653 821 127514 127682
821 989 134060 134228
989 1164 136219 136394

>ENSXETT00000010784
0 120 53 173
120 240 4655 4775
240 420 5534 5714
420 504 57621 57705
504 637 60144 60277
637 794 82421 82578
794 894 105898 105998
894 1031 112686 112823
1031 1199 127514 127682
1199 1367 134060 134228
1367 1542 136219 136394

>ENSDCDT00000026355
0 42 460 502
42 126 1237 1321
126 325 3981 4180
325 482 6615 6772
482 593 10260 10371
593 722 12891 13020
722 890 21329 21497
890 1058 22719 22887
1058 1233 25243 25418

>ENSCHAT00000049422
0 42 0 42
42 175 5748 5881
175 332 10414 10571
332 432 15962 16062
432 569 19247 19384
569 737 27549 27717
737 905 30479 30647
905 1080 31699 31874

>ENSCHAT00000049528
0 21 643 664
21 132 961 1072
132 265 5748 5881
265 316 10281 10332
316 473 10414 10571
473 584 15962 16073
584 713 19255 19384
713 881 27549 27717
881 1049 30479 30647
1049 1224 31699 31874

>ENSCHAT00000049539
0 60 865 925
60 144 988 1072
144 277 5748 5881
277 434 10414 10571
434 534 15962 16062
534 671 19247 19384
671 839 27549 27717
839 1007 30479 30647
1007 1182 31699 31874

>ENSCHAT00000049548
0 42 0 42
42 126 988 1072
126 259 5748 5881
259 416 10414 10571
416 516 15962 16062
516 653 19247 19384
653 821 27549 27717
821 1623 30479 31281

>ENSAMXT00000030348
0 42 924 966
42 126 2177 2261
126 259 9653 9786
259 416 16329 16486
416 516 27765 27865
516 653 33389 33526
653 821 50941 51109
821 989 55425 55593
989 1164 59068 59243

