>ENSCHAT00000059813
0 26 85043 85069
26 102 85552 85628
102 312 85929 86139
312 414 86911 87013
414 600 87607 87793
600 831 92703 92934
831 997 94093 94259
997 1099 95373 95475
1099 1222 97075 97198
1222 1408 98152 98338
1408 1663 100411 100666
1663 1873 101076 101286
1873 2100 102509 102736
2100 2223 103142 103265
2223 2360 104007 104144
2360 2545 104571 104756
2545 3990 105343 106788

>ENSCHAT00000061215
0 226 22382 22608
226 351 28768 28893
351 383 55234 55266
383 472 78302 78391
472 542 81821 81891
542 621 83358 83437
621 779 84911 85069
779 855 85552 85628
855 1065 85929 86139
1065 1167 86911 87013
1167 1340 87607 87780
1340 1577 91713 91950
1577 1818 92693 92934
1818 1984 94093 94259
1984 2086 95373 95475
2086 2209 97075 97198
2209 2406 98152 98349
2406 2706 102436 102736
2706 2829 103142 103265
2829 2966 104007 104144
2966 3151 104571 104756
3151 3735 105343 105927
3735 7116 105981 109362

>ENSCHAT00000061298
0 259 27503 27762
259 270 27807 27818
270 528 28635 28893
528 560 55234 55266
560 649 78302 78391
649 715 81821 81887
715 816 83336 83437
816 974 84911 85069
974 1050 85552 85628
1050 1260 85929 86139
1260 1362 86911 87013
1362 1495 87607 87740
1495 1778 91667 91950
1778 2019 92693 92934
2019 2185 94093 94259
2185 2287 95373 95475
2287 2410 97075 97198
2410 2607 98152 98349
2607 2907 102436 102736
2907 3030 103142 103265
3030 3167 104007 104144
3167 3352 104571 104756
3352 3834 105343 105825
3834 4082 105939 106187
4082 4191 109918 110027

>ENSCHAT00000061430
0 107 63218 63325
107 196 78302 78391
196 266 81821 81891
266 345 83358 83437
345 503 84911 85069
503 579 85552 85628
579 789 85929 86139
789 891 86911 87013
891 1048 87607 87764
1048 1304 91694 91950
1304 1524 92714 92934
1524 1690 94093 94259
1690 1792 95373 95475
1792 1915 97075 97198
1915 2101 98152 98338
2101 2356 100411 100666
2356 2566 101076 101286
2566 2793 102509 102736
2793 2916 103142 103265
2916 3053 104007 104144
3053 3238 104571 104756
3238 7257 105343 109362

>ENSCHAT00000061447
0 104 70144 70248
104 176 70659 70731
176 265 78302 78391
265 335 81821 81891
335 414 83358 83437
414 572 84911 85069
572 648 85552 85628
648 858 85929 86139
858 960 86911 87013
960 1117 87607 87764
1117 1373 91694 91950
1373 1593 92714 92934
1593 1759 94093 94259
1759 1861 95373 95475
1861 1984 97075 97198
1984 2170 98152 98338
2170 2425 100411 100666
2425 2635 101076 101286
2635 2862 102509 102736
2862 2985 103142 103265
2985 3122 104007 104144
3122 3307 104571 104756
3307 7326 105343 109362

>ENSCHAT00000061454
0 104 70144 70248
104 176 70659 70731
176 265 78302 78391
265 335 81821 81891
335 414 83358 83437
414 572 84911 85069
572 648 85552 85628
648 858 85929 86139
858 960 86911 87013
960 1146 87607 87793
1146 1377 92703 92934
1377 1543 94093 94259
1543 1645 95373 95475
1645 1768 97075 97198
1768 1954 98152 98338
1954 2209 100411 100666
2209 2419 101076 101286
2419 2646 102509 102736
2646 2769 103142 103265
2769 2906 104007 104144
2906 3091 104571 104756
3091 7110 105343 109362

>ENSCHAT00000061515
0 111 83326 83437
111 269 84911 85069
269 345 85552 85628
345 555 85929 86139
555 657 86911 87013
657 790 87607 87740
790 825 89034 89069
825 911 91448 91534
911 1124 91737 91950
1124 1344 92714 92934
1344 1510 94093 94259
1510 1612 95373 95475
1612 1735 97075 97198
1735 1932 98152 98349
1932 2232 102436 102736
2232 2355 103142 103265
2355 2492 104007 104144
2492 2677 104571 104756
2677 3086 105343 105752
3086 3129 105884 105927
3129 3274 105981 106126
3274 3294 106814 106834

>ENSDCDT00000040091
0 34 15808 15842
34 159 16242 16367
159 191 36438 36470
191 304 53461 53574
304 374 55187 55257
374 453 56057 56136
453 608 57431 57586
608 684 57760 57836
684 894 57989 58199
894 996 58327 58429
996 1129 61204 61337
1129 1197 62125 62193
1197 1283 62505 62591
1283 1492 62699 62908
1492 1631 63016 63155
1631 1764 63245 63378
1764 1930 63475 63641
1930 2032 64453 64555
2032 2155 65383 65506
2155 2287 65671 65803
2287 2514 67822 68049
2514 2637 68142 68265
2637 2774 68350 68487
2774 2959 68930 69115
2959 3456 69257 69754
3456 3724 69865 70133
3724 3882 73712 73870

>ENSDCDT00000040174
0 52 15525 15577
52 177 16242 16367
177 209 36438 36470
209 298 53485 53574
298 368 55187 55257
368 447 56057 56136
447 602 57431 57586
602 678 57760 57836
678 888 57989 58199
888 990 58327 58429
990 1123 61204 61337
1123 1189 62125 62191
1189 1262 62518 62591
1262 1471 62699 62908
1471 1610 63016 63155
1610 1743 63245 63378
1743 1909 63475 63641
1909 2011 64453 64555
2011 2134 65383 65506
2134 2266 65671 65803
2266 2493 67822 68049
2493 2616 68142 68265
2616 2753 68350 68487
2753 2938 68930 69115
2938 3435 69257 69754
3435 3703 69865 70133
3703 3925 73339 73561
3925 4035 73597 73707

>ENSDCDT00000040175
0 30 15751 15781
30 49 15823 15842
49 174 16242 16367
174 206 36438 36470
206 295 53485 53574
295 365 55187 55257
365 444 56057 56136
444 599 57431 57586
599 675 57760 57836
675 885 57989 58199
885 987 58327 58429
987 1120 61204 61337
1120 1186 62125 62191
1186 1259 62518 62591
1259 1468 62699 62908
1468 1607 63016 63155
1607 1740 63245 63378
1740 1906 63475 63641
1906 2008 64453 64555
2008 2131 65383 65506
2131 2263 65671 65803
2263 2490 67822 68049
2490 2613 68142 68265
2613 2750 68350 68487
2750 2935 68930 69115
2935 3432 69257 69754
3432 3700 69865 70133
3700 3922 73339 73561
3922 4032 73597 73707

>ENSDCDT00000040361
0 127 12720 12847
127 252 16242 16367
252 284 36438 36470
284 373 53485 53574
373 443 55187 55257
443 522 56057 56136
522 677 57431 57586
677 753 57760 57836
753 963 57989 58199
963 1065 58327 58429
1065 1198 61204 61337
1198 1266 62125 62193
1266 1352 62505 62591
1352 1561 62699 62908
1561 1700 63016 63155
1700 1833 63245 63378
1833 1999 63475 63641
1999 2101 64453 64555
2101 2224 65383 65506
2224 2363 65671 65810
2363 2581 66327 66545
2581 2782 66786 66987
2782 3009 67822 68049
3009 3132 68142 68265
3132 3269 68350 68487
3269 3445 68930 69106
3445 7329 69257 73141

>ENSDCDT00000040387
0 69 15930 15999
69 88 16047 16066
88 213 16242 16367
213 245 36438 36470
245 334 53485 53574
334 404 55187 55257
404 483 56057 56136
483 638 57431 57586
638 714 57760 57836
714 924 57989 58199
924 1026 58327 58429
1026 1159 61204 61337
1159 1227 62125 62193
1227 1313 62505 62591
1313 1522 62699 62908
1522 1661 63016 63155
1661 1794 63245 63378
1794 1960 63475 63641
1960 2062 64453 64555
2062 2185 65383 65506
2185 2317 65671 65803
2317 2544 67822 68049
2544 2667 68142 68265
2667 2804 68350 68487
2804 2989 68930 69115
2989 3486 69257 69754
3486 6762 69865 73141

>ENSDCDT00000040534
0 151 53423 53574
151 221 55187 55257
221 300 56057 56136
300 455 57431 57586
455 531 57760 57836
531 741 57989 58199
741 843 58327 58429
843 980 61204 61341
980 1029 62144 62193
1029 1094 62526 62591
1094 1303 62699 62908
1303 1442 63016 63155
1442 1575 63245 63378
1575 1741 63475 63641
1741 1843 64453 64555
1843 1966 65383 65506
1966 2105 65671 65810
2105 2356 66736 66987
2356 2583 67822 68049
2583 2706 68142 68265
2706 2843 68350 68487
2843 3028 68930 69115
3028 3816 69257 70045
3816 3924 70652 70760
3924 3930 70799 70805

>ENSDCDT00000040579
0 26 57560 57586
26 102 57760 57836
102 312 57989 58199
312 414 58327 58429
414 547 61204 61337
547 615 62125 62193
615 701 62505 62591
701 910 62699 62908
910 1049 63016 63155
1049 1182 63245 63378
1182 1348 63475 63641
1348 1450 64453 64555
1450 1573 65383 65506
1573 1683 65671 65781
1683 1805 65973 66095
1805 1825 66137 66157
1825 2014 66356 66545
2014 2215 66786 66987
2215 2442 67822 68049
2442 2565 68142 68265
2565 2702 68350 68487
2702 2878 68930 69106
2878 4323 69257 70702

>ENSDCDT00000040631
0 127 12720 12847
127 252 16242 16367
252 284 36438 36470
284 373 53485 53574
373 443 55187 55257
443 522 56057 56136
522 677 57431 57586
677 753 57760 57836
753 963 57989 58199
963 1065 58327 58429
1065 1198 61204 61337
1198 1266 62125 62193
1266 1352 62505 62591
1352 1561 62699 62908
1561 1700 63016 63155
1700 1833 63245 63378
1833 1999 63475 63641
1999 2101 64453 64555
2101 2224 65383 65506
2224 2363 65671 65810
2363 2581 66327 66545
2581 2808 67822 68049
2808 2931 68142 68265
2931 3096 68350 68515

>ENSAMXT00000043890
0 88 724 812
88 190 2428 2530
190 316 4410 4536
316 429 5648 5761
429 551 6774 6896
551 769 9820 10038
769 967 10268 10466
967 1197 12425 12655
1197 1320 13514 13637
1320 1457 14511 14648
1457 1642 14949 15134
1642 5586 16397 20341

>ENSAMXT00000034405
0 117 389 506
117 283 646 812
283 385 2428 2530
385 511 4410 4536
511 624 5648 5761
624 746 6774 6896
746 964 9820 10038
964 1162 10268 10466
1162 1392 12425 12655
1392 1515 13514 13637
1515 1652 14511 14648
1652 1837 14949 15134
1837 5781 16397 20341

