>ENSLOCT00000015308
0 236 3052 3288
236 326 22411 22501
326 520 23296 23490
520 655 25107 25242
655 730 25534 25609
730 784 26749 26803
784 997 27410 27623
997 1135 28401 28539
1135 1280 29738 29883
1280 1404 30754 30878

>ENSLOCT00000015313
0 236 3052 3288
236 430 23296 23490
430 565 25107 25242
565 640 25534 25609
640 694 26749 26803
694 907 27410 27623
907 1045 28401 28539
1045 1190 29738 29883
1190 1314 30754 30878

>ENSECRT00000012120
0 236 36405 36641
236 326 75530 75620
326 520 76578 76772
520 655 79077 79212
655 730 84249 84324
730 784 84569 84623
784 997 95335 95548
997 1135 95673 95811
1135 1280 97830 97975
1280 1404 100729 100853

>ENSECRT00000012135
0 236 36405 36641
236 430 76578 76772
430 565 79077 79212
565 640 84249 84324
640 694 84569 84623
694 907 95335 95548
907 1045 95673 95811
1045 1190 97830 97975
1190 1314 100729 100853

>ENSLACT00000008405
0 236 47903 48139
236 326 126147 126237
326 520 127564 127758
520 655 129383 129518
655 730 130418 130493
730 784 140386 140440
784 997 146145 146358
997 1135 186119 186257
1135 1280 187518 187663
1280 1404 188089 188213

>ENSCMIT00000033285
0 86 41 127
86 176 503 593
176 370 10759 10953
370 505 13588 13723
505 580 16575 16650
580 634 17468 17522
634 847 18368 18581
847 985 20396 20534
985 1130 22216 22361
1130 1254 23087 23211

>ENSCMIT00000033291
0 65 9871 9936
65 259 10759 10953
259 394 13588 13723
394 469 16575 16650
469 523 17468 17522
523 736 18368 18581
736 874 20396 20534
874 1019 22216 22361
1019 1143 23087 23211

>ENSCMIT00000033295
0 8 10462 10470
8 202 10759 10953
202 337 13588 13723
337 412 16575 16650
412 466 17468 17522
466 679 18368 18581
679 817 20396 20534
817 962 22216 22361
962 1086 23087 23211

>ENSSPUT00000020211
0 236 0 236
236 326 32296 32386
326 520 33502 33696
520 655 34877 35012
655 730 38260 38335
730 770 45869 45909
770 922 45945 46097
922 1060 46407 46545
1060 1205 46747 46892
1205 1329 51321 51445

>ENSSPUT00000020215
0 236 0 236
236 430 33502 33696
430 565 34877 35012
565 640 38260 38335
640 680 45869 45909
680 832 45945 46097
832 970 46407 46545
970 1115 46747 46892
1115 1239 51321 51445

>ENSPVIT00000015534
0 61 6901 6962
61 341 17847 18127
341 431 38122 38212
431 625 39170 39364
625 760 40686 40821
760 835 42324 42399
835 889 46741 46795
889 1102 48770 48983
1102 1240 49502 49640
1240 1385 49817 49962
1385 1509 51526 51650

>ENSPVIT00000015535
0 61 6901 6962
61 341 17847 18127
341 535 39170 39364
535 670 40686 40821
670 745 42324 42399
745 799 46741 46795
799 1012 48770 48983
1012 1150 49502 49640
1150 1295 49817 49962
1295 1419 51526 51650

>ENSPVIT00000015536
0 236 17891 18127
236 326 38122 38212
326 520 39170 39364
520 655 40686 40821
655 730 42324 42399
730 784 46741 46795
784 997 48770 48983
997 1135 49502 49640
1135 1280 49817 49962
1280 1404 51526 51650

>ENSPVIT00000015538
0 64 1749 1813
64 344 17847 18127
344 434 38122 38212
434 628 39170 39364
628 763 40686 40821
763 838 42324 42399
838 892 46741 46795
892 1105 48770 48983
1105 1243 49502 49640
1243 1388 49817 49962
1388 1512 51526 51650

>ENSACAT00000018079
0 236 20816 21052
236 326 44044 44134
326 520 45161 45355
520 655 47258 47393
655 730 48332 48407
730 784 49276 49330
784 997 51274 51487
997 1135 51754 51892
1135 1280 52066 52211
1280 1404 54885 55009

