>ENSEBUT00000020509
0 124 68 192
124 195 14233 14304
195 283 14746 14834
283 403 15230 15350
403 497 52959 53053
497 663 53209 53375
663 721 54732 54790
721 736 55502 55517
736 768 55621 55653
768 865 56020 56117
865 930 108427 108492
930 1067 164889 165026
1067 1158 165492 165583

>ENSEBUT00000020525
0 124 68 192
124 195 14233 14304
195 283 14746 14834
283 403 15230 15350
403 497 52959 53053
497 663 53209 53375
663 721 54732 54790
721 736 55502 55517
736 768 55621 55653
768 865 56020 56117
865 930 108427 108492
930 978 157899 157947

>ENSEBUT00000020543
0 124 68 192
124 195 14233 14304
195 283 14746 14834
283 403 15230 15350
403 497 52959 53053
497 663 53209 53375
663 721 54732 54790
721 736 55502 55517
736 768 55621 55653
768 865 56020 56117
865 1014 99854 100003

>ENSEBUT00000019144
0 91 163 254
91 162 717 788
162 250 6740 6828
250 370 7037 7157
370 458 16826 16914
458 624 17064 17230
624 682 17468 17526
682 714 25349 25381
714 811 26819 26916
811 876 30260 30325
876 1034 45533 45691
1034 1090 45842 45898
1090 1170 50547 50627

>ENSEBUT00000019167
0 91 163 254
91 162 717 788
162 250 6740 6828
250 338 16826 16914
338 504 17064 17230
504 562 17468 17526
562 594 25349 25381
594 691 26819 26916
691 756 30260 30325
756 914 45533 45691
914 970 45842 45898
970 1050 50547 50627

>ENSEBUT00000019186
0 160 6668 6828
160 280 7037 7157
280 368 16826 16914
368 534 17064 17230
534 592 17468 17526
592 624 25349 25381
624 721 26819 26916
721 786 30260 30325
786 944 45533 45691
944 1000 45842 45898
1000 1080 50547 50627

>ENSXMAT00000035038
0 88 0 88
88 159 2293 2364
159 247 3899 3987
247 399 4054 4206

>ENSXMAT00000021594
0 95 0 95
95 261 163 329
261 319 1535 1593
319 351 4704 4736
351 448 4837 4934
448 513 8889 8954
513 654 9037 9178

>ENSGAFT00000021125
0 88 155 243
88 159 2139 2210
159 247 3175 3263
247 367 3330 3450
367 464 4396 4493
464 630 4557 4723
630 688 5677 5735
688 720 8801 8833
720 817 8934 9031
817 882 12394 12459
882 1019 12542 12679
1019 1075 12895 12951
1075 1155 13022 13102

>ENSPFOT00000017464
0 88 319 407
88 159 3143 3214
159 247 4655 4743
247 367 4810 4930
367 464 6142 6239
464 630 6343 6509
630 688 7684 7742
688 720 10863 10895
720 817 11010 11107
817 882 14350 14415
882 1019 14498 14635
1019 1075 14857 14913
1075 1155 14984 15064

>ENSPLAT00000014007
0 88 120 208
88 159 2910 2981
159 247 4410 4498
247 367 4565 4685
367 464 5885 5982
464 630 6086 6252
630 688 7407 7465
688 720 10585 10617
720 817 10732 10829
817 882 14067 14132
882 1019 14215 14352
1019 1075 14574 14630
1075 1155 14701 14781

>ENSPMET00000000300
0 88 224 312
88 159 6418 6489
159 247 7929 8017
247 367 8084 8204
367 464 9394 9491
464 630 9593 9759
630 688 10934 10992
688 703 12867 12882
703 735 14007 14039
735 832 14154 14251
832 897 17473 17538
897 1034 17621 17758
1034 1090 17971 18027
1090 1170 18098 18178

>ENSPMET00000000311
0 88 224 312
88 159 6418 6489
159 247 7929 8017
247 367 8084 8204
367 464 9394 9491
464 630 9593 9759
630 688 10934 10992
688 720 14007 14039
720 817 14154 14251
817 882 17473 17538
882 1019 17621 17758
1019 1075 17971 18027
1075 1155 18098 18178

>ENSPRET00000031227
0 88 0 88
88 159 3327 3398
159 247 4843 4931
247 367 4998 5118
367 464 11513 11610
464 630 11709 11875
630 688 13027 13085
688 703 14862 14877
703 735 15718 15750
735 832 15858 15955
832 897 18974 19039
897 1034 19122 19259
1034 1090 19478 19534
1090 1170 19603 19683

>ENSPRET00000031264
0 88 0 88
88 159 3327 3398
159 247 4843 4931
247 367 4998 5118
367 464 11513 11610
464 630 11709 11875
630 688 13027 13085
688 720 15718 15750
720 817 15858 15955
817 882 18974 19039
882 1019 19122 19259
1019 1075 19478 19534
1075 1155 19603 19683

>ENSCVAT00000015686
0 88 86 174
88 159 4320 4391
159 247 7716 7804
247 367 7876 7996
367 464 10169 10266
464 630 10351 10517
630 688 10640 10698
688 703 16025 16040
703 735 17685 17717
735 832 17885 17982
832 897 23303 23368
897 1034 23523 23660
1034 1090 27527 27583
1090 1170 27659 27739

>ENSCVAT00000015687
0 88 86 174
88 159 4320 4391
159 247 7716 7804
247 367 7876 7996
367 464 10169 10266
464 630 10351 10517
630 688 10640 10698
688 720 17685 17717
720 817 17885 17982
817 882 23303 23368
882 1019 23523 23660
1019 1075 27527 27583
1075 1155 27659 27739

>ENSKMAT00000007302
0 88 96 184
88 159 1346 1417
159 247 2380 2468
247 367 2550 2670
367 464 2790 2887
464 630 2964 3130
630 688 5456 5514
688 703 7133 7148
703 735 7718 7750
735 832 7826 7923
832 897 10418 10483
897 1034 10664 10801
1034 1090 11302 11358
1090 1170 11456 11536

>ENSKMAT00000007328
0 88 96 184
88 159 1346 1417
159 247 2380 2468
247 367 2550 2670
367 464 2790 2887
464 630 2964 3130
630 688 5456 5514
688 720 7718 7750
720 817 7826 7923
817 882 10418 10483
882 1019 10664 10801
1019 1075 11302 11358
1075 1155 11456 11536

>ENSOMET00000005447
0 205 141 346
205 276 1276 1347
276 364 1841 1929
364 484 2010 2130
484 581 3505 3602
581 747 3691 3857
747 805 5064 5122
805 820 6908 6923
820 852 9152 9184
852 949 9260 9357
949 1014 13547 13612
1014 1151 14168 14305
1151 1207 14399 14455
1207 1287 14532 14612

>ENSOMET00000005500
0 205 141 346
205 276 1276 1347
276 364 1841 1929
364 484 2010 2130
484 581 3505 3602
581 747 3691 3857
747 805 5064 5122
805 837 9152 9184
837 934 9260 9357
934 999 13547 13612
999 1136 14168 14305
1136 1192 14399 14455
1192 1272 14532 14612

