>ENSAHAT00000016734
0 102 575 677
102 186 10399 10483
186 312 11666 11792
312 424 18485 18597
424 575 19378 19529
575 702 20354 20481
702 856 22213 22367
856 1004 25338 25486
1004 2667 26036 27699

>ENSAHAT00000016750
0 156 10327 10483
156 282 11666 11792
282 394 18485 18597
394 545 19378 19529
545 672 20354 20481
672 826 22213 22367
826 974 25338 25486
974 2482 26036 27544
2482 2683 28732 28933
2683 2814 32353 32484
2814 3030 33641 33857

>ENSARWT00000010826
0 156 0 156
156 282 1444 1570
282 394 8283 8395
394 545 9175 9326
545 672 10150 10277
672 826 12005 12159
826 974 15129 15277
974 2482 15827 17335
2482 2683 18522 18723
2683 2814 22144 22275
2814 3030 23422 23638

>ENSAOWT00000010645
0 102 632 734
102 186 10459 10543
186 312 11725 11851
312 424 18557 18669
424 575 19450 19601
575 702 20426 20553
702 856 22287 22441
856 1004 25413 25561
1004 2659 26111 27766
2659 2794 28873 29008
2794 2925 32427 32558
2925 3112 33712 33899
3112 3187 42931 43006
3187 3240 44326 44379

>ENSDNVT00000020327
0 102 1311 1413
102 186 11085 11169
186 312 12458 12584
312 424 19205 19317
424 575 20105 20256
575 702 21064 21191
702 856 22921 23075
856 1004 25028 25176
1004 2656 25774 27426
2656 2791 28512 28647
2791 2922 32350 32481
2922 3109 33612 33799
3109 3184 42781 42856
3184 3237 44179 44232

