>ENST00000422730
0 273 1226 1499

>ENST00000432056
0 67 520 587
67 423 1143 1499

>ENSPTRT00000107123
0 67 0 67
67 103 622 658
103 423 660 980

>ENSGGOT00000043555
0 67 7 74
67 429 630 992

>ENSNLET00000052985
0 67 0 67
67 93 622 648
93 426 650 983

>ENSMFAT00000070285
0 70 0 70
70 106 632 668
106 299 697 890
299 390 904 995

>ENSMNET00000055126
0 70 0 70
70 98 631 659
98 260 726 888
260 351 902 993

>ENSRROT00000042443
0 83 0 83
83 132 115 164
132 329 693 890
329 420 904 995

>ENSRBIT00000041244
0 83 0 83
83 132 115 164
132 329 693 890
329 420 904 995

