>ENSAOCT00000010203
0 79 162 241
79 193 1431 1545
193 303 3675 3785

>ENSAPET00000001814
0 79 151 230
79 193 1424 1538
193 303 3665 3775

>ENSAPET00000001828
0 79 151 230
79 193 1424 1538
193 334 2114 2255
334 444 3665 3775

>ENSAPOT00000007370
0 79 140 219
79 193 1157 1271
193 303 2324 2434

>ENSMZET00005025414
0 70 431 501
70 184 2177 2291
184 294 4259 4369

>ENSHBUT00000001191
0 70 356 426
70 184 2049 2163
184 294 3558 3668

>ENSACLT00000011516
0 70 2 72
70 184 1748 1862
184 294 3818 3928

>ENSPNYT00000012473
0 70 200 270
70 184 1975 2089
184 294 3958 4068

