>ENSCHAT00000059000
0 144 0 144
144 270 524 650
270 367 931 1028
367 443 1574 1650
443 579 1816 1952

>ENSCHAT00000059009
0 144 0 144
144 175 423 454
175 264 561 650
264 361 931 1028
361 437 1574 1650
437 573 1816 1952

>ENSDCDT00000060590
0 147 117 264
147 178 342 373
178 267 510 599
267 364 1024 1121
364 440 1594 1670
440 576 1801 1937

>ENSDCDT00000060593
0 168 117 285
168 255 512 599
255 352 1024 1121
352 428 1594 1670
428 564 1801 1937

>ENSAMXT00000012833
0 141 168 309
141 172 569 600
172 261 736 825
261 358 1743 1840
358 434 2890 2966
434 567 3422 3555

