>ENSCINT00000007944
0 69 58 127
69 196 451 578
196 269 964 1037
269 456 1197 1384
456 663 1736 1943
663 786 2494 2617
786 993 2991 3198
993 1068 3450 3525

>ENSCINT00000007950
0 18 7 25
18 225 382 589
225 348 1100 1223
348 555 1591 1798
555 669 2255 2369
669 790 2734 2855
790 1149 3145 3504
1149 1291 3959 4101
1291 1361 4491 4561
1361 1473 4780 4892
1473 1581 5373 5481
1581 1728 5853 6000
1728 1808 6285 6365
1808 1894 6720 6806
1894 2335 7001 7442
2335 2427 7707 7799
2427 2514 7988 8075
2514 2675 8415 8576
2675 3000 8873 9198

>ENSCSAVT00000016825
0 120 777 897
120 336 1927 2143
336 450 2510 2624
450 580 2923 3053
580 903 3520 3843
903 1030 4045 4172
1030 1098 4393 4461

