>FBtr0081180
0 117 118 235
117 891 290 1064
891 1452 1117 1678
1452 1571 1736 1855
1571 1624 1919 1972
1624 1801 2029 2206
1801 2037 2257 2493

>ZK546.1a.1
0 159 9 168
159 248 216 305
248 1429 355 1536
1429 1493 1582 1646
1493 1911 1690 2108
1911 2091 2158 2338
2091 2201 2381 2491
2201 2211 2588 2598

>ZK546.1a.2
0 159 9 168
159 248 216 305
248 1429 355 1536
1429 1493 1582 1646
1493 1911 1690 2108
1911 2091 2158 2338
2091 2201 2381 2491
2201 2211 2588 2598

>ZK546.1b.1
0 159 9 168
159 248 216 305
248 1429 355 1536
1429 1493 1582 1646
1493 1911 1690 2108
1911 2091 2158 2338
2091 2201 2381 2491
2201 2249 2745 2793
2249 2334 2938 3023

>ZK546.1c.1
0 159 9 168
159 248 216 305
248 1429 355 1536
1429 1493 1582 1646
1493 1911 1690 2108
1911 2091 2158 2338
2091 2201 2381 2491
2201 2286 2938 3023

>ZK546.1d.1
0 159 9 168
159 248 216 305
248 1429 355 1536
1429 1493 1582 1646
1493 1902 1699 2108
1902 2082 2158 2338
2082 2192 2381 2491
2192 2202 2588 2598

>ZK546.1d.2
0 159 9 168
159 248 216 305
248 1429 355 1536
1429 1493 1582 1646
1493 1902 1699 2108
1902 2082 2158 2338
2082 2192 2381 2491
2192 2202 2588 2598

