>ENSPMJT00000007734
0 38 0 38
38 179 3545 3686
179 882 5557 6260
882 1023 6646 6787
1023 1073 7495 7545
1073 1146 8248 8321
1146 1278 8877 9009
1278 1368 9302 9392
1368 1467 10857 10956

>ENSPMJT00000007739
0 38 0 38
38 179 3545 3686
179 882 5557 6260
882 1026 6643 6787
1026 1076 7495 7545
1076 1149 8248 8321
1149 1281 8877 9009
1281 1371 9302 9392
1371 1449 10857 10935
1449 1458 11233 11242

>ENSSCAT00000010379
0 38 0 38
38 179 3204 3345
179 666 4618 5105
666 716 6350 6400
716 789 7165 7238
789 921 7638 7770
921 1011 8084 8174
1011 1932 9250 10171

>ENSSCAT00000010383
0 38 0 38
38 179 3204 3345
179 666 4618 5105
666 716 6350 6400
716 789 7165 7238
789 921 7638 7770
921 1842 9250 10171

>ENSGALT00000000410
0 38 96 134
38 179 2574 2715
179 639 2882 3342
639 783 3768 3912
783 833 4420 4470
833 906 4966 5039
906 1038 5338 5470
1038 1128 5802 5892
1128 1206 6604 6682
1206 1212 6786 6792

>ENSGALT00000096813
0 59 1744 1803
59 200 2574 2715
200 660 2882 3342
660 804 3768 3912
804 854 4420 4470
854 927 4966 5039
927 1365 5338 5776

>ENSXETT00000021698
0 38 30 68
38 161 5724 5847
161 690 5936 6465
690 881 6555 6746
881 1059 7678 7856
1059 1131 9981 10053
1131 1178 10129 10176
1178 1251 10287 10360
1251 1386 16584 16719
1386 1479 19641 19734
1479 1554 20223 20298
1554 1560 22106 22112

