>YNL092W_mRNA
0 1203 0 1203

>YMR209C_mRNA
0 1374 0 1374

>FBtr0070318
0 134 103 237
134 381 651 898
381 551 1318 1488
551 692 1561 1702
692 950 1771 2029
950 1368 2090 2508

>FBtr0332587
0 216 682 898
216 386 1318 1488
386 527 1561 1702
527 785 1771 2029
785 1203 2090 2508

>FBtr0070320
0 216 682 898
216 386 1318 1488
386 527 1561 1702
527 785 1771 2029
785 1203 2090 2508

>FBtr0070319
0 134 103 237
134 381 651 898
381 500 1369 1488
500 641 1561 1702
641 899 1771 2029
899 1317 2090 2508

>FBtr0332588
0 216 682 898
216 386 1318 1488
386 527 1561 1702
527 785 1771 2029
785 1203 2090 2508

>Y48E1C.2.1
0 134 43 177
134 224 470 560
224 305 607 688
305 603 1688 1986
603 847 2994 3238
847 1110 4150 4413

>Y48E1C.2.2
0 134 43 177
134 224 470 560
224 305 607 688
305 603 1688 1986
603 847 2994 3238
847 1110 4150 4413

>ENSEBUT00000027123
0 128 212 340
128 327 47853 48052
327 494 49739 49906
494 635 55899 56040
635 817 57478 57660
817 931 64501 64615
931 1035 67016 67120
1035 1167 67336 67468

>ENSEBUT00000027128
0 92 8453 8545
92 291 47853 48052
291 458 49739 49906
458 599 55899 56040
599 781 57478 57660
781 895 64501 64615
895 999 67016 67120
999 1131 67336 67468

