>FBtr0100288
0 10 45 55
10 282 117 389

>FBtr0339240
0 309 34 343

>FBtr0100553
0 309 34 343

>FBtr0078908
0 291 19 310

>FBtr0339239
0 279 2455 2734

>FBtr0100441
0 279 2455 2734

>FBtr0344267
0 279 2455 2734

>FBtr0347561
0 294 253 547

>FBtr0085172
0 294 253 547

>FBtr0112478
0 10 14 24
10 282 93 365

>FBtr0347115
0 10 14 24
10 282 93 365

>FBtr0303466
0 13 8 21
13 318 84 389

>FBtr0079714
0 10 59 69
10 279 136 405

>FBtr0331993
0 10 59 69
10 273 142 405

>FBtr0331994
0 10 59 69
10 279 136 405

>FBtr0079713
0 10 34 44
10 276 115 381

