>T23D5.6.1
0 192 0 192
192 561 247 616
561 768 662 869
768 946 1179 1357
946 978 1403 1435

>T08G3.1.1
0 198 0 198
198 567 234 603
567 774 997 1204
774 952 1257 1435
952 1023 1475 1546

>F59E11.14.1
0 283 0 283
283 362 329 408
362 497 451 586
497 639 628 770
639 768 817 946
768 946 992 1170
946 1041 1223 1318

>F59E11.15.1
0 268 0 268
268 347 313 392
347 482 439 574
482 624 627 769
624 753 814 943
753 931 997 1175
931 1023 1224 1316

>R08H2.2.1
0 283 0 283
283 362 327 406
362 497 456 591
497 639 638 780
639 768 826 955
768 946 1000 1178
946 1020 1327 1401

>F07B10.2.1
0 283 0 283
283 362 329 408
362 561 454 653
561 639 701 779
639 765 832 958
765 943 1008 1186
943 1053 1233 1343

>F07B10.3.1
0 283 0 283
283 362 328 407
362 561 506 705
561 639 755 833
639 765 880 1006
765 943 1052 1230
943 1005 1274 1336

>Y39H10B.1a.1
0 198 0 198
198 283 246 331
283 362 653 732
362 497 775 910
497 561 955 1019
561 762 1119 1320
762 940 1808 1986
940 1026 2031 2117

>Y39H10B.1b.1
0 157 1829 1986
157 243 2031 2117

>F59B1.1a.1
0 198 0 198
198 283 241 326
283 497 687 901
497 561 949 1013
561 636 1063 1138
636 940 1214 1518
940 1047 1578 1685

>F59B1.1b.1
0 198 0 198
198 283 241 326
283 497 687 901
497 561 949 1013
561 636 1063 1138
636 940 1214 1518
940 1056 1569 1685

