>ENSSDAT00000030253
0 279 0 279
279 330 3246 3297

>ENSSDAT00000030489
0 87 0 87
87 191 834 938
191 266 1497 1572
266 477 10606 10817

>ENSCCNT00000023535
0 84 0 84
84 188 1223 1327
188 263 1729 1804
263 348 15398 15483
348 369 16148 16169

>ENSPCIT00000053924
0 135 19539 19674
135 360 28007 28232
360 591 32495 32726
591 756 34943 35108
756 867 35780 35891
867 994 36690 36817
994 1152 36956 37114
1152 1200 38523 38571

>ENSSHAT00000019753
0 63 695 758
63 216 16720 16873
216 441 25301 25526
441 672 30820 31051
672 837 32708 32873
837 948 33450 33561
948 1075 34343 34470
1075 1233 34566 34724
1233 1480 35650 35897
1480 1644 39449 39613

>ENSGAGT00000024169
0 60 57 117
60 128 60040 60108
128 261 74784 74917
261 408 96481 96628
408 555 132116 132263
555 639 137827 137911
639 723 162444 162528
723 882 219373 219532
882 966 220944 221028
966 1146 223648 223828
1146 1314 224656 224824
1314 1398 225565 225649
1398 1566 226412 226580
1566 1809 229537 229780
1809 2040 230463 230694
2040 2256 231422 231638
2256 2379 235457 235580
2379 2506 235733 235860
2506 2664 236038 236196
2664 3138 236431 236905

