>ENSPVIT00000030495
0 65 0 65
65 160 55808 55903
160 220 127110 127170
220 275 152455 152510
275 341 155435 155501
341 414 185208 185281
414 517 194347 194450
517 601 194551 194635
601 696 197448 197543
696 819 203137 203260
819 903 203514 203598
903 946 208350 208393
946 1021 213219 213294
1021 1059 230483 230521
1059 1131 230927 230999
1131 1176 240977 241022
1176 1225 253363 253412
1225 1301 270729 270805
1301 1396 271278 271373
1396 1629 276901 277134

>ENSPVIT00000030496
0 65 0 65
65 160 55808 55903
160 220 127110 127170
220 275 152455 152510
275 341 155435 155501
341 414 185208 185281
414 517 194347 194450
517 601 194551 194635
601 696 197448 197543
696 819 203137 203260
819 903 203514 203598
903 946 208350 208393
946 1021 213219 213294
1021 1059 230483 230521
1059 1131 230927 230999
1131 1176 240977 241022
1176 1225 253363 253412
1225 1348 256317 256440
1348 1477 257300 257429
1477 1606 258934 259063
1606 1735 261151 261280
1735 1864 263756 263885
1864 1993 264843 264972
1993 2069 270729 270805
2069 2164 271278 271373
2164 2397 276901 277134

>ENSPVIT00000030497
0 65 0 65
65 160 55808 55903
160 220 127110 127170
220 275 152455 152510
275 341 155435 155501
341 414 185208 185281
414 517 194347 194450
517 601 194551 194635
601 696 197448 197543
696 819 203137 203260
819 903 203514 203598
903 946 208350 208393
946 1021 213219 213294
1021 1059 230483 230521
1059 1131 230927 230999
1131 1176 240977 241022
1176 1225 253363 253412
1225 1354 257300 257429
1354 1483 258934 259063
1483 1612 261151 261280
1612 1741 263756 263885
1741 1870 264843 264972
1870 1946 270729 270805
1946 2041 271278 271373
2041 2274 276901 277134

>ENSPVIT00000030498
0 65 0 65
65 160 55808 55903
160 220 127110 127170
220 275 152455 152510
275 341 155435 155501
341 414 185208 185281
414 517 194347 194450
517 601 194551 194635
601 696 197448 197543
696 819 203137 203260
819 903 203514 203598
903 946 208350 208393
946 1021 213219 213294
1021 1059 230483 230521
1059 1131 230927 230999
1131 1176 240977 241022
1176 1225 253363 253412
1225 1348 256317 256440
1348 1477 257300 257429
1477 1606 261151 261280
1606 1735 263756 263885
1735 1864 264843 264972
1864 1940 270729 270805
1940 2035 271278 271373
2035 2268 276901 277134

>ENSPVIT00000030499
0 65 0 65
65 160 55808 55903
160 220 127110 127170
220 275 152455 152510
275 341 155435 155501
341 414 185208 185281
414 517 194347 194450
517 601 194551 194635
601 696 197448 197543
696 819 203137 203260
819 903 203514 203598
903 946 208350 208393
946 1021 213219 213294
1021 1059 230483 230521
1059 1131 230927 230999
1131 1176 240977 241022
1176 1225 253363 253412
1225 1348 256317 256440
1348 1477 257300 257429
1477 1606 258934 259063
1606 1735 261151 261280
1735 1864 264843 264972
1864 1940 270729 270805
1940 2035 271278 271373
2035 2268 276901 277134

>ENSPVIT00000030500
0 65 0 65
65 160 55808 55903
160 220 127110 127170
220 275 152455 152510
275 341 155435 155501
341 414 185208 185281
414 517 194347 194450
517 601 194551 194635
601 696 197448 197543
696 819 203137 203260
819 903 203514 203598
903 946 208350 208393
946 1021 213219 213294
1021 1059 230483 230521
1059 1131 230927 230999
1131 1176 240977 241022
1176 1225 253363 253412
1225 1354 261151 261280
1354 1483 263756 263885
1483 1612 264843 264972
1612 1688 270729 270805
1688 1783 271278 271373
1783 2016 276901 277134

>ENSPVIT00000030501
0 65 0 65
65 160 55808 55903
160 220 127110 127170
220 275 152455 152510
275 341 155435 155501
341 414 185208 185281
414 517 194347 194450
517 601 194551 194635
601 696 197448 197543
696 819 203137 203260
819 903 203514 203598
903 946 208350 208393
946 1021 213219 213294
1021 1059 230483 230521
1059 1131 230927 230999
1131 1180 253363 253412
1180 1309 261151 261280
1309 1438 263756 263885
1438 1567 264843 264972
1567 1643 270729 270805
1643 1738 271278 271373
1738 1971 276901 277134

>ENSPVIT00000030502
0 65 0 65
65 160 55808 55903
160 220 127110 127170
220 275 152455 152510
275 341 155435 155501
341 414 185208 185281
414 517 194347 194450
517 601 194551 194635
601 696 197448 197543
696 819 203137 203260
819 903 203514 203598
903 946 208350 208393
946 1021 213219 213294
1021 1059 230483 230521
1059 1108 253363 253412
1108 1237 261151 261280
1237 1366 263756 263885
1366 1495 264843 264972
1495 1571 270729 270805
1571 1666 271278 271373
1666 1899 276901 277134

>ENSACAT00000012335
0 194 0 194
194 289 40449 40544
289 349 85041 85101
349 404 96468 96523
404 470 102113 102179
470 543 119376 119449
543 646 129012 129115
646 730 129220 129304
730 825 130251 130346
825 948 133059 133182
948 1032 133668 133752
1032 1075 135425 135468
1075 1156 138612 138693
1156 1194 149033 149071
1194 1266 149810 149882
1266 1311 155817 155862
1311 1360 160328 160377
1360 1489 165115 165244
1489 1618 166096 166225
1618 1747 167154 167283
1747 1823 171354 171430
1823 1918 172171 172266
1918 2151 174434 174667

