>FBtr0080896
0 204 2115 2319
204 348 2893 3037
348 729 3891 4272
729 793 4345 4409
793 892 4477 4576
892 996 4777 4881
996 1404 7884 8292
1404 1575 9117 9288
1575 2165 10284 10874
2165 2283 13162 13280
2283 2547 13984 14248
2547 2757 15778 15988
2757 3644 16209 17096
3644 3723 17685 17764
3723 4899 18100 19276
4899 5805 19343 20249
5805 5886 21455 21536

>FBtr0080907
0 204 2115 2319
204 348 2893 3037
348 729 3891 4272
729 793 4345 4409
793 892 4477 4576
892 996 6711 6815
996 1404 7884 8292
1404 1575 9117 9288
1575 2165 10284 10874
2165 2283 11824 11942
2283 2547 13984 14248
2547 2757 15778 15988
2757 3644 16209 17096
3644 3723 17267 17346
3723 4899 18100 19276
4899 5805 19343 20249
5805 5808 20513 20516

>FBtr0080900
0 204 2115 2319
204 348 2893 3037
348 729 3891 4272
729 793 4345 4409
793 892 4477 4576
892 996 4777 4881
996 1404 7884 8292
1404 1575 9117 9288
1575 2165 10284 10874
2165 2283 12527 12645
2283 2547 13984 14248
2547 2757 15778 15988
2757 3644 16209 17096
3644 3723 17685 17764
3723 4899 18100 19276
4899 5805 19343 20249
5805 5886 21455 21536

>FBtr0080897
0 204 2115 2319
204 348 2893 3037
348 729 3891 4272
729 793 4345 4409
793 892 4477 4576
892 996 6711 6815
996 1404 7884 8292
1404 1575 9117 9288
1575 2165 10284 10874
2165 2283 11824 11942
2283 2547 13984 14248
2547 2757 15778 15988
2757 3644 16209 17096
3644 3723 17267 17346
3723 4899 18100 19276
4899 5805 19343 20249
5805 5886 21455 21536

>FBtr0080903
0 204 2115 2319
204 348 2893 3037
348 729 3891 4272
729 793 4345 4409
793 892 4477 4576
892 996 4777 4881
996 1404 7884 8292
1404 1575 9697 9868
1575 2165 10284 10874
2165 2283 12527 12645
2283 2547 13984 14248
2547 2757 15778 15988
2757 3644 16209 17096
3644 3723 17685 17764
3723 4899 18100 19276
4899 5805 19343 20249
5805 5886 21455 21536

>FBtr0346712
0 204 2115 2319
204 348 2581 2725
348 729 3891 4272
729 793 4345 4409
793 892 4477 4576
892 996 5871 5975
996 1404 7884 8292
1404 1575 9117 9288
1575 2165 10284 10874
2165 2283 13162 13280
2283 2547 13984 14248
2547 2757 15778 15988
2757 3644 16209 17096
3644 3723 17267 17346
3723 4899 18100 19276
4899 5805 19343 20249
5805 5886 21455 21536

>FBtr0080898
0 204 2115 2319
204 348 2581 2725
348 729 3891 4272
729 793 4345 4409
793 892 4477 4576
892 996 4777 4881
996 1404 7884 8292
1404 1575 9117 9288
1575 2165 10284 10874
2165 2283 12527 12645
2283 2547 13984 14248
2547 2757 15778 15988
2757 3644 16209 17096
3644 3723 17685 17764
3723 4899 18100 19276
4899 5805 19343 20249
5805 5886 21455 21536

>FBtr0080902
0 204 2115 2319
204 348 2893 3037
348 729 3891 4272
729 793 4345 4409
793 892 4477 4576
892 996 4777 4881
996 1404 7884 8292
1404 1575 9697 9868
1575 2165 10284 10874
2165 2283 13162 13280
2283 2547 13984 14248
2547 2757 15778 15988
2757 3644 16209 17096
3644 3723 17685 17764
3723 4899 18100 19276
4899 5805 19343 20249
5805 5886 21455 21536

>FBtr0080901
0 204 2115 2319
204 348 2893 3037
348 729 3891 4272
729 793 4345 4409
793 892 4477 4576
892 996 4777 4881
996 1404 7884 8292
1404 1575 9117 9288
1575 2165 10284 10874
2165 2283 11439 11557
2283 2547 13984 14248
2547 2757 15778 15988
2757 3644 16209 17096
3644 3723 17685 17764
3723 4899 18100 19276
4899 5805 19343 20249
5805 5886 21455 21536

>FBtr0307494
0 204 2115 2319
204 348 2581 2725
348 729 3891 4272
729 793 4345 4409
793 892 4477 4576
892 996 5376 5480
996 1404 7884 8292
1404 1575 9117 9288
1575 2165 10284 10874
2165 2283 13162 13280
2283 2547 13984 14248
2547 2757 15778 15988
2757 3644 16209 17096
3644 3723 17267 17346
3723 4899 18100 19276
4899 5805 19343 20249
5805 5886 21455 21536

>FBtr0307492
0 204 2115 2319
204 348 2581 2725
348 729 3891 4272
729 793 4345 4409
793 892 4477 4576
892 996 5376 5480
996 1404 7884 8292
1404 1575 9117 9288
1575 2165 10284 10874
2165 2283 13162 13280
2283 2547 13984 14248
2547 2757 15778 15988
2757 3644 16209 17096
3644 3723 17685 17764
3723 4899 18100 19276
4899 5805 19343 20249
5805 5886 21455 21536

>FBtr0080905
0 204 2115 2319
204 348 2893 3037
348 729 3891 4272
729 793 4345 4409
793 892 4477 4576
892 996 6711 6815
996 1404 7884 8292
1404 1575 8645 8816
1575 2165 10284 10874
2165 2283 11824 11942
2283 2547 13984 14248
2547 2757 15778 15988
2757 3644 16209 17096
3644 3723 17267 17346
3723 4899 18100 19276
4899 5805 19343 20249
5805 5808 20513 20516

>FBtr0080906
0 204 2115 2319
204 348 2893 3037
348 729 3891 4272
729 793 4345 4409
793 892 4477 4576
892 996 6711 6815
996 1404 7884 8292
1404 1575 8645 8816
1575 2165 10284 10874
2165 2283 11065 11183
2283 2547 13984 14248
2547 2757 15778 15988
2757 3644 16209 17096
3644 3723 17267 17346
3723 4899 18100 19276
4899 5805 19343 20249
5805 5808 20513 20516

>FBtr0080895
0 204 2115 2319
204 348 2581 2725
348 729 3891 4272
729 793 4345 4409
793 892 4477 4576
892 996 4777 4881
996 1404 7884 8292
1404 1575 9117 9288
1575 2165 10284 10874
2165 2283 13162 13280
2283 2547 13984 14248
2547 2757 15778 15988
2757 3644 16209 17096
3644 3723 17685 17764
3723 4899 18100 19276
4899 5805 19343 20249
5805 5886 21455 21536

>FBtr0301829
0 204 2115 2319
204 348 2893 3037
348 729 3891 4272
729 793 4345 4409
793 892 4477 4576
892 996 6711 6815
996 1404 7884 8292
1404 1575 9117 9288
1575 2165 10284 10874
2165 2283 11824 11942
2283 2547 13984 14248
2547 2757 15778 15988
2757 3644 16209 17096
3644 3723 17267 17346
3723 4899 18100 19276
4899 5805 19343 20249
5805 5847 20951 20993

>FBtr0301827
0 204 2115 2319
204 348 2893 3037
348 729 3891 4272
729 793 4345 4409
793 892 4477 4576
892 996 4777 4881
996 1404 7884 8292
1404 1575 9117 9288
1575 2165 10284 10874
2165 2283 13162 13280
2283 2547 13984 14248
2547 2757 15778 15988
2757 3644 16209 17096
3644 3723 17685 17764
3723 4899 18100 19276
4899 5805 19343 20249
5805 5847 20951 20993

>FBtr0307496
0 204 2115 2319
204 348 2893 3037
348 729 3891 4272
729 793 4345 4409
793 892 4477 4576
892 996 4777 4881
996 1404 7884 8292
1404 1575 9117 9288
1575 2165 10284 10874
2165 2283 12527 12645
2283 2547 13984 14248
2547 2757 15778 15988
2757 3644 16209 17096
3644 3723 17685 17764
3723 4899 18100 19276
4899 5805 19343 20249
5805 5847 20951 20993

>FBtr0301828
0 204 2115 2319
204 348 2581 2725
348 729 3891 4272
729 793 4345 4409
793 892 4477 4576
892 996 4777 4881
996 1404 7884 8292
1404 1575 9117 9288
1575 2165 10284 10874
2165 2283 13162 13280
2283 2547 13984 14248
2547 2757 15778 15988
2757 3644 16209 17096
3644 3723 17685 17764
3723 4899 18100 19276
4899 5805 19343 20249
5805 5886 21455 21536

>FBtr0080899
0 204 2115 2319
204 348 2581 2725
348 729 3891 4272
729 793 4345 4409
793 892 4477 4576
892 996 4777 4881
996 1404 7884 8292
1404 1575 9697 9868
1575 2165 10284 10874
2165 2283 13162 13280
2283 2547 13984 14248
2547 2757 15778 15988
2757 3644 16209 17096
3644 3723 17685 17764
3723 4899 18100 19276
4899 5805 19343 20249
5805 5886 21455 21536

>FBtr0307493
0 204 2115 2319
204 348 2581 2725
348 729 3891 4272
729 793 4345 4409
793 892 4477 4576
892 996 5376 5480
996 1404 7884 8292
1404 1575 9117 9288
1575 2165 10284 10874
2165 2283 11824 11942
2283 2547 13984 14248
2547 2757 15778 15988
2757 3644 16209 17096
3644 3723 17685 17764
3723 4899 18100 19276
4899 5805 19343 20249
5805 5886 21455 21536

>FBtr0307495
0 204 2115 2319
204 348 2893 3037
348 729 3891 4272
729 793 4345 4409
793 892 4477 4576
892 996 5376 5480
996 1404 7884 8292
1404 1575 9117 9288
1575 2165 10284 10874
2165 2283 11065 11183
2283 2547 13984 14248
2547 2757 15778 15988
2757 3644 16209 17096
3644 3723 17685 17764
3723 4899 18100 19276
4899 5805 19343 20249
5805 5886 21455 21536

