>ENSPMAT00000004018
0 189 0 189
189 251 2029 2091
251 301 3316 3366
301 369 8119 8187
369 415 9941 9987
415 516 11291 11392
516 613 11629 11726
613 721 11914 12022
721 799 13770 13848
799 873 15971 16045
873 960 16473 16560
960 1051 17257 17348
1051 1126 56011 56086
1126 1191 59826 59891
1191 1246 61749 61804
1246 1293 68338 68385
1293 1419 100302 100428
1419 1500 101690 101771
1500 1611 102771 102882
1611 1697 104577 104663
1697 1804 105236 105343
1804 1875 105692 105763

>ENSEBUT00000009662
0 90 177 267
90 171 6491 6572
171 233 8269 8331
233 283 9628 9678
283 351 51356 51424
351 480 73696 73825

>ENSAOWT00000013532
0 42 112 154
42 104 230 292
104 154 605 655
154 222 1044 1112
222 268 1358 1404
268 363 1768 1863
363 468 2301 2406
468 565 2919 3016
565 643 3326 3404
643 717 3705 3779
717 804 4251 4338
804 895 4441 4532
895 970 4778 4853
970 1035 5248 5313
1035 1090 5386 5441
1090 1137 5532 5579
1137 1270 5886 6019
1270 1344 6399 6473
1344 1446 7110 7212
1446 1522 7528 7604
1522 1639 7680 7797
1639 1719 8263 8343

>ENSARWT00000023230
0 42 121 163
42 104 239 301
104 154 614 664
154 222 1053 1121
222 268 1367 1413
268 363 1778 1873
363 468 2311 2416
468 565 2929 3026
565 643 3336 3414
643 717 3715 3789
717 804 4261 4348
804 895 4451 4542
895 970 4788 4863
970 1035 5258 5323
1035 1090 5396 5451
1090 1137 5542 5589
1137 1270 5896 6029
1270 1344 6409 6483
1344 1446 7121 7223
1446 1522 7539 7615
1522 1639 7691 7808
1639 1719 8274 8354

>ENSAHAT00000003607
0 42 85 127
42 104 203 265
104 154 578 628
154 222 1017 1085
222 268 1331 1377
268 363 1742 1837
363 468 2275 2380
468 565 2893 2990
565 643 3300 3378
643 717 3679 3753
717 804 4225 4312
804 895 4415 4506
895 970 4752 4827
970 1035 5222 5287
1035 1090 5360 5415
1090 1137 5506 5553
1137 1270 5860 5993
1270 1344 6373 6447
1344 1446 7084 7186
1446 1522 7502 7578
1522 1639 7654 7771
1639 1719 8237 8317

