>ENSUMAT00000011950
0 96 0 96
96 299 1622 1825
299 494 2881 3076
494 540 4574 4620
540 767 4994 5221
767 909 8830 8972
909 1095 9744 9930
1095 1243 14232 14380
1243 1409 15948 16114
1409 1468 18200 18259
1468 1579 21374 21485
1579 1767 22300 22488
1767 1887 22678 22798
1887 2026 23049 23188
2026 2117 23734 23825
2117 2257 24923 25063
2257 2374 28212 28329
2374 2555 29351 29532
2555 2722 29914 30081
2722 2856 32862 32996
2856 2994 35057 35195
2994 3102 38702 38810
3102 3264 39622 39784
3264 3378 40224 40338
3378 3516 42632 42770
3516 3549 45579 45612
3549 3629 45642 45722
3629 3750 46422 46543
3750 3868 47804 47922
3868 3960 49017 49109
3960 4139 49570 49749
4139 4215 50203 50279
4215 4310 50352 50447
4310 4430 51752 51872
4430 4571 52295 52436
4571 4651 53843 53923
4651 4707 55712 55768
4707 4809 55899 56001

>ENSUMAT00000011993
0 96 0 96
96 299 1622 1825
299 494 2881 3076
494 543 4571 4620
543 770 4994 5221
770 912 8830 8972
912 1098 9744 9930
1098 1246 14232 14380
1246 1412 15948 16114
1412 1471 18200 18259
1471 1582 21374 21485
1582 1746 22300 22464
1746 1866 22678 22798
1866 2005 23049 23188
2005 2096 23734 23825
2096 2236 24923 25063
2236 2353 28212 28329
2353 2534 29351 29532
2534 2701 29914 30081
2701 2835 32862 32996
2835 2959 35057 35181
2959 2979 38131 38151
2979 3087 38702 38810
3087 3261 39622 39796
3261 3375 40224 40338
3375 3513 42632 42770
3513 3546 45579 45612
3546 3626 45642 45722
3626 3747 46422 46543
3747 3865 47804 47922
3865 3957 49017 49109
3957 4136 49570 49749
4136 4212 50203 50279
4212 4307 50352 50447
4307 4427 51752 51872
4427 4568 52295 52436
4568 4644 53843 53919
4644 4746 55899 56001

>ENSUMAT00000012089
0 96 0 96
96 310 1622 1836
310 455 2931 3076
455 501 4574 4620
501 728 4994 5221
728 870 8830 8972
870 1056 9744 9930
1056 1204 14232 14380
1204 1370 15948 16114
1370 1429 18200 18259
1429 1540 21374 21485
1540 1716 22100 22276
1716 1836 22678 22798
1836 1975 23049 23188
1975 2066 23734 23825
2066 2206 24923 25063
2206 2323 28212 28329
2323 2504 29351 29532
2504 2671 29914 30081
2671 2805 32862 32996
2805 2929 35057 35181
2929 3003 38736 38810
3003 3165 39622 39784
3165 3279 40224 40338
3279 3396 42632 42749
3396 3488 45630 45722
3488 3600 46422 46534
3600 3718 47804 47922
3718 3810 49017 49109
3810 3950 49609 49749
3950 4026 50203 50279
4026 4121 50352 50447
4121 4241 51752 51872
4241 4368 52295 52422
4368 4401 55848 55881
4401 4491 55911 56001

>ENSUMAT00000012138
0 96 0 96
96 299 1622 1825
299 494 2881 3076
494 543 4571 4620
543 770 4994 5221
770 912 8830 8972
912 1098 9744 9930
1098 1246 14232 14380
1246 1406 15954 16114
1406 1465 18200 18259
1465 1576 21374 21485
1576 1752 22100 22276
1752 1872 22678 22798
1872 2011 23049 23188
2011 2102 23734 23825
2102 2242 24923 25063
2242 2370 28212 28340
2370 2386 28962 28978
2386 2552 29366 29532
2552 2719 29914 30081
2719 2853 32862 32996
2853 2995 35057 35199
2995 3069 38736 38810
3069 3231 39622 39784
3231 3345 40224 40338
3345 3437 45630 45722
3437 3558 46422 46543
3558 3676 47804 47922
3676 3768 49017 49109
3768 3947 49570 49749
3947 4023 50203 50279
4023 4118 50352 50447
4118 4238 51752 51872
4238 4365 52295 52422
4365 4398 55848 55881
4398 4488 55911 56001

>ENSUMAT00000012171
0 122 0 122
122 317 2881 3076
317 366 4571 4620
366 593 4994 5221
593 735 8830 8972
735 921 9744 9930
921 1069 14232 14380
1069 1229 15954 16114
1229 1288 18200 18259
1288 1399 21374 21485
1399 1575 22100 22276
1575 1695 22678 22798
1695 1834 23049 23188
1834 1925 23734 23825
1925 2065 24923 25063
2065 2182 28212 28329
2182 2363 29351 29532
2363 2530 29914 30081
2530 2664 32862 32996
2664 2802 35057 35195
2802 2928 38684 38810
2928 3090 39622 39784
3090 3204 40224 40338
3204 3273 42063 42132
3273 3308 45579 45614
3308 3362 45668 45722
3362 3483 46422 46543
3483 3601 47804 47922
3601 3693 49017 49109
3693 3872 49570 49749
3872 3948 50203 50279
3948 4043 50352 50447
4043 4163 51752 51872
4163 4304 52295 52436
4304 4380 53843 53919
4380 4482 55899 56001

>ENSUMAT00000012177
0 96 0 96
96 310 1622 1836
310 455 2931 3076
455 501 4574 4620
501 728 4994 5221
728 870 8830 8972
870 1056 9744 9930
1056 1204 14232 14380
1204 1370 15948 16114
1370 1429 18200 18259
1429 1540 21374 21485
1540 1716 22100 22276
1716 1836 22678 22798
1836 1975 23049 23188
1975 2066 23734 23825
2066 2206 24923 25063
2206 2323 28212 28329
2323 2504 29351 29532
2504 2671 29914 30081
2671 2805 32862 32996
2805 2929 35057 35181
2929 3003 38736 38810
3003 3165 39622 39784
3165 3279 40224 40338
3279 3354 41597 41672
3354 3446 45630 45722
3446 3558 46422 46534
3558 3676 47804 47922
3676 3768 49017 49109
3768 3908 49609 49749
3908 3984 50203 50279
3984 4079 50352 50447
4079 4199 51752 51872
4199 4326 52295 52422
4326 4359 55848 55881
4359 4449 55911 56001

>ENSUMAT00000012194
0 96 0 96
96 299 1622 1825
299 494 2881 3076
494 540 4574 4620
540 767 4994 5221
767 909 8830 8972
909 1095 9744 9930
1095 1243 14232 14380
1243 1403 15954 16114
1403 1462 18200 18259
1462 1573 21374 21485
1573 1749 22100 22276
1749 1869 22678 22798
1869 2008 23049 23188
2008 2099 23734 23825
2099 2239 24923 25063
2239 2356 28212 28329
2356 2525 29363 29532
2525 2692 29914 30081
2692 2826 32862 32996
2826 2968 35057 35199
2968 3042 38736 38810
3042 3241 39622 39821
3241 3334 40249 40342
3334 3423 41841 41930
3423 3456 45579 45612
3456 3536 45642 45722
3536 3657 46422 46543
3657 3775 47804 47922
3775 3867 49017 49109
3867 4007 49609 49749
4007 4083 50203 50279
4083 4178 50352 50447
4178 4298 51752 51872
4298 4439 52295 52436
4439 4554 53843 53958

>ENSUAMT00000037485
0 50 0 50
50 171 750 871
171 289 2132 2250
289 381 3345 3437
381 560 3898 4077
560 636 4531 4607
636 731 4680 4775
731 851 9773 9893
851 992 10322 10463
992 1072 11858 11938
1072 1164 13712 13804

>ENSAMET00000011468
0 96 0 96
96 295 1604 1803
295 457 2852 3014
457 561 4493 4597
561 788 4971 5198
788 930 8347 8489
930 1116 9263 9449
1116 1264 13695 13843
1264 1430 15201 15367
1430 1489 17450 17509
1489 1600 20686 20797
1600 1776 21411 21587
1776 1896 21790 21910
1896 2035 22149 22288
2035 2126 22831 22922
2126 2266 24030 24170
2266 2383 27319 27436
2383 2564 28457 28638
2564 2731 29020 29187
2731 2865 31938 32072
2865 3003 34124 34262
3003 3111 37750 37858
3111 3285 38674 38848
3285 3399 39282 39396
3399 3516 41640 41757
3516 3594 43321 43399
3594 3686 44685 44777
3686 3807 45473 45594
3807 3925 46850 46968
3925 4020 48063 48158
4020 4199 48612 48791
4199 4275 49245 49321
4275 4370 49394 49489
4370 4490 50803 50923
4490 4631 51344 51485
4631 4711 52888 52968
4711 4767 54757 54813
4767 4869 54944 55046

