>ENSCMIT00000000801
0 218 0 218
218 510 2091 2383
510 1415 3352 4257
1415 1608 4902 5095
1608 1732 5575 5699
1732 2706 6147 7121
2706 2820 7208 7322

>ENSCHAT00000036469
0 132 0 132
132 269 374 511
269 561 1198 1490
561 1449 1771 2659
1449 1692 3255 3498
1692 1822 4121 4251
1822 2244 5035 5457
2244 2802 5553 6111

>ENSCHAT00000036512
0 242 269 511
242 534 1198 1490
534 1422 1771 2659
1422 1653 3255 3486
1653 1783 4121 4251
1783 2196 5035 5448
2196 2214 5505 5523
2214 2760 5565 6111

>ENSDCDT00000070634
0 242 160 402
242 534 1719 2011
534 1413 2082 2961
1413 1641 3395 3623
1641 1765 3787 3911
1765 2859 5076 6170

>ENSEEET00000022029
0 242 0 242
242 534 1584 1876
534 1407 2193 3066
1407 1635 3289 3517
1635 1759 3979 4103
1759 2148 4553 4942
2148 2733 5047 5632

>ENSEEET00000022223
0 258 1618 1876
258 868 2193 2803
868 1107 2833 3072
1107 1326 3289 3508
1326 1450 3979 4103
1450 1815 4553 4918
1815 2400 5047 5632

>ENSIPUT00000023365
0 242 0 242
242 539 2218 2515
539 1413 3964 4838
1413 1602 5199 5388
1602 1739 5856 5993
1739 2130 6719 7110
2130 2664 7239 7773

>ENSAMXT00000044938
0 242 193 435
242 534 2917 3209
534 1416 3903 4785
1416 1644 7953 8181
1644 1768 8326 8450
1768 2859 8605 9696

