>Y34D9A.7a.1
0 207 10 217
207 777 1882 2452
777 1014 4868 5105
1014 1245 6482 6713

>Y34D9A.7b.1
0 432 2020 2452
432 669 4868 5105
669 900 6482 6713

>Y34D9A.7c.1
0 3 5102 5105
3 234 6482 6713

>ZK632.11.1
0 83 3 86
83 150 133 200
150 230 246 326
230 327 379 476
327 611 526 810
611 756 858 1003
756 966 1047 1257
966 1362 1302 1698

>FBtr0072344
0 183 20976 21159
183 855 21214 21886
855 975 21937 22057
975 1659 22113 22797

>FBtr0300490
0 183 20976 21159
183 855 21214 21886
855 975 21937 22057
975 1659 22113 22797

