>ENSARWT00000030846
0 30 11335 11365
30 109 12180 12259
109 279 24474 24644
279 465 28204 28390
465 579 30170 30284
579 657 56688 56766
657 765 72782 72890
765 858 91840 91933
858 927 92113 92182
927 1104 93049 93226
1104 1362 106405 106663

>ENSAOWT00000019254
0 36 0 36
36 163 3152 3279
163 206 14489 14532
206 285 15351 15430
285 474 31418 31607
474 588 33388 33502
588 666 59868 59946
666 774 75915 76023
774 867 94928 95021
867 936 95201 95270
936 1113 96108 96285
1113 1458 109475 109820

>ENSAOWT00000019257
0 36 0 36
36 163 3152 3279
163 206 14489 14532
206 285 15351 15430
285 474 31418 31607
474 588 33388 33502
588 666 59868 59946
666 774 75915 76023
774 822 85714 85762

>ENSAOWT00000019262
0 30 14502 14532
30 109 15351 15430
109 279 27792 27962
279 468 31418 31607
468 582 33388 33502
582 660 59868 59946
660 768 75915 76023
768 861 94928 95021
861 930 95201 95270
930 1107 96108 96285
1107 1452 109475 109820

>ENSAHAT00000029768
0 30 0 30
30 109 850 929
109 279 13189 13359
279 468 16815 17004
468 582 18785 18899
582 690 61425 61533
690 783 80465 80558
783 852 80738 80807
852 1029 81649 81826
1029 1143 95005 95119
1143 1266 143070 143193

>ENSAHAT00000029770
0 30 0 30
30 109 850 929
109 279 13189 13359
279 468 16815 17004
468 582 18785 18899
582 660 45369 45447
660 768 61425 61533
768 861 80465 80558
861 930 80738 80807
930 1107 81649 81826
1107 1221 95005 95119
1221 1227 134373 134379

>ENSAHAT00000029772
0 30 0 30
30 109 850 929
109 279 13189 13359
279 468 16815 17004
468 582 18785 18899
582 660 45369 45447
660 768 61425 61533
768 861 80465 80558
861 930 80738 80807
930 1107 81649 81826
1107 1278 88354 88525

>ENSAHAT00000029775
0 46 883 929
46 216 13189 13359
216 405 16815 17004
405 519 18785 18899
519 597 45369 45447
597 705 61425 61533
705 798 80465 80558
798 867 80738 80807
867 1044 81649 81826
1044 1158 95005 95119
1158 1281 143070 143193

>ENSDNVT00000006906
0 30 24907 24937
30 109 25778 25857
109 279 38023 38193
279 468 41558 41747
468 573 43531 43636
573 651 66454 66532
651 759 82304 82412
759 852 97650 97743
852 921 97920 97989
921 1098 100401 100578
1098 1212 112923 113037
1212 1335 156638 156761

>ENSDNVT00000006919
0 30 24907 24937
30 109 25778 25857
109 279 38023 38193
279 468 41558 41747
468 573 43531 43636
573 651 66454 66532
651 759 82304 82412
759 852 97650 97743
852 921 97920 97989
921 1098 100401 100578
1098 1212 112923 113037
1212 1305 123209 123302

>ENSDNVT00000006933
0 30 24907 24937
30 109 25778 25857
109 279 38023 38193
279 468 41558 41747
468 573 43531 43636
573 651 66454 66532
651 759 82304 82412
759 852 97650 97743
852 921 97920 97989
921 1098 100401 100578
1098 1212 112923 113037
1212 1227 116110 116125

>ENSDNVT00000006945
0 30 24907 24937
30 109 25778 25857
109 279 38023 38193
279 468 41558 41747
468 573 43531 43636
573 651 66454 66532
651 759 82304 82412
759 783 93827 93851

>ENSDNVT00000006953
0 30 24907 24937
30 109 25778 25857
109 279 38023 38193
279 468 41558 41747
468 573 43531 43636
573 651 66454 66532
651 759 82304 82412
759 852 97650 97743
852 921 97920 97989
921 1098 100401 100578
1098 1212 112923 113037
1212 1335 156638 156761

>ENSDNVT00000006967
0 30 24907 24937
30 109 25778 25857
109 279 38023 38193
279 468 41558 41747
468 573 43531 43636
573 681 82304 82412
681 774 97650 97743
774 843 97920 97989
843 1020 100401 100578
1020 1134 112923 113037
1134 1257 156638 156761

