>ENST00000533250
0 77 177 254
77 139 1017 1079
139 207 1324 1392
207 840 1620 2253

>ENST00000528972
0 77 177 254
77 139 1017 1079
139 207 1324 1392
207 840 1620 2253

>ENSGGOT00000056914
0 77 178 255
77 139 1030 1092
139 207 1337 1405
207 840 1632 2265

>ENSNLET00000020022
0 77 0 77
77 139 860 922
139 207 1167 1235
207 405 1463 1661
405 831 1662 2088

>ENSRBIT00000057023
0 77 599 676
77 139 1441 1503
139 207 1745 1813
207 912 2041 2746

>ENSRROT00000000988
0 77 179 256
77 139 1021 1083
139 207 1325 1393
207 840 1621 2254

