>FBtr0070061
0 107 695 802
107 857 1534 2284
857 2343 2435 3921
2343 2772 3990 4419

>FBtr0070058
0 107 695 802
107 857 1534 2284
857 2343 2435 3921
2343 2772 3990 4419

>FBtr0070060
0 107 695 802
107 857 1534 2284
857 2343 2435 3921
2343 2772 3990 4419

>FBtr0070059
0 107 695 802
107 857 1534 2284
857 2343 2435 3921
2343 2772 3990 4419

>FBtr0070062
0 107 695 802
107 857 1534 2284
857 2343 2435 3921
2343 2772 3990 4419

>F52D1.1.1
0 95 3 98
95 329 665 899
329 668 1429 1768
668 1314 1811 2457
1314 1737 3401 3824
1737 1929 3909 4101
1929 2275 4403 4749
2275 2462 4810 4997
2462 2712 5883 6133

>YBR229C_mRNA
0 2865 0 2865

