>ENSAOWT00000030788
0 167 929 1096
167 293 1937 2063
293 448 3409 3564
448 495 5030 5077
495 628 6566 6699
628 783 11366 11521
783 924 14338 14479
924 1270 14744 15090
1270 1411 15482 15623
1411 1476 18074 18139
1476 1668 18220 18412
1668 1792 19006 19130
1792 1923 20677 20808
1923 2965 22009 23051
2965 3092 23157 23284
3092 3261 24747 24916
3261 4153 27578 28470
4153 4302 29460 29609
4302 4533 30456 30687
4533 4659 32141 32267
4659 4803 32648 32792
4803 4867 32989 33053
4867 5007 33720 33860
5007 5100 33981 34074
5100 5216 37052 37168
5216 5393 39536 39713
5393 5484 42037 42128
5484 5661 43494 43671
5661 5922 44213 44474
5922 6038 44669 44785
6038 6148 46919 47029
6148 6290 52237 52379
6290 6463 54836 55009
6463 6587 55381 55505
6587 6693 58716 58822
6693 6898 60295 60500
6898 6978 61707 61787
6978 7074 62674 62770
7074 7194 64309 64429
7194 7316 68803 68925
7316 7440 69647 69771
7440 7499 70283 70342
7499 7638 75157 75296

>ENSAHAT00000023899
0 167 0 167
167 293 1013 1139
293 529 10349 10585
529 618 10660 10749
618 778 14524 14684
778 843 17138 17203
843 1035 17284 17476
1035 1182 18072 18219
1182 1848 21058 21724
1848 2029 21916 22097
2029 2156 22206 22333
2156 2343 23796 23983
2343 3221 26685 27563
3221 3411 28551 28741
3411 3621 29579 29789
3621 3747 31245 31371
3747 3891 31752 31896
3891 3955 32093 32157
3955 4095 32824 32964
4095 4192 33085 33182
4192 4301 36163 36272
4301 4478 38223 38400
4478 4569 40729 40820
4569 4746 42186 42363
4746 5007 42901 43162
5007 5123 43357 43473
5123 5291 50427 50595
5291 5464 53051 53224
5464 5588 53597 53721
5588 5691 56934 57037
5691 5896 58509 58714
5896 5976 59920 60000
5976 6072 60887 60983
6072 6189 62521 62638
6189 6311 67014 67136
6311 6435 67858 67982
6435 6494 68494 68553
6494 6633 73368 73507

>ENSAHAT00000023920
0 167 0 167
167 293 1013 1139
293 529 10349 10585
529 694 14519 14684
694 759 17138 17203
759 951 17284 17476
951 1108 18072 18229
1108 1585 21074 21551
1585 1738 21599 21752
1738 1885 21953 22100
1885 2012 22206 22333
2012 2181 23796 23965
2181 3050 26685 27554
3050 3240 28551 28741
3240 3450 29579 29789
3450 3576 31245 31371
3576 3720 31752 31896
3720 3745 32751 32776
3745 3885 32824 32964
3885 3978 33085 33178
3978 4094 36156 36272
4094 4271 38223 38400
4271 4362 40729 40820
4362 4539 42186 42363
4539 4800 42901 43162
4800 4916 43357 43473
4916 5023 45605 45712
5023 5146 50453 50576
5146 5159 50770 50783
5159 5332 53051 53224
5332 5447 53606 53721
5447 5550 56934 57037
5550 5755 58509 58714
5755 5835 59920 60000
5835 5931 60887 60983
5931 6051 62521 62641
6051 6173 67014 67136
6173 6297 67858 67982
6297 6356 68494 68553
6356 6495 73368 73507

>ENSAHAT00000023949
0 167 0 167
167 293 1013 1139
293 529 10349 10585
529 694 14519 14684
694 759 17138 17203
759 951 17284 17476
951 1122 18072 18243
1122 1563 21058 21499
1563 1688 22208 22333
1688 2564 26687 27563
2564 2751 28554 28741
2751 2961 29579 29789
2961 3087 31245 31371
3087 3231 31752 31896
3231 3295 32093 32157
3295 3435 32824 32964
3435 3532 33085 33182
3532 3641 36163 36272
3641 3818 38223 38400
3818 3909 40729 40820
3909 4086 42186 42363
4086 4351 42901 43166
4351 4433 43391 43473
4433 4533 50427 50527
4533 4583 50733 50783
4583 4756 53051 53224
4756 4880 53597 53721
4880 4986 56931 57037
4986 5191 58509 58714
5191 5271 59920 60000
5271 5367 60887 60983
5367 5484 62521 62638
5484 5606 67014 67136
5606 5730 67858 67982
5730 5789 68494 68553
5789 5928 73368 73507

>ENSAHAT00000023953
0 192 13883 14075
192 352 14524 14684
352 417 17138 17203
417 564 18072 18219
564 1142 21058 21636
1142 1315 21924 22097
1315 1442 22206 22333
1442 1629 23796 23983
1629 2507 26685 27563
2507 2697 28551 28741
2697 2907 29579 29789
2907 3033 31245 31371
3033 3177 31752 31896
3177 3241 32093 32157
3241 3381 32824 32964
3381 3478 33085 33182
3478 3587 36163 36272
3587 3764 38223 38400
3764 3855 40729 40820
3855 4032 42186 42363
4032 4293 42901 43162
4293 4409 43357 43473
4409 4577 50427 50595
4577 4750 53051 53224
4750 4874 53597 53721
4874 4977 56934 57037
4977 5182 58509 58714
5182 5262 59920 60000
5262 5358 60887 60983
5358 5475 62521 62638
5475 5597 67014 67136
5597 5721 67858 67982
5721 5780 68494 68553
5780 5919 73368 73507

>ENSARWT00000026737
0 167 928 1095
167 293 1941 2067
293 448 3438 3593
448 495 5055 5102
495 628 6600 6733
628 783 11380 11535
783 924 14367 14508
924 1270 14773 15119
1270 1411 15511 15652
1411 1476 18110 18175
1476 1668 18256 18448
1668 1792 19044 19168
1792 1923 20713 20844
1923 2965 22041 23083
2965 3092 23189 23316
3092 3261 24783 24952
3261 4153 27754 28646
4153 4302 29656 29805
4302 4533 30640 30871
4533 4659 32330 32456
4659 4803 32837 32981
4803 4867 33178 33242
4867 5007 33904 34044
5007 5100 34169 34262
5100 5216 37238 37354
5216 5393 39533 39710
5393 5484 42035 42126
5484 5661 43493 43670
5661 5922 44203 44464
5922 6038 44659 44775
6038 6148 46907 47017
6148 6290 51805 51947
6290 6463 54362 54535
6463 6587 54908 55032
6587 6693 58304 58410
6693 6898 59884 60089
6898 6978 61296 61376
6978 7074 62263 62359
7074 7194 63902 64022
7194 7316 68400 68522
7316 7440 69244 69368
7440 7499 69880 69939
7499 7638 74760 74899

>ENSARWT00000026738
0 167 928 1095
167 293 1941 2067
293 448 3438 3593
448 495 5055 5102
495 628 6600 6733
628 783 11380 11535
783 924 14367 14508
924 1270 14773 15119
1270 1411 15511 15652
1411 1476 18110 18175
1476 1668 18256 18448
1668 1792 19044 19168
1792 1923 20713 20844
1923 2965 22041 23083
2965 3092 23189 23316
3092 3261 24783 24952
3261 4153 27754 28646
4153 4302 29656 29805
4302 4533 30640 30871
4533 4659 32330 32456
4659 4803 32837 32981
4803 4867 33178 33242
4867 5007 33904 34044
5007 5100 34169 34262
5100 5216 37238 37354
5216 5393 39533 39710
5393 5484 42035 42126
5484 5661 43493 43670
5661 5922 44203 44464
5922 6038 44659 44775
6038 6148 46907 47017
6148 6290 51805 51947
6290 6463 54362 54535
6463 6587 54908 55032
6587 6693 58304 58410
6693 6898 59884 60089
6898 6978 61296 61376
6978 7098 63902 64022
7098 7220 68400 68522
7220 7344 69244 69368
7344 7403 69880 69939
7403 7542 74760 74899

>ENSARWT00000026739
0 167 928 1095
167 293 1941 2067
293 448 3438 3593
448 495 5055 5102
495 628 6600 6733
628 783 11380 11535
783 924 14367 14508
924 1270 14773 15119
1270 1411 15511 15652
1411 1476 18110 18175
1476 1668 18256 18448
1668 1792 19044 19168
1792 1923 20713 20844
1923 2965 22041 23083
2965 3092 23189 23316
3092 3261 24783 24952
3261 4153 27754 28646
4153 4302 29656 29805
4302 4533 30640 30871
4533 4659 32330 32456
4659 4803 32837 32981
4803 4867 33178 33242
4867 5007 33904 34044
5007 5100 34169 34262
5100 5216 37238 37354
5216 5393 39533 39710
5393 5484 42035 42126
5484 5745 44203 44464
5745 5861 44659 44775
5861 5971 46907 47017
5971 6113 51805 51947
6113 6286 54362 54535
6286 6410 54908 55032
6410 6516 58304 58410
6516 6721 59884 60089
6721 6801 61296 61376
6801 6897 62263 62359
6897 7017 63902 64022
7017 7139 68400 68522
7139 7263 69244 69368
7263 7322 69880 69939
7322 7461 74760 74899

>ENSARWT00000026740
0 167 928 1095
167 293 1941 2067
293 448 3438 3593
448 495 5055 5102
495 628 6600 6733
628 783 11380 11535
783 924 14367 14508
924 1270 14773 15119
1270 1411 15511 15652
1411 1476 18110 18175
1476 1668 18256 18448
1668 1792 19044 19168
1792 1923 20713 20844
1923 2965 22041 23083
2965 3092 23189 23316
3092 3261 24783 24952
3261 4153 27754 28646
4153 4302 29656 29805
4302 4533 30640 30871
4533 4659 32330 32456
4659 4803 32837 32981
4803 4867 33178 33242
4867 5007 33904 34044
5007 5100 34169 34262
5100 5216 37238 37354
5216 5393 39533 39710
5393 5484 42035 42126
5484 5661 43493 43670
5661 5922 44203 44464
5922 6038 44659 44775
6038 6211 54362 54535
6211 6335 54908 55032
6335 6441 58304 58410
6441 6646 59884 60089
6646 6726 61296 61376
6726 6822 62263 62359
6822 6942 63902 64022
6942 7064 68400 68522
7064 7188 69244 69368
7188 7247 69880 69939
7247 7386 74760 74899

>ENSDNVT00000017288
0 167 1045 1212
167 293 1820 1946
293 448 3418 3573
448 495 5037 5084
495 628 6587 6720
628 783 11342 11497
783 924 14313 14454
924 1270 14719 15065
1270 1411 15311 15452
1411 1476 17915 17980
1476 1668 18061 18253
1668 1792 18864 18988
1792 1923 20731 20862
1923 2965 22080 23122
2965 3092 23230 23357
3092 3261 24810 24979
3261 4114 27536 28389
4114 4263 30305 30454
4263 4494 31288 31519
4494 4620 32988 33114
4620 4764 33497 33641
4764 4828 33831 33895
4828 4968 34342 34482
4968 5061 34627 34720
5061 5174 37701 37814
5174 5351 39984 40161
5351 5442 42469 42560
5442 5619 43923 44100
5619 5880 44677 44938
5880 5999 45138 45257
5999 6109 47415 47525
6109 6251 51092 51234
6251 6421 53480 53650
6421 6545 54017 54141
6545 6651 57345 57451
6651 6856 59095 59300
6856 6936 60486 60566
6936 7032 61454 61550
7032 7152 63071 63191
7152 7274 67570 67692
7274 7398 68415 68539
7398 7457 69342 69401
7457 7596 72542 72681

>ENSDNVT00000017319
0 167 1045 1212
167 293 1820 1946
293 448 3418 3573
448 495 5037 5084
495 628 6587 6720
628 783 11342 11497
783 924 14313 14454
924 1270 14719 15065
1270 1411 15311 15452
1411 1476 17915 17980
1476 1668 18061 18253
1668 1792 18864 18988
1792 1923 20731 20862
1923 2965 22080 23122
2965 3092 23230 23357
3092 3261 24810 24979
3261 4114 27536 28389
4114 4263 30305 30454
4263 4494 31288 31519
4494 4620 32988 33114
4620 4764 33497 33641
4764 4828 33831 33895
4828 4968 34342 34482
4968 5061 34627 34720
5061 5174 37701 37814
5174 5351 39984 40161
5351 5442 42469 42560
5442 5619 43923 44100
5619 5880 44677 44938
5880 5999 45138 45257
5999 6109 47415 47525
6109 6251 51092 51234
6251 6421 53480 53650
6421 6545 54017 54141
6545 6651 57345 57451
6651 6856 59095 59300
6856 6936 60486 60566
6936 7032 61454 61550
7032 7152 63071 63191
7152 7274 67570 67692
7274 7398 68415 68539
7398 7457 69342 69401
7457 7596 72542 72681

>ENSDNVT00000017357
0 152 52039 52191
152 322 53480 53650
322 446 54017 54141
446 552 57345 57451
552 757 59095 59300
757 837 60486 60566
837 933 61454 61550
933 1053 63071 63191
1053 1175 67570 67692
1175 1299 68415 68539
1299 1358 69342 69401
1358 1497 72542 72681

