>FBtr0073011
0 63 3003 3066
63 218 3122 3277
218 482 5214 5478
482 995 5758 6271
995 1161 7907 8073

>FBtr0085146
0 66 861 927
66 144 2871 2949
144 202 3405 3463
202 557 3617 3972
557 732 4039 4214

>FBtr0085137
0 66 861 927
66 144 2871 2949
144 421 3186 3463
421 803 3590 3972
803 978 4039 4214

>FBtr0114372
0 66 861 927
66 222 3186 3342
222 280 3405 3463
280 635 3617 3972
635 810 4039 4214

>FBtr0112834
0 66 861 927
66 204 2575 2713
204 282 2871 2949
282 340 3405 3463
340 695 3617 3972
695 870 4039 4214

>FBtr0085145
0 66 861 927
66 124 3405 3463
124 506 3590 3972
506 681 4039 4214

>FBtr0085139
0 66 861 927
66 144 2871 2949
144 202 3405 3463
202 584 3590 3972
584 759 4039 4214

>FBtr0085138
0 66 861 927
66 343 3186 3463
343 725 3590 3972
725 900 4039 4214

>FBtr0085140
0 66 861 927
66 204 2575 2713
204 262 3405 3463
262 644 3590 3972
644 819 4039 4214

