>ENSCINT00000013586
0 107 12 119
107 227 527 647
227 336 1267 1376

>ENSCINT00000031603
0 477 0 477
477 653 711 887
653 753 3500 3600
753 866 4141 4254
866 1155 4721 5010

>FBtr0307028
0 854 8026 8880
854 2232 10204 11582

>FBtr0077492
0 854 8026 8880
854 2232 10204 11582

>FBtr0307029
0 854 8026 8880
854 2232 10204 11582

>FBtr0307027
0 854 8026 8880
854 2232 10204 11582

>FBtr0077491
0 854 8026 8880
854 2232 10204 11582

>FBtr0077493
0 854 8026 8880
854 2232 10204 11582

>FBtr0077490
0 854 8026 8880
854 2232 10204 11582

>FBtr0077558
0 1325 590 1915
1325 1734 2061 2470

