>ENSVURT00010022915
0 417 419 836
417 582 23551 23716
582 631 27438 27487
631 781 28006 28156
781 854 33170 33243
854 1049 34505 34700
1049 1131 37441 37523
1131 1242 39201 39312
1242 3255 43444 45457
3255 3386 46012 46143
3386 3510 47313 47437
3510 3690 50772 50952
3690 3820 52832 52962
3820 3945 54663 54788
3945 4131 56582 56768
4131 4257 58397 58523
4257 4371 63523 63637
4371 4485 64384 64498

>ENSVURT00010022925
0 417 419 836
417 582 23551 23716
582 631 27438 27487
631 781 28006 28156
781 854 33170 33243
854 1049 34505 34700
1049 1131 37441 37523
1131 1242 39201 39312
1242 3255 43444 45457
3255 3435 50772 50952
3435 3565 52832 52962
3565 3690 54663 54788
3690 3876 56582 56768
3876 4002 58397 58523
4002 4116 63523 63637
4116 4230 64384 64498

>ENSPCIT00000015704
0 147 0 147
147 312 22307 22472
312 361 26171 26220
361 511 26824 26974
511 584 32119 32192
584 779 33448 33643
779 861 36309 36391
861 1005 38072 38216
1005 1307 41317 41619
1307 1511 45412 45616
1511 1635 46814 46938
1635 1791 50166 50322
1791 1921 52295 52425
1921 2060 54130 54269
2060 2226 56078 56244
2226 2352 57951 58077
2352 2466 62877 62991
2466 2706 67812 68052

>ENSMODT00000010903
0 1854 6203 8057
1854 1985 8440 8571
1985 2157 9610 9782

>ENSOANT00000040039
0 7 85 92
7 157 390 540
157 225 1297 1365

>ENSDNVT00000004954
0 147 0 147
147 316 1220 1389
316 496 2086 2266
496 569 2399 2472
569 764 2961 3156
764 846 3537 3619
846 970 3745 3869
970 1584 4408 5022
1584 1685 6815 6916
1685 1809 7243 7367
1809 2000 7518 7709
2000 2229 8020 8249
2229 2523 8324 8618
2523 2589 10468 10534

>ENSDNVT00000004963
0 147 0 147
147 316 1220 1389
316 496 2086 2266
496 569 2399 2472
569 764 2961 3156
764 846 3537 3619
846 973 3745 3872
973 1240 5362 5629
1240 1428 5668 5856
1428 1556 6788 6916
1556 1680 7243 7367
1680 1871 7518 7709
1871 2100 8020 8249
2100 2394 8324 8618
2394 2460 10468 10534

>ENSDNVT00000004981
0 194 2962 3156
194 276 3537 3619
276 393 3745 3862
393 2553 3999 6159

>ENSDNVT00000005019
0 194 2962 3156
194 276 3537 3619
276 393 3745 3862
393 2547 3999 6153
2547 2679 6785 6917

>ENSAHAT00000006975
0 147 0 147
147 312 1359 1524
312 361 2017 2066
361 511 2264 2414
511 584 2634 2707
584 779 3208 3403
779 861 3783 3865
861 975 3992 4106
975 3156 4242 6423
3156 3284 7113 7241
3284 3408 7688 7812
3408 3588 7963 8143
3588 3718 8269 8399
3718 3843 8587 8712
3843 4029 8787 8973
4029 4155 9253 9379
4155 4269 9465 9579
4269 4374 9701 9806

>ENSAOWT00000014130
0 147 164 311
147 312 1523 1688
312 361 2181 2230
361 511 2424 2574
511 584 2794 2867
584 779 3339 3534
779 861 3914 3996
861 975 4123 4237
975 3153 4373 6551
3153 3281 7241 7369
3281 3405 7816 7940
3405 3585 8091 8271
3585 3715 8397 8527
3715 3840 8715 8840
3840 4026 8915 9101
4026 4152 9381 9507
4152 4704 9593 10145

>ENSAOWT00000014137
0 147 164 311
147 312 1523 1688
312 361 2181 2230
361 511 2424 2574
511 584 2794 2867
584 779 3339 3534
779 861 3914 3996
861 975 4123 4237
975 3153 4373 6551
3153 3281 7241 7369
3281 3405 7816 7940
3405 3585 8091 8271
3585 3715 8397 8527
3715 3840 8715 8840
3840 4026 8915 9101
4026 4152 9381 9507
4152 4266 9593 9707
4266 4371 9829 9934

>ENSARWT00000030186
0 147 300 447
147 312 1671 1836
312 361 2329 2378
361 511 2575 2725
511 584 2945 3018
584 779 3519 3714
779 861 4094 4176
861 975 4303 4417
975 3153 4553 6731
3153 3284 7421 7552
3284 3408 8000 8124
3408 3588 8275 8455
3588 3718 8581 8711
3718 3843 8899 9024
3843 4029 9099 9285
4029 4155 9565 9691
4155 4269 9777 9891
4269 4374 10013 10118

