>F54D10.2.1
0 450 772 1222
450 660 1269 1479

>T12B5.13.1
0 15 0 15
15 237 96 318
237 293 364 420
293 410 669 786
410 589 836 1015
589 753 1081 1245

>Y119D3B.8.1
0 89 63 152
89 714 1865 2490
714 921 3272 3479

>T12B5.5.1
0 327 0 327
327 519 377 569

>Y119D3B.4.1
0 90 0 90
90 273 578 761

>Y119D3B.6.1
0 71 26 97
71 612 1120 1661
612 795 2149 2332

>Y119D3B.22.1
0 72 0 72
72 627 727 1282
627 810 1335 1518

>Y82E9BL.4.1
0 137 0 137
137 496 733 1092
496 600 1247 1351
600 804 1410 1614

>Y82E9BL.16.1
0 53 26 79
53 123 803 873
123 519 1027 1423
519 723 1717 1921

>Y82E9BL.19.1
0 570 40 610
570 783 1449 1662

