>C44B12.4.1
0 105 0 105
105 266 672 833
266 399 980 1113
399 490 1903 1994
490 639 2432 2581
639 863 2789 3013
863 921 3601 3659
921 978 3913 3970

>Y55F3AM.2.1
0 51 49 100
51 212 155 316
212 585 1188 1561
585 809 2486 2710
809 918 3132 3241

>C44B12.8.1
0 66 0 66
66 227 604 765
227 797 1192 1762
797 894 2180 2277

>K07C6.9.1
0 200 0 200
200 421 433 654
421 794 701 1074
794 897 1124 1227

>K07C6.8.1
0 200 0 200
200 421 250 471
421 794 522 895
794 882 942 1030

>C29F3.6.1
0 11 0 11
11 232 357 578
232 588 634 990
588 636 1040 1088

>K07C6.6.1
0 200 0 200
200 421 791 1012
421 794 1063 1436
794 903 1660 1769

>R13D7.4.1
0 39 0 39
39 200 84 245
200 421 288 509
421 594 731 904
594 776 949 1131
776 903 1178 1305

>K07C6.10.1
0 11 132 143
11 232 189 410
232 405 460 633
405 602 679 876
602 705 925 1028

>K07C6.11a.1
0 36 37 73
36 197 122 283
197 418 861 1082
418 591 1135 1308
591 791 1362 1562
791 900 1611 1720

>K07C6.11b.1
0 105 1203 1308
105 305 1362 1562
305 414 1611 1720

>C03G6.2.1
0 39 10 49
39 200 158 319
200 421 367 588
421 594 635 808
594 794 854 1054
794 897 1102 1205

>K09D9.10.1
0 51 0 51
51 212 115 276
212 433 324 545
433 606 600 773
606 806 816 1016
806 903 1062 1159

>K07C6.7.1
0 42 0 42
42 203 217 378
203 424 432 653
424 597 701 874
597 797 924 1124
797 909 1168 1280

>T07H8.3.1
0 206 0 206
206 427 423 644
427 600 691 864
600 800 912 1112
800 927 1156 1283

>E02C12.2.1
0 42 45 87
42 203 154 315
203 347 361 505
347 654 547 854
654 785 903 1034
785 954 1082 1251

>E02C12.3.1
0 39 0 39
39 200 205 366
200 347 410 557
347 654 697 1004
654 785 1051 1182
785 906 1225 1346

>C03A7.5.1
0 39 0 39
39 200 90 251
200 424 626 850
424 636 896 1108
636 767 1163 1294
767 885 1342 1460

>T06E6.3.1
0 116 0 116
116 340 285 509
340 552 559 771
552 683 1136 1267
683 819 1308 1444

>C03A7.6.1
0 39 0 39
39 200 81 242
200 424 307 531
424 636 575 787
636 767 829 960
767 873 1002 1108

>T01C4.4.1
0 39 0 39
39 200 85 246
200 597 339 736
597 657 780 840
657 885 978 1206

>T01C4.3.1
0 200 0 200
200 347 672 819
347 424 872 949
424 660 1000 1236
660 759 1282 1381
759 765 1439 1445

>T01C4.6.1
0 39 0 39
39 200 106 267
200 347 512 659
347 424 707 784
424 642 839 1057
642 903 1107 1368

>F31F4.3.1
0 39 0 39
39 200 83 244
200 794 730 1324
794 850 1371 1427
850 885 1468 1503

>F31F4.2.1
0 39 0 39
39 200 92 253
200 794 834 1428
794 850 1494 1550
850 885 1605 1640

>F31F4.4.1
0 39 534 573
39 200 734 895
200 794 946 1540
794 850 1750 1806
850 885 1852 1887

>T05A12.1.1
0 42 67 109
42 203 157 318
203 800 679 1276
800 859 1375 1434
859 894 1482 1517

>R13H7.1.1
0 39 0 39
39 200 90 251
200 791 342 933
791 861 977 1047

>C47A10.8.1
0 39 0 39
39 200 82 243
200 794 1294 1888
794 882 2602 2690

>F55B12.8.1
0 98 63 161
98 657 396 955
657 693 1300 1336

>T07H8.1.1
0 39 0 39
39 200 86 247
200 794 332 926
794 861 974 1041

>R13D11.9.1
0 39 0 39
39 200 84 245
200 347 306 453
347 800 583 1036
800 850 1097 1147
850 897 1197 1244

>F41H8.4.1
0 39 0 39
39 200 84 245
200 347 306 453
347 800 583 1036
800 850 1095 1145
850 897 1192 1239

>K06B4.9.1
0 39 0 39
39 200 95 256
200 347 301 448
347 800 819 1272
800 879 1336 1415

>R05D8.5.1
0 39 0 39
39 200 118 279
200 347 324 471
347 794 523 970
794 844 1420 1470
844 906 1514 1576

>R05D8.4.1
0 39 0 39
39 200 664 825
200 347 873 1020
347 803 1065 1521
803 853 1702 1752
853 906 1799 1852

>C24B9.16.1
0 39 0 39
39 200 770 931
200 347 979 1126
347 803 1171 1627
803 853 1807 1857
853 906 1902 1955

>T10H4.9.1
0 42 40 82
42 203 128 289
203 350 636 783
350 427 823 900
427 600 942 1115
600 800 1161 1361
800 862 1410 1472
862 933 1593 1664

>Y102A5C.22.1
0 42 0 42
42 203 87 248
203 350 290 437
350 427 711 788
427 600 834 1007
600 800 1049 1249
800 862 1299 1361
862 918 1443 1499

>Y43B11AL.2a.1
0 143 627 770
143 290 850 997
290 367 1048 1125
367 540 1177 1350
540 743 1432 1635
743 805 1683 1745
805 882 1792 1869

>Y43B11AL.2b.1
0 42 0 42
42 203 609 770
203 350 850 997
350 427 1048 1125
427 600 1177 1350
600 803 1432 1635
803 865 1683 1745
865 942 1792 1869

>T26H8.2.1
0 48 0 48
48 209 133 294
209 433 361 585
433 606 780 953
606 806 996 1196
806 912 1249 1355

>F59B1.7.1
0 93 0 93
93 254 244 405
254 401 457 604
401 478 1337 1414
478 654 1512 1688
654 922 1851 2119
922 987 2421 2486

>K01B6.2.1
0 72 0 72
72 233 458 619
233 341 817 925
341 460 1313 1432
460 557 1479 1576
557 875 1677 1995
875 971 2044 2140
971 1086 2548 2663

>C06B3.11.1
0 63 0 63
63 224 108 269
224 371 312 459
371 448 547 624
448 612 806 970
612 815 1013 1216
815 927 1263 1375

>T10C6.3.1
0 93 0 93
93 401 374 682
401 478 731 808
478 645 861 1028
645 708 1071 1134
708 848 1181 1321
848 960 1780 1892

