>ENSXMAT00000029533
0 12 0 12
12 366 1643 1997
366 625 3096 3355
625 892 3614 3881
892 933 8981 9022
933 1159 12442 12668
1159 1283 12749 12873
1283 1750 15841 16308
1750 2106 16994 17350
2106 2287 17448 17629
2287 2602 18442 18757
2602 2748 18838 18984
2748 2899 19715 19866
2899 3258 20516 20875

>ENSXMAT00000041838
0 12 0 12
12 366 1643 1997
366 625 3096 3355
625 892 3614 3881
892 933 8981 9022
933 1159 12442 12668
1159 1283 12749 12873
1283 1750 15841 16308
1750 2106 16994 17350
2106 2197 17448 17539
2197 2365 18179 18347
2365 2521 18514 18670
2521 2533 18745 18757
2533 2679 18838 18984
2679 2830 19715 19866
2830 3189 20516 20875

