>ENSCHAT00000025212
0 16 619 635
16 112 1043 1139
112 175 1280 1343
175 332 1468 1625
332 489 1786 1943
489 624 4168 4303
624 735 4427 4538
735 775 4654 4694
775 870 4930 5025
870 998 5116 5244
998 1267 6121 6390
1267 1358 6733 6824
1358 1636 6960 7238
1636 1764 7633 7761

>ENSDCDT00000013903
0 66 38 104
66 198 1533 1665
198 300 3993 4095
300 343 4157 4200
343 444 4287 4388
444 569 4471 4596
569 832 5309 5572
832 923 6185 6276
923 1201 6463 6741
1201 1320 6828 6947

>ENSPNAT00000023551
0 82 3057 3139
82 193 3512 3623
193 250 3712 3769
250 280 3907 3937
280 313 6353 6386
313 358 6654 6699
358 421 9026 9089
421 472 9195 9246
472 523 9354 9405
523 673 10600 10750
673 721 11102 11150
721 790 11278 11347
790 923 14044 14177
923 1086 14288 14451
1086 1221 15420 15555
1221 1332 15704 15815
1332 1375 17110 17153
1375 1479 18835 18939
1479 1601 20117 20239
1601 1867 21899 22165
1867 1958 23721 23812
1958 2266 24396 24704
2266 2391 26988 27113

>ENSPNAT00000023605
0 127 93 220
127 163 2881 2917
163 232 3834 3903
232 271 4103 4142
271 316 4284 4329
316 466 5893 6043
466 517 8718 8769
517 583 9107 9173
583 728 9340 9485
728 891 9607 9770
891 1026 11080 11215
1026 1137 11364 11475
1137 1177 12018 12058
1177 1281 14551 14655
1281 1403 16584 16706
1403 1669 18586 18852
1669 1760 19520 19611
1760 2065 21848 22153
2065 2190 24407 24532

>ENSPNAT00000023590
0 82 6569 6651
82 172 7728 7818
172 274 9132 9234
274 343 9330 9399
343 490 10081 10228
490 532 10875 10917
532 598 11082 11148
598 746 13355 13503
746 909 13622 13785
909 1044 16634 16769
1044 1155 17678 17789
1155 1195 21364 21404
1195 1299 21510 21614
1299 1421 23312 23434
1421 1687 25243 25509
1687 1778 26389 26480
1778 2086 28218 28526
2086 2217 29613 29744

