>ENSMZET00005039367
0 30 11381 11411
30 131 11496 11597
131 232 11681 11782
232 398 11859 12025
398 531 12244 12377
531 603 12987 13059
603 1282 14964 15643
1282 1933 16370 17021
1933 1974 17588 17629
1974 2641 18027 18694
2641 2718 18799 18876
2718 3144 19465 19891

>ENSMZET00005039370
0 33 0 33
33 45 63 75
45 150 219 324
150 234 724 808
234 300 4242 4308
300 382 6669 6751
382 537 8624 8779
537 568 8809 8840
568 664 9247 9343
664 729 11346 11411
729 830 11496 11597
830 955 11681 11806
955 1092 11934 12071

>ENSHBUT00000001865
0 60 424 484
60 736 2366 3042
736 1387 3766 4417
1387 1428 4986 5027
1428 2107 5431 6110
2107 2217 6215 6325

>ENSFHET00000019901
0 60 2024 2084
60 135 5170 5245
135 661 5374 5900
661 1234 8154 8727
1234 1275 9445 9486
1275 1933 9580 10238
1933 2037 10338 10442
2037 2460 21549 21972

