>ENSPTET00000020613
0 661 658 1319
661 2211 1672 3222
2211 2278 3690 3757
2278 2465 4006 4193
2465 2892 4349 4776

>ENSCCET00000001097
0 113 0 113
113 6297 2028 8212

>ENSDCDT00000066071
0 60 1181 1241
60 279 1641 1860
279 420 5268 5409
420 575 34704 34859
575 693 36049 36167
693 795 37026 37128
795 1008 37978 38191
1008 1170 38841 39003
1170 1251 39122 39203
1251 1321 39613 39683
1321 1454 44128 44261
1454 1635 44436 44617
1635 1927 45342 45634
1927 2012 46461 46546
2012 2120 46647 46755
2120 2274 47338 47492

>ENSDCDT00000066145
0 285 34294 34579
285 440 34704 34859
440 558 36049 36167
558 660 37026 37128
660 873 37978 38191
873 1035 38841 39003
1035 1116 39122 39203
1116 1186 39613 39683
1186 1319 44128 44261
1319 1500 44436 44617
1500 1792 45342 45634
1792 1877 46461 46546
1877 1985 46647 46755
1985 2139 47338 47492

>ENSCHAT00000027878
0 99 335 434
99 363 911 1175
363 444 6411 6492
444 599 38880 39035
599 717 39188 39306
717 819 40278 40380
819 1032 41038 41251
1032 1194 41498 41660
1194 1275 42114 42195
1275 1345 42749 42819
1345 1478 48217 48350
1478 1659 49507 49688
1659 1955 52036 52332
1955 2102 53092 53239
2102 2256 54329 54483

>ENSCHAT00000028125
0 59 38142 38201
59 69 38249 38259
69 81 38292 38304
81 236 38880 39035
236 354 39188 39306
354 456 40278 40380
456 669 41038 41251
669 831 41498 41660
831 912 42114 42195
912 982 42749 42819
982 1115 48217 48350
1115 1296 49507 49688
1296 1588 52036 52328
1588 1673 52873 52958
1673 1781 53131 53239
1781 1935 54329 54483

>ENSCHAT00000028196
0 85 38579 38664
85 275 38845 39035
275 393 39188 39306
393 495 40278 40380
495 708 41038 41251
708 870 41498 41660
870 951 42114 42195
951 1021 42749 42819
1021 1154 48217 48350
1154 1335 49507 49688
1335 1627 52036 52328
1627 1712 52873 52958
1712 1820 53131 53239
1820 1974 54329 54483

>ENSPNAT00000011110
0 153 323 476
153 405 1683 1935
405 564 12562 12721
564 719 61169 61324
719 837 61424 61542
837 939 63880 63982
939 1152 64475 64688
1152 1314 65098 65260
1314 1395 66263 66344
1395 1465 67399 67469
1465 1598 75387 75520
1598 1779 76693 76874
1779 2071 78146 78438
2071 2156 80234 80319
2156 2264 80476 80584
2264 2418 81083 81237

>ENSAMXT00000011870
0 224 0 224
224 363 2305 2444
363 465 5328 5430
465 678 7006 7219
678 840 14081 14243
840 899 15125 15184
899 970 17418 17489
970 1103 23015 23148
1103 1284 23604 23785
1284 1576 25112 25404
1576 1611 26515 26550
1611 1640 26607 26636
1640 1748 26729 26837
1748 1902 27334 27488

>ENSIPUT00000018845
0 90 87 177
90 312 532 754
312 471 12144 12303
471 626 41950 42105
626 744 42418 42536
744 846 43292 43394
846 1059 43899 44112
1059 1221 44332 44494
1221 1302 44720 44801
1302 1372 45974 46044
1372 1505 49794 49927
1505 1686 50712 50893
1686 1978 51429 51721
1978 2063 52409 52494
2063 2171 52622 52730
2171 2325 53161 53315

>ENSEEET00000007502
0 162 0 162
162 407 791 1036
407 525 1165 1283
525 627 2044 2146
627 840 2740 2953
840 1002 3452 3614
1002 1090 3849 3937
1090 1135 3967 4012
1135 1250 8592 8707
1250 1431 9305 9486
1431 1723 10355 10647
1723 1808 10870 10955
1808 1916 11710 11818
1916 2070 12137 12291

>ENSEEET00000007507
0 120 0 120
120 365 791 1036
365 483 1165 1283
483 585 2044 2146
585 798 2740 2953
798 960 3452 3614
960 1041 3849 3930
1041 1111 4714 4784
1111 1244 8574 8707
1244 1425 9305 9486
1425 1717 10355 10647
1717 1802 10870 10955
1802 1910 11710 11818
1910 2154 11863 12107

>ENSEEET00000007509
0 177 519 696
177 422 791 1036
422 540 1165 1283
540 642 2044 2146
642 855 2740 2953
855 1017 3452 3614
1017 1098 3849 3930
1098 1168 4714 4784
1168 1301 8574 8707
1301 1482 9305 9486
1482 1774 10355 10647
1774 1859 10870 10955
1859 1967 11710 11818
1967 2121 12137 12291

>ENSEEET00000007513
0 102 771 873
102 212 926 1036
212 330 1165 1283
330 432 2044 2146
432 645 2740 2953
645 807 3452 3614
807 888 3849 3930
888 958 4714 4784
958 1091 8574 8707
1091 1272 9305 9486
1272 1564 10355 10647
1564 1649 10870 10955
1649 1757 11710 11818
1757 2001 11863 12107

