>ENSCCNT00000020762
0 142 171 313
142 333 660 851
333 440 1198 1305
440 546 1920 2026
546 599 2170 2223
599 690 2304 2395
690 831 3051 3192

>ENSCCNT00000020787
0 163 171 334
163 354 660 851
354 461 1198 1305
461 514 2170 2223
514 605 2304 2395
605 717 3051 3163

>ENSDORT00000033915
0 163 275 438
163 354 759 950
354 461 1365 1472
461 567 2194 2300
567 620 2463 2516
620 711 2599 2690
711 852 3454 3595

>ENSJJAT00000015249
0 142 279 421
142 333 756 947
333 440 1409 1516
440 546 2556 2662
546 599 2818 2871
599 690 2966 3057
690 834 4767 4911

>ENSUPAT00010011395
0 142 142 284
142 333 620 811
333 440 1145 1252
440 546 1834 1940
546 599 2113 2166
599 690 2255 2346
690 834 2794 2938

>ENSUPAT00010011427
0 163 142 305
163 354 620 811
354 461 1145 1252
461 514 2113 2166
514 605 2255 2346
605 717 2794 2906

>ENSSTOT00000038696
0 142 277 419
142 333 755 946
333 440 1284 1391
440 546 1975 2081
546 599 2239 2292
599 690 2381 2472
690 834 2920 3064

>ENSSTOT00000010118
0 163 277 440
163 354 755 946
354 461 1284 1391
461 514 2239 2292
514 605 2381 2472
605 717 2920 3032

