>B0464.2a.1
0 72 18 90
72 1023 912 1863
1023 1965 2206 3148
1965 3205 3294 4534
3205 3358 4580 4733
3358 3453 5137 5232

>B0464.2d.1
0 72 18 90
72 621 251 800

>FBtr0071969
0 36 5115 5151
36 1589 5232 6785
1589 1806 6872 7089
1806 2264 7153 7611
2264 2766 7672 8174

>ENSCLAT00000024872
0 45 411 456
45 144 1628 1727
144 384 3658 3898
384 502 4607 4725
502 592 5178 5268
592 741 8044 8193
741 849 8890 8998
849 957 10403 10511
957 1194 10637 10874
1194 1284 11264 11354
1284 1413 11465 11594
1413 1597 11708 11892
1597 1686 15155 15244
1686 1872 16011 16197
1872 1960 16285 16373
1960 2109 16552 16701
2109 2226 18296 18413
2226 2372 18568 18714
2372 2444 19741 19813
2444 2580 20328 20464
2580 2724 20614 20758
2724 2879 21719 21874
2879 2976 22845 22942
2976 3089 23231 23344
3089 3543 25132 25586

>ENSODET00000010129
0 45 0 45
45 144 1299 1398
144 384 3750 3990
384 502 5237 5355
502 592 5796 5886
592 741 10656 10805
741 849 11356 11464
849 957 13872 13980
957 1194 14103 14340
1194 1284 14712 14802
1284 1413 14909 15038
1413 1597 15149 15333
1597 1686 17177 17266
1686 1872 18099 18285
1872 1960 18366 18454
1960 2109 18633 18782
2109 2226 20506 20623
2226 2372 20780 20926
2372 2444 23710 23782
2444 2580 24276 24412
2580 2724 24553 24697
2724 2879 25478 25633
2879 2973 26472 26566
2973 3086 26732 26845
3086 3235 29207 29356
3235 3525 29374 29664

>ENSCPOT00000009101
0 45 870 915
45 144 2120 2219
144 384 4403 4643
384 502 4968 5086
502 592 5577 5667
592 741 8222 8371
741 849 8836 8944
849 957 9855 9963
957 1194 10075 10312
1194 1284 10668 10758
1284 1413 10868 10997
1413 1597 11110 11294
1597 1686 13698 13787
1686 1872 14519 14705
1872 1960 14951 15039
1960 2109 15197 15346
2109 2226 17011 17128
2226 2372 17280 17426
2372 2444 18707 18779
2444 2580 19275 19411
2580 2724 19540 19684
2724 2879 20580 20735
2879 2976 21628 21725
2976 3089 21883 21996
3089 3522 24212 24645

