>ENSCHAT00000041942
0 215 3 218
215 361 481 627
361 514 754 907
514 652 984 1122
652 951 1305 1604
951 1128 1717 1894
1128 1288 2263 2423
1288 1445 2584 2741
1445 1611 3578 3744
1611 1678 3860 3927
1678 1710 3997 4029
1710 2022 4322 4634
2022 2144 4794 4916
2144 2346 5180 5382

>ENSCHAT00000041996
0 163 464 627
163 316 754 907
316 454 984 1122
454 753 1305 1604
753 930 1717 1894
930 1086 2263 2419
1086 1164 2510 2588
1164 1383 3525 3744
1383 1450 3860 3927
1450 1517 4299 4366
1517 1752 4399 4634
1752 1874 4794 4916
1874 2076 5180 5382

>ENSCGOT00000004076
0 86 670 756
86 262 2152 2328
262 402 3049 3189
402 541 3325 3464
541 732 3592 3783
732 862 4431 4561
862 1036 4671 4845
1036 1101 4949 5014
1101 1249 5099 5247
1249 1332 6563 6646

>ENSCGOT00000004122
0 86 670 756
86 262 2152 2328
262 402 3049 3189
402 541 3325 3464
541 732 3592 3783
732 862 4431 4561
862 1068 4671 4877
1068 1216 5099 5247
1216 1299 6563 6646

>ENSPCIT00000052944
0 262 0 262
262 415 341 494
415 556 688 829
556 855 5352 5651
855 1035 6036 6216
1035 1194 9261 9420
1194 1290 9630 9726
1290 1361 10393 10464
1361 1527 11841 12007
1527 1594 16236 16303
1594 1911 16507 16824
1911 2039 18215 18343
2039 2155 22716 22832
2155 2328 24550 24723

>ENSPCIT00000032844
0 120 5531 5651
120 300 6036 6216
300 459 9261 9420
459 555 9630 9726
555 626 10393 10464
626 792 11841 12007
792 859 16236 16303
859 1176 16507 16824
1176 1304 18215 18343
1304 1420 22716 22832
1420 1582 24550 24712
1582 1602 27776 27796

>ENSMEUT00000014821
0 236 0 236
236 403 858 1025
403 556 1107 1260
556 697 1427 1568
697 908 5972 6183
908 996 6287 6375
996 1029 6475 6508
1029 1209 6608 6788
1209 1368 8336 8495
1368 1464 8689 8785
1464 1535 9305 9376
1535 1701 10750 10916
1701 1768 14418 14485
1768 1832 14708 14772
1832 1836 14776 14780
1836 2079 14782 15025
2079 2207 16442 16570
2207 2322 20590 20705

>ENSPTRT00000080273
0 284 5360 5644
284 451 6357 6524
451 604 6593 6746
604 745 7316 7457
745 1044 7603 7902
1044 1224 9339 9519
1224 1383 11811 11970
1383 1476 14290 14383
1476 1547 17206 17277
1547 1713 19936 20102
1713 1780 20508 20575
1780 2103 25111 25434
2103 2231 26797 26925
2231 2347 27407 27523
2347 2520 31955 32128

>ENSPTRT00000076968
0 284 5360 5644
284 451 6357 6524
451 604 6593 6746
604 745 7316 7457
745 1044 7603 7902
1044 1203 11811 11970
1203 1296 14290 14383
1296 1367 17206 17277
1367 1533 19936 20102
1533 1600 20508 20575
1600 1923 25111 25434
1923 2051 26797 26925
2051 2167 27407 27523
2167 2340 31955 32128

>ENSPTRT00000015805
0 284 5360 5644
284 451 6357 6524
451 604 6593 6746
604 745 7316 7457
745 1044 7603 7902
1044 1077 8745 8778
1077 1257 9339 9519
1257 1416 11811 11970
1416 1509 14290 14383
1509 1580 17206 17277
1580 1746 19936 20102
1746 1813 20508 20575
1813 2136 25111 25434
2136 2264 26797 26925
2264 2380 27407 27523
2380 2553 31955 32128

>ENSPPAT00000007225
0 284 43 327
284 451 1040 1207
451 604 1276 1429
604 745 1999 2140
745 1044 2286 2585
1044 1224 4017 4197
1224 1383 6475 6634
1383 1476 9336 9429
1476 1547 11742 11813
1547 1713 14480 14646
1713 1780 15051 15118
1780 2103 19992 20315
2103 2231 21679 21807
2231 2347 22289 22405
2347 2520 26872 27045

>ENSPPAT00000007291
0 284 43 327
284 451 1040 1207
451 604 1276 1429
604 745 1999 2140
745 1044 2286 2585
1044 1077 3425 3458
1077 1257 4017 4197
1257 1416 6475 6634
1416 1509 9336 9429
1509 1580 11742 11813
1580 1746 14480 14646
1746 1813 15051 15118
1813 2136 19992 20315
2136 2264 21679 21807
2264 2380 22289 22405
2380 2553 26872 27045

>ENSPPAT00000007299
0 284 43 327
284 451 1040 1207
451 604 1276 1429
604 745 1999 2140
745 1044 2286 2585
1044 1203 6475 6634
1203 1296 9336 9429
1296 1367 11742 11813
1367 1533 14480 14646
1533 1600 15051 15118
1600 1923 19992 20315
1923 2051 21679 21807
2051 2167 22289 22405
2167 2340 26872 27045

>ENSGGOT00000053415
0 284 769 1053
284 451 1766 1933
451 604 2002 2155
604 745 2725 2866
745 1044 3014 3313
1044 1224 4839 5019
1224 1383 7292 7451
1383 1476 9785 9878
1476 1547 12691 12762
1547 1713 15434 15600
1713 1780 16007 16074
1780 2103 20028 20351
2103 2231 21730 21858
2231 2347 22340 22456
2347 2520 28032 28205

>ENSGGOT00000009919
0 284 769 1053
284 451 1766 1933
451 604 2002 2155
604 745 2725 2866
745 1044 3014 3313
1044 1077 4153 4186
1077 1257 4839 5019
1257 1416 7292 7451
1416 1509 9785 9878
1509 1580 12691 12762
1580 1746 15434 15600
1746 1813 16007 16074
1813 2136 20028 20351
2136 2264 21730 21858
2264 2380 22340 22456
2380 2553 28032 28205

>ENSGGOT00000049417
0 284 769 1053
284 451 1766 1933
451 604 2002 2155
604 745 2725 2866
745 1044 3014 3313
1044 1203 7292 7451
1203 1296 9785 9878
1296 1367 12691 12762
1367 1533 15434 15600
1533 1600 16007 16074
1600 1923 20028 20351
1923 2051 21730 21858
2051 2167 22340 22456
2167 2340 28032 28205

>ENSGGOT00000049465
0 284 769 1053
284 451 1766 1933
451 604 2002 2155
604 745 2725 2866
745 1044 3014 3313
1044 1077 4153 4186
1077 1257 4839 5019
1257 1416 7292 7451
1416 1509 9785 9878
1509 1580 12691 12762
1580 1746 15434 15600
1746 1813 16007 16074
1813 2136 20028 20351
2136 2264 21730 21858
2264 2380 22340 22456
2380 2553 27306 27479

>ENST00000399759
0 284 17061 17345
284 451 18058 18225
451 604 18295 18448
604 745 19019 19160
745 1044 19306 19605
1044 1224 21044 21224
1224 1383 23485 23644
1383 1476 25981 26074
1476 1547 28884 28955
1547 1713 31648 31814
1713 1780 32219 32286
1780 2103 35456 35779
2103 2231 37162 37290
2231 2347 37772 37888
2347 2520 42424 42597

>ENST00000571088
0 284 17061 17345
284 451 18058 18225
451 604 18295 18448
604 745 19019 19160
745 1044 19306 19605
1044 1224 21044 21224
1224 1383 23485 23644
1383 1476 25981 26074
1476 1547 28884 28955
1547 1713 31648 31814
1713 1780 32219 32286
1780 2103 35456 35779
2103 2231 37162 37290
2231 2347 37772 37888
2347 2520 42424 42597

>ENST00000572705
0 284 17061 17345
284 451 18058 18225
451 604 18295 18448
604 745 19019 19160
745 1044 19306 19605
1044 1224 21044 21224
1224 1383 23485 23644
1383 1476 25981 26074
1476 1547 28884 28955
1547 1713 31648 31814
1713 1780 32219 32286
1780 2103 35456 35779
2103 2231 37162 37290
2231 2347 37772 37888
2347 2520 42424 42597

>ENST00000399756
0 284 17061 17345
284 451 18058 18225
451 604 18295 18448
604 745 19019 19160
745 1044 19306 19605
1044 1224 21044 21224
1224 1383 23485 23644
1383 1476 25981 26074
1476 1547 28884 28955
1547 1713 31648 31814
1713 1780 32219 32286
1780 2103 35456 35779
2103 2231 37162 37290
2231 2347 37772 37888
2347 2520 42424 42597

>ENST00000425167
0 284 17061 17345
284 451 18058 18225
451 604 18295 18448
604 745 19019 19160
745 1044 19306 19605
1044 1077 20447 20480
1077 1257 21044 21224
1257 1416 23485 23644
1416 1509 25981 26074
1509 1580 28884 28955
1580 1746 31648 31814
1746 1813 32219 32286
1813 2136 35456 35779
2136 2264 37162 37290
2264 2380 37772 37888
2380 2553 42424 42597

