>ENSSART00000006021
0 617 0 617
617 807 7639 7829
807 885 30394 30472
885 897 30474 30486
897 906 30488 30497
906 915 30498 30507
915 917 30509 30511
917 1023 32015 32121
1023 1095 35111 35183
1095 1205 36391 36501
1205 1841 36601 37237
1841 1893 37608 37660
1893 1974 37663 37744
1974 1997 37748 37771
1997 2097 37779 37879
2097 2100 37883 37886
2100 2159 37888 37947
2159 2175 37949 37965
2175 2259 37966 38050
2259 2262 38054 38057
2262 2910 38059 38707
2910 2943 38708 38741
2943 2985 38745 38787
2985 3015 38788 38818
3015 3030 38820 38835
3030 3054 38836 38860

