>ENSMAMT00000031559
0 262 164 426
262 392 969 1099
392 530 1308 1446
530 602 1529 1601
602 683 1682 1763
683 858 2237 2412
858 1047 2564 2753
1047 1110 2988 3051

>ENSCSET00000028161
0 232 0 232
232 365 720 853
365 500 969 1104
500 572 1227 1299
572 653 1389 1470
653 828 1864 2039
828 1032 2418 2622
1032 1098 2773 2839

>ENSTRUT00000039179
0 229 369 598
229 377 863 1011
377 506 1131 1260
506 578 1345 1417
578 656 1510 1588
656 828 1895 2067
828 1017 2382 2571
1017 1086 2644 2713

>ENSPMGT00000022544
0 383 0 383
383 524 3782 3923
524 554 3959 3989
554 726 4431 4603
726 903 4675 4852
903 969 5287 5353

