>ENSDNVT00000009347
0 136 1416 1552
136 454 4232 4550
454 601 8530 8677
601 748 64495 64642
748 1027 65536 65815
1027 1303 65950 66226
1303 1600 66707 67004
1600 1873 69124 69397
1873 2152 72857 73136
2152 2276 73431 73555
2276 2449 73706 73879
2449 2649 77883 78083
2649 2746 78578 78675
2746 2875 78834 78963
2875 3043 79462 79630
3043 3114 79824 79895
3114 3355 80716 80957
3355 3502 81504 81651
3502 3658 81756 81912
3658 3798 82564 82704
3798 3952 83449 83603
3952 4070 83910 84028
4070 4234 84131 84295
4234 4333 84366 84465
4333 4522 85513 85702
4522 4810 86041 86329
4810 4966 86412 86568
4966 4997 86665 86696
4997 5116 86985 87104
5116 5269 87515 87668
5269 5464 87978 88173
5464 5776 89248 89560
5776 6186 90723 91133

>ENSNPET00000003228
0 58 0 58
58 376 2559 2877
376 529 5368 5521
529 676 39899 40046
676 961 40487 40772
961 1237 40893 41169
1237 1534 41324 41621
1534 1807 42783 43056
1807 2086 44651 44930
2086 2210 45090 45214
2210 2383 45441 45614
2383 2583 47943 48143
2583 2680 48325 48422
2680 2809 48510 48639
2809 2977 49030 49198
2977 3048 49317 49388
3048 3289 49941 50182
3289 3436 50640 50787
3436 3592 50851 51007
3592 3740 51333 51481
3740 3886 52218 52364
3886 4004 52486 52604
4004 4168 52677 52841
4168 4267 52919 53018
4267 4456 54110 54299
4456 4750 54535 54829
4750 4865 55054 55169
4865 4969 55281 55385
4969 5122 55474 55627
5122 5317 55752 55947
5317 5619 61642 61944
5619 5875 63877 64133
5875 5952 64223 64300

>ENSABRT00000021967
0 43 177 220
43 361 7941 8259
361 508 11098 11245
508 655 69060 69207
655 934 70309 70588
934 1210 71362 71638
1210 1507 72091 72388
1507 1780 74542 74815
1780 2059 78090 78369
2059 2179 78543 78663
2179 2356 78800 78977
2356 2556 83288 83488
2556 2653 83910 84007
2653 2782 84195 84324
2782 2950 84752 84920
2950 3021 85055 85126
3021 3262 86249 86490
3262 3409 87233 87380
3409 3565 87449 87605
3565 3705 88749 88889
3705 3859 90349 90503
3859 3977 90710 90828
3977 4141 90934 91098
4141 4240 91186 91285
4240 4429 92714 92903
4429 4717 93316 93604
4717 4873 93689 93845
4873 4904 93987 94018
4904 5023 94231 94350
5023 5176 94610 94763
5176 5371 94919 95114
5371 5683 95425 95737
5683 6129 97336 97782

