>ENSPCOT00000042995
0 162 0 162
162 273 2496 2607
273 394 2742 2863
394 480 3125 3211
480 562 3585 3667
562 924 5626 5988
924 1089 6750 6915
1089 1189 9156 9256
1189 1380 10944 11135

>ENSPCOT00000042996
0 162 0 162
162 283 2742 2863
283 369 3125 3211
369 451 3585 3667
451 813 5626 5988
813 978 6750 6915
978 1078 9156 9256
1078 1269 10944 11135

>ENSPCOT00000042997
0 162 0 162
162 273 2496 2607
273 394 2742 2863
394 480 3125 3211
480 573 5895 5988
573 738 6750 6915
738 838 9156 9256
838 1029 10944 11135

>ENSPCOT00000042998
0 162 0 162
162 273 2496 2607
273 394 2742 2863
394 480 3125 3211
480 562 3585 3667
562 637 5626 5701
637 747 9707 9817

>ENSMICT00000053370
0 162 4933 5095
162 273 7719 7830
273 394 7965 8086
394 480 8347 8433
480 562 8805 8887
562 949 10762 11149
949 1116 11778 11945
1116 1216 14505 14605
1216 1407 16310 16501

>ENSMICT00000009517
0 162 4933 5095
162 283 7965 8086
283 369 8347 8433
369 451 8805 8887
451 838 10762 11149
838 1005 11778 11945
1005 1105 14505 14605
1105 1296 16310 16501

>ENSMICT00000045543
0 162 4933 5095
162 273 7719 7830
273 394 7965 8086
394 480 8347 8433
480 598 11031 11149
598 765 11778 11945
765 865 14505 14605
865 1056 16310 16501

>ENSMICT00000039413
0 162 4933 5095
162 273 7719 7830
273 394 7965 8086
394 480 8347 8433
480 562 8805 8887
562 618 10762 10818
618 693 12114 12189

>ENSPSMT00000016513
0 162 0 162
162 273 2074 2185
273 394 2320 2441
394 535 2702 2843
535 565 4732 4762
565 732 8391 8558
732 832 10752 10852
832 1023 12454 12645

>ENSPSMT00000016514
0 162 0 162
162 273 2074 2185
273 394 2320 2441
394 480 2702 2788
480 510 5211 5241

>ENSOGAT00000000790
0 162 0 162
162 273 3103 3214
273 394 3647 3768
394 480 4026 4112
480 562 4443 4525
562 949 6391 6778
949 1116 7375 7542
1116 1216 11003 11103
1216 1410 12759 12953

>ENSTSYT00000037405
0 162 0 162
162 547 1050 1435
547 714 2064 2231
714 813 4526 4625

>ENSSDAT00000005558
0 126 0 126
126 300 1844 2018

>ENSMUGT00000030300
0 105 0 105
105 140 354 389
140 276 947 1083

>ENSPPAT00000036725
0 162 1586 1748
162 273 4841 4952
273 394 5087 5208
394 480 5484 5570
480 562 6029 6111
562 949 7798 8185
949 1116 8908 9075
1116 1216 12308 12408
1216 1407 14047 14238

>ENSPPAT00000036738
0 162 1586 1748
162 283 5087 5208
283 369 5484 5570
369 451 6029 6111
451 838 7798 8185
838 1005 8908 9075
1005 1105 12308 12408
1105 1296 14047 14238

>ENSPPAT00000036744
0 162 1586 1748
162 273 4841 4952
273 394 5087 5208
394 480 5484 5570
480 598 8067 8185
598 765 8908 9075
765 865 12308 12408
865 1056 14047 14238

>ENSPPAT00000036747
0 162 1586 1748
162 273 4841 4952
273 394 5087 5208
394 480 5484 5570
480 510 7798 7828

>ENSPTRT00000089940
0 162 4888 5050
162 273 8125 8236
273 394 8371 8492
394 480 8768 8854
480 562 9313 9395
562 949 11083 11470
949 1116 12193 12360
1116 1216 15597 15697
1216 1407 17336 17527

>ENSPTRT00000096263
0 162 4888 5050
162 283 8371 8492
283 369 8768 8854
369 451 9313 9395
451 838 11083 11470
838 1005 12193 12360
1005 1105 15597 15697
1105 1296 17336 17527

>ENSPTRT00000104513
0 162 4888 5050
162 273 8125 8236
273 394 8371 8492
394 480 8768 8854
480 598 11352 11470
598 765 12193 12360
765 865 15597 15697
865 1056 17336 17527

>ENSPTRT00000092875
0 162 4888 5050
162 273 8125 8236
273 394 8371 8492
394 480 8768 8854
480 510 11083 11113

>ENST00000614849
0 162 6720 6882
162 273 9949 10060
273 394 10195 10316
394 480 10592 10678
480 562 11137 11219
562 949 12907 13294
949 1116 14017 14184
1116 1216 17431 17531
1216 1407 19171 19362

