>ENST00000371806
0 103 41 144
103 217 1451 1565
217 271 3103 3157
271 307 3492 3528
307 340 4299 4332
340 468 4769 4897
468 598 5297 5427
598 733 6645 6780
733 981 7867 8115

>ENST00000616356
0 103 41 144
103 217 1451 1565
217 271 3103 3157
271 307 3492 3528
307 340 4299 4332
340 468 4769 4897
468 542 5297 5371
542 1083 8202 8743

>ENSPPYT00000023159
0 103 0 103
103 141 1411 1449
141 159 1451 1469
159 211 1471 1523
211 265 3063 3117
265 298 4313 4346
298 426 4782 4910
426 556 6086 6216
556 691 7424 7559
691 939 10541 10789

>ENSNLET00000051759
0 103 35 138
103 217 1444 1558
217 271 3096 3150
271 307 3480 3516
307 340 4286 4319
340 468 4757 4885
468 545 5326 5403
545 780 8207 8442
780 809 8463 8492
809 833 8534 8558
833 886 8642 8695
886 900 8725 8739

>ENSNLET00000039147
0 103 35 138
103 217 1444 1558
217 271 3096 3150
271 307 3480 3516
307 340 4286 4319
340 468 4757 4885
468 598 5326 5456
598 733 6639 6774
733 981 7872 8120

>ENSPANT00000028519
0 103 81 184
103 217 1477 1591
217 271 3131 3185
271 307 3517 3553
307 340 4331 4364
340 468 4803 4931
468 598 5338 5468
598 733 6697 6832
733 981 7930 8178

>ENSTGET00000014318
0 103 0 103
103 217 1393 1507
217 271 3048 3102
271 307 3434 3470
307 340 4249 4282
340 468 4721 4849
468 598 5256 5386
598 733 6615 6750
733 744 7848 7859
744 746 7860 7862
746 978 7864 8096

>ENSMMUT00000100521
0 103 17 120
103 217 1410 1524
217 271 3062 3116
271 307 3448 3484
307 340 4263 4296
340 468 4734 4862
468 598 5269 5399
598 733 6611 6746
733 981 7844 8092

>ENSCATT00000058359
0 82 149 231
82 196 1524 1638
196 250 3179 3233
250 286 3565 3601
286 319 4380 4413
319 447 4859 4987
447 577 5394 5524
577 712 6736 6871
712 911 7969 8168
911 1101 8784 8974

>ENSCSAT00000013709
0 16 22 38
16 49 816 849
49 177 1286 1414
177 307 1820 1950
307 442 3158 3293
442 690 4381 4629

>ENSPTET00000041709
0 300 1261 1561
300 468 4700 4868
468 598 5286 5416
598 618 5560 5580
618 715 6723 6820
715 963 7918 8166

>ENSPTET00000041713
0 270 4598 4868
270 417 5286 5433
417 502 6735 6820
502 750 7918 8166

>ENSCJAT00000102558
0 146 0 146
146 286 4837 4977
286 370 6505 6589
370 498 8052 8180
498 628 8573 8703
628 760 9605 9737
760 911 10788 10939
911 969 11625 11683

>ENSCJAT00000020161
0 103 3465 3568
103 220 4860 4977
220 304 6505 6589
304 456 8028 8180
456 586 8573 8703
586 718 9605 9737
718 912 10788 10982

>ENSTGET00000014459
0 172 0 172
172 286 1856 1970
286 340 3510 3564
340 492 7528 7680
492 622 8086 8216
622 757 9084 9219
757 1005 9785 10033

>ENSCATT00000036086
0 172 0 172
172 286 1887 2001
286 358 3542 3614
358 486 5212 5340
486 616 5747 5877
616 751 6755 6890
751 999 7456 7704

>ENSMFAT00000023078
0 67 540 607
67 181 2296 2410
181 235 3090 3144
235 268 4493 4526
268 396 5029 5157
396 526 5564 5694
526 661 25722 25857
661 909 26456 26704

>ENSMFAT00000023091
0 100 19732 19832
100 214 21387 21501
214 268 22184 22238
268 301 24044 24077
301 429 24524 24652
429 559 25058 25188
559 694 25722 25857
694 942 26456 26704

>ENSMFAT00000023097
0 100 19732 19832
100 154 22184 22238
154 187 24044 24077
187 315 24524 24652
315 445 25058 25188
445 580 25722 25857
580 828 26456 26704

>ENSMFAT00000023101
0 67 540 607
67 181 2296 2410
181 235 3090 3144
235 268 4493 4526
268 396 5029 5157
396 526 5564 5694
526 661 6561 6696
661 909 7261 7509

>ENSMFAT00000023108
0 50 435 485
50 154 503 607
154 268 2296 2410
268 349 3090 3171
349 477 5029 5157
477 607 5564 5694
607 742 6561 6696
742 990 7261 7509

>ENSMMUT00000095702
0 172 0 172
172 286 1867 1981
286 340 2660 2714
340 373 4059 4092
373 501 4595 4723
501 631 5130 5260
631 766 25070 25205
766 1014 25803 26051

>ENSMMUT00000020212
0 100 19339 19439
100 214 20994 21108
214 268 21791 21845
268 301 23373 23406
301 429 23872 24000
429 559 24406 24536
559 694 25070 25205
694 942 25803 26051

>ENSMMUT00000020213
0 172 0 172
172 286 1867 1981
286 340 2660 2714
340 373 4059 4092
373 501 4595 4723
501 631 5130 5260
631 715 5771 5855
715 850 6134 6269
850 1098 6835 7083

>ENSMMUT00000020214
0 172 0 172
172 286 1867 1981
286 340 2660 2714
340 373 4059 4092
373 501 4595 4723
501 631 5130 5260
631 766 6134 6269
766 1014 6835 7083

>ENSPANT00000046268
0 172 0 172
172 196 1856 1880
196 259 1907 1970
259 340 2672 2753
340 468 4530 4658
468 598 5065 5195
598 733 6073 6208
733 981 6775 7023

