>ENSPLAT00000026847
0 120 0 120
120 266 305 451
266 343 528 605
343 463 1684 1804
463 565 2237 2339
565 615 2642 2692
615 678 2782 2845

>ENSPFOT00000024582
0 120 0 120
120 266 306 452
266 343 529 606
343 463 1702 1822
463 565 2255 2357
565 615 2665 2715
615 678 2805 2868

>ENSPMET00000005799
0 209 0 209
209 286 286 363
286 406 1432 1552
406 508 1986 2088
508 711 2395 2598

>ENSPRET00000012259
0 120 0 120
120 266 319 465
266 343 542 619
343 463 1674 1794
463 565 2238 2340
565 615 2651 2701
615 678 2789 2852

>ENSXMAT00000022070
0 120 0 120
120 266 298 444
266 343 518 595
343 463 1684 1804
463 565 2243 2345
565 615 2669 2719
615 678 2807 2870

>ENSXCOT00000006464
0 207 0 207
207 319 310 422
319 467 1524 1672
467 540 5082 5155

