>ENSNSUT00000002165
0 153 0 153
153 233 3933 4013
233 420 6532 6719
420 450 6749 6779
450 673 8400 8623
673 773 10970 11070
773 1007 11774 12008
1007 1158 15613 15764
1158 1257 17304 17403
1257 1386 17433 17562

>ENSNSUT00000002167
0 153 0 153
153 233 3933 4013
233 508 8348 8623
508 608 10970 11070
608 842 11774 12008
842 993 15613 15764
993 1092 17304 17403
1092 1221 17433 17562

>ENSNSUT00000002172
0 153 0 153
153 233 3933 4013
233 420 6532 6719
420 462 6749 6791
462 685 8400 8623
685 785 10970 11070
785 1019 11774 12008
1019 1130 15653 15764
1130 1206 15794 15870

>ENSNSUT00000002212
0 153 0 153
153 233 3879 3959
233 420 6480 6667
420 462 6697 6739
462 685 8385 8608
685 785 10907 11007
785 1005 11716 11936
1005 1035 11966 11996
1035 1108 12983 13056
1108 1325 15528 15745
1325 1923 18510 19108

>ENSNSUT00000002220
0 153 0 153
153 233 3879 3959
233 420 6480 6667
420 462 6697 6739
462 685 8385 8608
685 785 10907 11007
785 1019 11716 11950
1019 1214 15550 15745
1214 1812 18510 19108

>ENSNSUT00000002229
0 153 0 153
153 233 3879 3959
233 508 8333 8608
508 608 10907 11007
608 842 11716 11950
842 1037 15550 15745
1037 1635 18510 19108

