>FBtr0082722
0 172 42 214
172 562 330 720
562 1218 828 1484
1218 1356 1551 1689

>FBtr0331426
0 163 56 219
163 460 439 736
460 1116 802 1458
1116 1254 1519 1657

>FBtr0082723
0 163 56 219
163 493 406 736
493 1149 802 1458
1149 1287 1519 1657

>FBtr0331427
0 163 56 219
163 445 454 736
445 1101 802 1458
1101 1239 1519 1657

>FBtr0089115
0 236 83 319
236 903 983 1650
903 1389 1989 2475

>FBtr0080699
0 233 170 403
233 639 1192 1598
639 1314 1657 2332

>FBtr0345641
0 233 170 403
233 639 1192 1598
639 1314 1657 2332

>FBtr0343768
0 265 1363 1628
265 1359 2633 3727

>FBtr0080894
0 265 1363 1628
265 1359 2633 3727

>FBtr0072012
0 196 62 258
196 1236 312 1352

>FBtr0302576
0 2 65 67
2 253 130 381
253 1305 637 1689

>FBtr0072011
0 417 293 710
417 1167 764 1514
1167 1296 1575 1704

>FBtr0082759
0 348 64 412
348 742 476 870
742 1227 935 1420

>FBtr0082757
0 812 3684 4496
812 1590 4873 5651

>FBtr0072883
0 853 48 901
853 1146 959 1252

>FBtr0072902
0 441 78 519
441 638 1630 1827
638 1179 2261 2802

>FBtr0075556
0 1026 0 1026

