>FBtr0452181
0 851 170 1021
851 943 1231 1323
943 1099 1769 1925
1099 1152 2172 2225
1152 1254 2308 2410

>FBtr0290256
0 782 239 1021
782 874 1231 1323
874 927 2172 2225
927 1029 2308 2410

>FBtr0290258
0 782 239 1021
782 874 1231 1323
874 1030 1769 1925
1030 1083 2172 2225
1083 1185 2308 2410

>FBtr0309372
0 782 239 1021
782 874 1231 1323
874 1030 1769 1925
1030 1083 2172 2225
1083 1185 2308 2410

>F13E6.4.1
0 153 5 158
153 222 466 535
222 344 580 702
344 405 747 808
405 506 855 956
506 712 1001 1207
712 1008 1463 1759
1008 1116 1812 1920
1116 1239 2180 2303
1239 1329 2348 2438

>ENSEBUT00000006514
0 453 0 453
453 652 156809 157008
652 891 160754 160993

>ENSEBUT00000006849
0 443 0 443
443 541 10117 10215
541 643 11525 11627
643 774 11852 11983
774 890 27315 27431
890 1027 29643 29780
1027 1153 31126 31252
1153 1305 35860 36012

>ENSEBUT00000006866
0 443 0 443
443 541 10117 10215
541 672 11852 11983
672 788 27315 27431
788 925 29643 29780
925 1051 31126 31252
1051 1203 35860 36012

>ENSPKIT00000032785
0 401 0 401
401 538 17822 17959
538 652 19951 20065
652 867 23734 23949
867 968 26302 26403
968 1078 26926 27036
1078 1227 27468 27617

>ENSPKIT00000032791
0 401 0 401
401 538 17822 17959
538 753 23734 23949
753 854 26302 26403
854 964 26926 27036
964 1113 27468 27617

