>ENSLACT00000010444
0 88 807 895
88 193 4599 4704
193 299 6783 6889
299 394 9133 9228
394 474 9507 9587
474 683 11341 11550
683 785 12308 12410
785 931 13402 13548
931 1041 16183 16293

>ENSXETT00000000926
0 49 230 279
49 124 2022 2097
124 229 2166 2271
229 326 2352 2449
326 421 4399 4494
421 501 4598 4678
501 710 5373 5582
710 756 7584 7630

>ENSXETT00000001236
0 151 2120 2271
151 248 2352 2449
248 343 4399 4494
343 423 4598 4678
423 632 5373 5582
632 734 5688 5790
734 880 6444 6590
880 990 7584 7694

>ENSXETT00000001264
0 49 230 279
49 124 2022 2097
124 229 2166 2271
229 326 2352 2449
326 421 4399 4494
421 501 4598 4678
501 710 5373 5582
710 812 5688 5790
812 958 6444 6590
958 1068 7584 7694

>ENSXETT00000001475
0 49 230 279
49 124 2022 2097
124 229 2166 2271
229 309 4598 4678
309 518 5373 5582
518 620 5688 5790
620 766 6444 6590
766 876 7584 7694

>ENSECRT00000016340
0 49 739 788
49 124 5366 5441
124 229 7139 7244
229 335 7342 7448
335 430 7762 7857
430 510 7966 8046
510 719 11533 11742
719 821 14670 14772
821 967 14889 15035
967 1077 15905 16015

>ENSECRT00000016349
0 49 739 788
49 124 5366 5441
124 229 7139 7244
229 335 7342 7448
335 430 7762 7857
430 510 7966 8046
510 719 11533 11742
719 865 14889 15035
865 975 15905 16015

>ENSECRT00000016355
0 52 4748 4800
52 127 5366 5441
127 232 7139 7244
232 338 7342 7448
338 433 7762 7857
433 513 7966 8046
513 722 11533 11742
722 824 14670 14772
824 970 14889 15035
970 1080 15905 16015

>ENSPMET00000030108
0 29 832 861
29 127 1215 1313
127 233 2779 2885
233 328 2965 3060
328 408 3143 3223
408 617 3305 3514
617 719 4632 4734
719 865 4801 4947
865 975 5989 6099

>ENSPMET00000035074
0 58 1255 1313
58 163 1929 2034
163 269 2779 2885
269 364 2965 3060
364 444 3143 3223
444 653 3305 3514
653 755 4632 4734
755 901 4801 4947
901 1011 5989 6099

>ENSPMET00000035077
0 49 344 393
49 124 1238 1313
124 229 1929 2034
229 335 2779 2885
335 430 2965 3060
430 510 3143 3223
510 719 3305 3514
719 821 4632 4734
821 967 4801 4947
967 1077 5989 6099

>ENSPFOT00000004413
0 49 286 335
49 124 1914 1989
124 229 2631 2736
229 335 3481 3587
335 430 3667 3762
430 510 3845 3925
510 719 4007 4216
719 821 5334 5436
821 967 5503 5649
967 1077 6696 6806

>ENSPLAT00000017361
0 49 8300 8349
49 124 9928 10003
124 229 10632 10737
229 335 11456 11562
335 430 11642 11737
430 510 11820 11900
510 719 11982 12191
719 821 13307 13409
821 967 13476 13622
967 1077 14677 14787

>ENSPLAT00000017377
0 64 290 354
64 139 9928 10003
139 244 10632 10737
244 350 11456 11562
350 445 11642 11737
445 525 11820 11900
525 734 11982 12191
734 836 13307 13409
836 982 13476 13622
982 1092 14677 14787

>ENSPRET00000020320
0 49 6 55
49 124 926 1001
124 229 1781 1886
229 335 2648 2754
335 430 2833 2928
430 510 3010 3090
510 719 3172 3381
719 821 5155 5257
821 967 5324 5470
967 1077 6534 6644

>ENSXMAT00000016276
0 49 232 281
49 124 1751 1826
124 229 2472 2577
229 335 3314 3420
335 430 3494 3589
430 510 3659 3739
510 719 3821 4030
719 821 5009 5111
821 967 5188 5334
967 1077 6425 6535

>ENSXMAT00000024581
0 58 1768 1826
58 163 2472 2577
163 269 3314 3420
269 364 3494 3589
364 444 3659 3739
444 653 3821 4030
653 755 5009 5111
755 901 5188 5334
901 1011 6425 6535

>ENSGAFT00000011577
0 49 396 445
49 124 1924 1999
124 229 2594 2699
229 335 3413 3519
335 430 3599 3694
430 510 3777 3857
510 719 3939 4148
719 821 4752 4854
821 967 4929 5075
967 1077 6159 6269

>ENSFHET00000017628
0 49 246 295
49 124 1209 1284
124 229 1576 1681
229 335 1853 1959
335 430 2059 2154
430 510 2232 2312
510 719 2391 2600
719 821 3200 3302
821 967 3382 3528
967 1077 4644 4754

>ENSKMAT00000011992
0 49 392 441
49 124 1150 1225
124 229 1437 1542
229 335 1760 1866
335 430 1944 2039
430 510 2121 2201
510 719 2278 2487
719 821 2572 2674
821 967 2767 2913
967 1077 4374 4484

>ENSPRNT00000048032
0 49 69 118
49 124 488 563
124 229 633 738
229 335 810 916
335 430 995 1090
430 510 1167 1247
510 719 1559 1768
719 821 2038 2140
821 967 2225 2371
967 1077 2444 2554

>ENSGWIT00000013822
0 49 310 359
49 124 1687 1762
124 229 1856 1961
229 335 5081 5187
335 430 5262 5357
430 510 5425 5505
510 719 6364 6573
719 821 7471 7573
821 967 8001 8147
967 1077 8246 8356

>ENSGWIT00000013828
0 58 1704 1762
58 163 1856 1961
163 243 5425 5505
243 452 6364 6573
452 554 7471 7573
554 700 8001 8147
700 810 8246 8356

>ENSGWIT00000013835
0 58 1704 1762
58 164 5081 5187
164 259 5262 5357
259 339 5425 5505
339 548 6364 6573
548 650 7471 7573
650 796 8001 8147
796 906 8246 8356

