>ENSEBUT00000023192
0 88 43112 43200
88 264 44257 44433
264 389 48386 48511
389 473 48633 48717
473 546 64852 64925
546 675 65022 65151
675 856 65302 65483
856 936 65699 65779
936 1699 66448 67211
1699 1872 77116 77289
1872 1992 96675 96795
1992 2206 97302 97516
2206 2351 97734 97879
2351 2546 98824 99019
2546 2631 100223 100308
2631 3105 101351 101825

>ENSEBUT00000023222
0 88 43112 43200
88 264 44257 44433
264 389 48386 48511
389 473 48633 48717
473 546 64852 64925
546 675 65022 65151
675 856 65302 65483
856 936 65699 65779
936 1699 66448 67211
1699 1872 77116 77289
1872 1992 96675 96795
1992 2206 97302 97516
2206 2351 97734 97879
2351 2546 98824 99019
2546 2631 100223 100308
2631 3105 101351 101825

>ENSEBUT00000023258
0 112 43088 43200
112 288 44257 44433
288 413 48386 48511
413 497 48633 48717
497 570 64852 64925
570 699 65022 65151
699 880 65302 65483
880 960 65699 65779
960 1723 66448 67211
1723 1896 77116 77289
1896 2016 96675 96795
2016 2230 97302 97516
2230 2375 97734 97879
2375 2570 98824 99019
2570 2655 100223 100308
2655 3129 101351 101825

>ENSEBUT00000023292
0 30 42724 42754
30 133 43097 43200
133 309 44257 44433
309 434 48386 48511
434 518 48633 48717
518 591 64852 64925
591 720 65022 65151
720 901 65302 65483
901 981 65699 65779
981 1744 66448 67211
1744 1917 77116 77289
1917 2037 96675 96795
2037 2251 97302 97516
2251 2396 97734 97879
2396 2591 98824 99019
2591 2676 100223 100308
2676 3150 101351 101825

>ENSLOCT00000012334
0 88 21 109
88 264 603 779
264 380 1575 1691
380 473 1797 1890
473 534 2400 2461
534 678 4116 4260
678 886 5309 5517
886 1726 6674 7514
1726 1848 7642 7764
1848 1950 7794 7896
1950 2070 9404 9524
2070 2284 12510 12724
2284 2429 13500 13645
2429 2628 13856 14055
2628 2718 14497 14587
2718 3249 16350 16881

>ENSECRT00000001604
0 88 3648 3736
88 264 4115 4291
264 380 5505 5621
380 473 11185 11278
473 534 19052 19113
534 678 21710 21854
678 886 22266 22474
886 1843 22857 23814
1843 2106 24157 24420
2106 2226 31432 31552
2226 2440 35863 36077
2440 2585 43754 43899
2585 2786 44421 44622
2786 2871 48197 48282
2871 3465 50655 51249

