>ENSCINT00000015297
0 158 22 180
158 354 287 483
354 551 665 862
551 715 1427 1591
715 735 1845 1865

>ENSCINT00000022126
0 158 43 201
158 354 274 470
354 551 607 804
551 718 1160 1327
718 753 2618 2653
753 778 3561 3586
778 864 5507 5593
864 990 5665 5791
990 1022 5921 5953
1022 1270 6238 6486
1270 1523 6954 7207
1523 1676 7530 7683
1676 1719 8048 8091

>ENSCINT00000036339
0 158 120 278
158 348 346 536
348 545 740 937
545 709 989 1153
709 731 1326 1348
731 858 1393 1520
858 1068 1711 1921
1068 1121 2051 2104
1121 1192 2149 2220
1192 1249 2318 2375
1249 1415 2399 2565
1415 1572 2662 2819

>ENSCINT00000035541
0 158 120 278
158 348 346 536
348 545 740 937
545 709 989 1153
709 849 1380 1520
849 1059 1711 1921
1059 1112 2051 2104
1112 1183 2149 2220
1183 1240 2318 2375
1240 1406 2399 2565
1406 1563 2662 2819

>ENSCSAVT00000010063
0 155 13 168
155 345 1289 1479
345 542 1726 1923
542 706 2093 2257
706 798 3027 3119

>ENSCINT00000030295
0 152 39 191
152 348 463 659
348 545 929 1126
545 709 1440 1604
709 855 1755 1901
855 1056 2026 2227
1056 1213 2493 2650
1213 1460 2928 3175
1460 1605 3437 3582

>ENSCINT00000009596
0 104 35 139
104 319 374 589
319 539 796 1016
539 749 1665 1875
749 1008 2085 2344
1008 1133 4232 4357
1133 1313 5043 5223
1313 1544 7270 7501
1544 1729 7821 8006
1729 1857 8371 8499

>ENSCMIT00000036637
0 120 3181 3301
120 225 5721 5826
225 375 6619 6769

>ENSCSAVT00000014512
0 134 11 145
134 285 458 609
285 496 828 1039
496 627 1794 1925
627 762 2402 2537

>ENSCINT00000035559
0 293 26 319
293 408 563 678
408 616 1144 1352
616 645 1713 1742

>ENSCSAVT00000012261
0 21 27 48
21 178 724 881
178 425 1403 1650
425 588 1870 2033

>ENSCMIT00000036640
0 33 290 323
33 178 814 959
178 316 1504 1642
316 386 3292 3362
386 552 3626 3792

>ENSCSAVT00000010057
0 17 9 26
17 175 554 712
175 422 1399 1646
422 576 2329 2483

>ENSCSAVT00000015235
0 46 103 149
46 253 473 680
253 491 1352 1590
491 612 1960 2081

>ENSCINT00000032593
0 45 58 103
45 267 442 664
267 421 862 1016
421 671 1952 2202
671 834 2396 2559

>ENSCINT00000011279
0 79 73 152
79 282 1148 1351
282 429 1674 1821
429 629 2274 2474
629 806 2714 2891
806 924 3630 3748
924 1094 4772 4942
1094 1288 5033 5227
1288 1520 5873 6105
1520 1620 6289 6389
1620 1643 7136 7159
1643 1686 7827 7870

>ENSCSAVT00000015234
0 135 971 1106
135 282 1342 1489
282 482 2047 2247
482 609 2528 2655

>ENSCMIT00000049290
0 94 0 94
94 786 644 1336

>FBtr0080769
0 167 2190 2357
167 300 2416 2549
300 729 2913 3342
729 1949 3398 4618
1949 2261 4680 4992
2261 2868 5053 5660

>FBtr0080767
0 167 2190 2357
167 300 2416 2549
300 729 2913 3342
729 1949 3398 4618
1949 2261 4680 4992
2261 2868 5053 5660

>FBtr0080768
0 167 2190 2357
167 300 2416 2549
300 729 2913 3342
729 1949 3398 4618
1949 2261 4680 4992
2261 2868 5053 5660

>FBtr0343721
0 167 2190 2357
167 300 2416 2549
300 729 2913 3342
729 1949 3398 4618
1949 2261 4680 4992
2261 2868 5053 5660

>FBtr0080765
0 167 2190 2357
167 300 2416 2549
300 729 2913 3342
729 1949 3398 4618
1949 2261 4680 4992
2261 2868 5053 5660

>R12A1.4.1
0 162 0 162
162 457 228 523
457 970 1542 2055
970 1203 2719 2952
1203 1345 3072 3214
1345 1478 3254 3387
1478 1588 4156 4266
1588 1689 4330 4431

