>C23H5.7.1
0 63 0 63
63 161 115 213
161 370 625 834
370 538 1544 1712
538 759 2534 2755
759 869 3003 3113
869 1045 3653 3829
1045 1133 3877 3965
1133 1215 4013 4095
1215 1657 5242 5684
1657 1752 6678 6773
1752 1848 6824 6920
1848 1968 7233 7353

>Y76B12C.1a.1
0 111 54 165
111 198 272 359
198 462 418 682
462 650 728 916
650 859 1556 1765
859 1024 1828 1993
1024 1245 2040 2261
1245 1528 2305 2588
1528 1616 3750 3838
1616 1698 3947 4029
1698 2140 4260 4702
2140 2232 4751 4843
2232 2328 5728 5824
2328 2460 5869 6001

>Y76B12C.1b.1
0 319 4383 4702
319 411 4751 4843
411 507 5728 5824
507 639 5869 6001

