>ENSDNOT00000039809
0 168 4105 4273
168 234 6221 6287
234 363 8843 8972
363 481 10941 11059
481 624 21564 21707
624 780 24276 24432
780 1185 27159 27564

>ENSLAFT00000008540
0 168 0 168
168 234 2775 2841
234 372 3344 3482
372 490 6035 6153
490 633 15721 15864
633 789 17922 18078
789 1194 20280 20685

>ENSLAFT00000034172
0 168 0 168
168 306 3344 3482
306 424 6035 6153
424 567 15721 15864
567 723 17922 18078
723 1128 20280 20685

>ENSPCAT00000016088
0 168 0 168
168 234 3474 3540
234 372 4005 4143
372 490 7083 7201
490 573 16371 16454
573 630 16455 16512
630 786 18848 19004
786 801 21335 21350
801 834 21352 21385
834 1185 21387 21738

>ENSETET00000008748
0 82 0 82
82 131 83 132
131 138 133 140
138 157 141 160
157 163 161 167
163 168 168 173
168 234 3292 3358
234 372 3824 3962
372 490 6523 6641
490 633 25323 25466
633 789 26121 26277
789 1194 29004 29409

>ENSOCUT00000007793
0 168 9 177
168 231 2079 2142
231 369 2712 2850
369 487 3977 4095
487 630 5991 6134
630 786 7275 7431
786 1191 8963 9368

>ENSOPRT00000003313
0 168 0 168
168 231 1977 2040
231 369 2607 2745
369 487 4042 4160
487 630 6654 6797
630 786 8220 8376
786 1188 9444 9846

>ENSTBET00000012411
0 168 0 168
168 234 3336 3402
234 372 4445 4583
372 490 6545 6663
490 633 13993 14136
633 789 16793 16949
789 1188 19187 19586

>ENSCCNT00000037498
0 3 0 3
3 141 471 609
141 259 2238 2356
259 402 4277 4420
402 558 8869 9025
558 963 11175 11580

>ENSDORT00000006586
0 3 6486 6489
3 141 6898 7036
141 259 8569 8687
259 402 10744 10887
402 558 12086 12242
558 963 14249 14654

