>C14B9.6a.1
0 8 5162 5170
8 95 5417 5504
95 742 5560 6207
742 815 6452 6525
815 1005 6575 6765
1005 1340 7845 8180
1340 2581 8226 9467
2581 3120 9937 10476
3120 3323 10557 10760
3323 3378 10812 10867
3378 3510 10912 11044
3510 3759 11449 11698
3759 4026 12132 12399
4026 4098 12654 12726
4098 4803 13266 13971
4803 5158 14019 14374
5158 5337 14427 14606

>C14B9.6a.2
0 8 5162 5170
8 95 5417 5504
95 742 5560 6207
742 815 6452 6525
815 1005 6575 6765
1005 1340 7845 8180
1340 2581 8226 9467
2581 3120 9937 10476
3120 3323 10557 10760
3323 3378 10812 10867
3378 3510 10912 11044
3510 3759 11449 11698
3759 4026 12132 12399
4026 4098 12654 12726
4098 4803 13266 13971
4803 5158 14019 14374
5158 5337 14427 14606

>C14B9.6a.3
0 8 5162 5170
8 95 5417 5504
95 742 5560 6207
742 815 6452 6525
815 1005 6575 6765
1005 1340 7845 8180
1340 2581 8226 9467
2581 3120 9937 10476
3120 3323 10557 10760
3323 3378 10812 10867
3378 3510 10912 11044
3510 3759 11449 11698
3759 4026 12132 12399
4026 4098 12654 12726
4098 4803 13266 13971
4803 5158 14019 14374
5158 5337 14427 14606

>C14B9.6c.1
0 8 5162 5170
8 95 5417 5504
95 742 5560 6207
742 815 6452 6525
815 1005 6575 6765
1005 1340 7845 8180
1340 2581 8226 9467
2581 3120 9937 10476
3120 3323 10557 10760
3323 3378 10812 10867
3378 3510 10912 11044
3510 3777 12132 12399
3777 3849 12654 12726
3849 4554 13266 13971
4554 4909 14019 14374
4909 5088 14427 14606

>C14B9.6c.2
0 8 5162 5170
8 95 5417 5504
95 742 5560 6207
742 815 6452 6525
815 1005 6575 6765
1005 1340 7845 8180
1340 2581 8226 9467
2581 3120 9937 10476
3120 3323 10557 10760
3323 3378 10812 10867
3378 3510 10912 11044
3510 3777 12132 12399
3777 3849 12654 12726
3849 4554 13266 13971
4554 4909 14019 14374
4909 5088 14427 14606

>C14B9.6c.3
0 8 5162 5170
8 95 5417 5504
95 742 5560 6207
742 815 6452 6525
815 1005 6575 6765
1005 1340 7845 8180
1340 2581 8226 9467
2581 3120 9937 10476
3120 3323 10557 10760
3323 3378 10812 10867
3378 3510 10912 11044
3510 3777 12132 12399
3777 3849 12654 12726
3849 4554 13266 13971
4554 4909 14019 14374
4909 5088 14427 14606

>YCR033W_mRNA
0 3681 0 3681

