>W02B12.10.1
0 92 9 101
92 155 152 215
155 550 264 659
550 771 1092 1313

>FBtr0070331
0 152 80 232
152 564 282 694
564 666 761 863
666 768 929 1031

>ENSEBUT00000024937
0 282 0 282
282 383 29569 29670
383 559 30083 30259
559 744 37442 37627
744 858 48713 48827
858 996 55629 55767

>ENSEBUT00000024946
0 282 0 282
282 383 29569 29670
383 559 30083 30259
559 744 37442 37627
744 858 48713 48827
858 966 55629 55737
966 1080 55832 55946

>ENSEBUT00000024964
0 3 20500 20503
3 104 29569 29670
104 280 30083 30259
280 465 37442 37627
465 579 48713 48827
579 687 55629 55737
687 801 55832 55946

>ENSEBUT00000024973
0 3 20500 20503
3 104 29569 29670
104 280 30083 30259
280 465 37442 37627
465 579 48713 48827
579 687 55629 55737
687 801 55832 55946

>ENSCMIT00000008131
0 86 212 298
86 253 2020 2187
253 438 3834 4019
438 552 4228 4342
552 654 4671 4773
654 771 5111 5228

>ENSARWT00000028389
0 54 0 54
54 134 3018 3098
134 265 3743 3874
265 450 3960 4145
450 564 4498 4612
564 666 5014 5116
666 798 5236 5368

>ENSAOWT00000031024
0 112 698 810
112 297 894 1079
297 411 1435 1549
411 513 1951 2053
513 588 2173 2248

>ENSAHAT00000016163
0 113 468 581
113 244 8698 8829
244 429 8889 9074
429 678 9425 9674

