>ENSVURT00010006478
0 17 126 143
17 117 10379 10479
117 212 16846 16941
212 323 27960 28071
323 448 80120 80245
448 541 81572 81665
541 643 187997 188099
643 711 272564 272632

>ENSPCIT00000000339
0 89 61 150
89 189 9463 9563
189 284 18144 18239
284 395 28186 28297
395 520 76926 77051
520 613 78470 78563
613 715 167743 167845
715 783 268042 268110

>ENSPCIT00000000400
0 89 61 150
89 189 9463 9563
189 284 18144 18239
284 395 28186 28297
395 520 76926 77051
520 613 78470 78563
613 717 94878 94982

>ENSMODT00000067804
0 17 941 958
17 117 9133 9233
117 212 11605 11700
212 323 22684 22795
323 448 74757 74882
448 541 82649 82742
541 643 212689 212791
643 711 305001 305069

>ENSMODT00000062221
0 17 941 958
17 117 9133 9233
117 212 11605 11700
212 323 22684 22795
323 448 74757 74882
448 541 82649 82742
541 643 212689 212791
643 666 285304 285327

>ENSMODT00000010735
0 17 941 958
17 117 9133 9233
117 212 11605 11700
212 323 22684 22795
323 448 74757 74882
448 541 82649 82742
541 643 212689 212791
643 660 215053 215070

>ENSMODT00000062724
0 17 941 958
17 117 9133 9233
117 212 11605 11700
212 323 22684 22795
323 448 74757 74882
448 541 82649 82742
541 681 212689 212829

>ENSUMAT00000028971
0 17 379 396
17 117 7086 7186
117 212 13803 13898
212 323 23719 23830
323 448 47022 47147
448 541 58867 58960
541 643 150846 150948
643 711 254579 254647

>ENSUMAT00000028976
0 17 379 396
17 117 7086 7186
117 212 13803 13898
212 323 23719 23830
323 448 47022 47147
448 541 58867 58960
541 643 150846 150948
643 864 162558 162779

>ENSUMAT00000028981
0 214 182 396
214 314 7086 7186
314 439 47022 47147
439 532 58867 58960
532 634 150846 150948
634 855 162558 162779

>ENSUAMT00000032006
0 115 0 115
115 208 12554 12647
208 310 108429 108531
310 347 108594 108631
347 354 111977 111984

>ENSAMET00000002244
0 17 0 17
17 117 6285 6385
117 212 13495 13590
212 323 23698 23809
323 448 47039 47164
448 541 59899 59992
541 643 151775 151877
643 708 250131 250196

>ENSNVIT00000008572
0 17 0 17
17 117 5553 5653
117 212 12748 12843
212 323 22638 22749
323 448 45192 45317
448 541 57922 58015
541 643 149620 149722
643 711 245363 245431

