>K08H2.9.1
0 84 7 91
84 212 137 265
212 405 311 504
405 508 921 1024
508 713 1069 1274
713 785 2967 3039
785 902 3088 3205
902 996 3250 3344
996 1133 3393 3530
1133 1212 3581 3660

>C18G1.3a.1
0 149 1962 2111
149 221 2217 2289
221 338 2349 2466
338 432 2749 2843
432 569 2889 3026
569 576 3080 3087

>C18G1.3b.1
0 90 307 397
90 224 462 596
224 417 644 837
417 520 1754 1857
520 725 1906 2111
725 797 2217 2289
797 914 2349 2466
914 1008 2749 2843
1008 1149 2889 3030

>F22F7.6.1
0 78 0 78
78 215 212 349
215 408 413 606
408 511 805 908
511 791 2053 2333
791 908 2381 2498
908 1002 2656 2750
1002 1139 2803 2940
1139 1221 3008 3090

>F21H7.10.1
0 72 88 160
72 245 368 541
245 441 593 789
441 544 906 1009
544 824 1062 1342
824 941 1388 1505
941 1035 1673 1767
1035 1172 1812 1949
1172 1254 2000 2082

>C54C8.2.1
0 87 0 87
87 194 136 243
194 387 428 621
387 692 670 975
692 764 1029 1101
764 881 1151 1268
881 975 1463 1557
975 1112 1624 1761
1112 1191 1803 1882

>T15D6.4.1
0 75 0 75
75 194 643 762
194 387 810 1003
387 692 1055 1360
692 764 1422 1494
764 881 1538 1655
881 975 1957 2051
975 1112 2176 2313
1112 1191 2366 2445

>F56H6.6.1
0 170 0 170
170 363 215 408
363 463 454 554
463 668 604 809
668 740 857 929
740 857 982 1099
857 951 1404 1498
951 1088 1619 1756
1088 1167 1805 1884

