>C33E10.1.1
0 68 105 173
68 225 218 375

>F40F4.1.1
0 68 103 171
68 1116 214 1262

>H24O09.2.1
0 68 0 68
68 1041 113 1086

>ZK909.5.1
0 80 27 107
80 999 486 1405

>E04A4.1.1
0 92 6 98
92 1002 267 1177

>Y41D4A.3.1
0 92 37 129
92 1000 187 1095
1000 1002 1742 1744

>Y17G9B.7a.1
0 92 21 113
92 808 382 1098
808 1020 1747 1959

>Y17G9B.7b.1
0 92 21 113
92 993 382 1283

>M116.4.1
0 92 0 92
92 990 692 1590

>M116.1.1
0 92 0 92
92 990 692 1590

>K08E4.8.1
0 933 0 933

>R08C7.13.1
0 77 57 134
77 993 309 1225

>R08C7.9.1
0 77 43 120
77 924 195 1042

>H02I12.2.1
0 77 0 77
77 531 721 1175

