>ENSCINT00000016773
0 99 59 158
99 192 250 343
192 329 401 538
329 538 1252 1461
538 611 1715 1788
611 721 1844 1954
721 750 2259 2288

>ENSCSAVT00000007104
0 99 135 234
99 192 571 664
192 329 1058 1195
329 538 1622 1831
538 611 3478 3551
611 721 3897 4007
721 843 4423 4545
843 903 5076 5136

>FBtr0077731
0 918 504 1422

>FBtr0077734
0 918 504 1422

>FBtr0079389
0 117 285 402
117 550 462 895
550 727 964 1141
727 897 1201 1371

>F49E8.5.1
0 295 144 439
295 789 513 1007
789 939 1121 1271

>F49E8.5.2
0 295 144 439
295 789 513 1007
789 939 1121 1271

>F49E8.5.3
0 295 144 439
295 789 513 1007
789 939 1121 1271

>YOR100C_mRNA
0 984 0 984

