>ENSGGOT00000052717
0 173 0 173
173 240 192 259

>ENSPTRT00000089301
0 7 0 7
7 246 31 270

>ENSMFAT00000043234
0 258 0 258

>ENSMNET00000030219
0 258 0 258

>ENSMLET00000059185
0 7 0 7
7 234 31 258

>ENSPANT00000051321
0 258 0 258

>ENSPANT00000044469
0 9 0 9
9 216 50 257

>ENSTGET00000002550
0 258 0 258

>ENSPANT00000033686
0 258 0 258

>ENSTGET00000006080
0 258 0 258

>ENSMFAT00000065529
0 258 0 258

>ENSCATT00000047982
0 7 0 7
7 234 31 258

>ENSPTET00000036849
0 258 0 258

>ENSCJAT00000094528
0 115 0 115
115 261 1104 1250

