>FBtr0075786
0 134 254 388
134 1830 447 2143

>FBtr0333025
0 134 254 388
134 1830 447 2143

>FBtr0075785
0 134 254 388
134 1830 447 2143

>F35H10.7a.1
0 44 296 340
44 124 430 510
124 200 554 630
200 639 684 1123
639 755 1448 1564
755 1007 1618 1870
1007 1452 1991 2436
1452 1536 2488 2572

>F35H10.7a.2
0 44 296 340
44 124 430 510
124 200 554 630
200 639 684 1123
639 755 1448 1564
755 1007 1618 1870
1007 1452 1991 2436
1452 1536 2488 2572

>F35H10.7b.1
0 73 437 510
73 149 554 630
149 588 684 1123
588 704 1448 1564
704 956 1618 1870
956 1401 1991 2436
1401 1485 2488 2572

>ENSSMAT00000007997
0 196 0 196
196 266 1012 1082
266 305 2264 2303
305 438 3044 3177
438 513 4392 4467
513 667 5461 5615
667 749 5767 5849
749 887 6205 6343
887 1044 7165 7322
1044 1151 7885 7992
1151 1281 8180 8310
1281 1471 8973 9163
1471 1664 9257 9450
1664 1830 9828 9994

