>C10F3.3.1
0 222 0 222
222 315 550 643
315 481 691 857
481 618 901 1038
618 941 1089 1412
941 1181 1461 1701
1181 1406 1922 2147
1406 1656 2202 2452
1656 1745 2509 2598
1745 1916 2646 2817
1916 2070 2862 3016
2070 2285 3064 3279
2285 2355 3325 3395
2355 2514 3455 3614
2514 2763 3867 4116
2763 3135 4193 4565
3135 3243 5277 5385

>FBtr0074897
0 184 10135 10319
184 318 24981 25115
318 516 25335 25533
516 639 25593 25716
639 834 26440 26635
834 1062 26942 27170
1062 1190 27447 27575
1190 1349 29795 29954
1349 2101 31573 32325
2101 2200 32637 32736
2200 2319 33566 33685
2319 2546 34054 34281
2546 2754 34349 34557
2754 3068 34981 35295
3068 3231 35382 35545
3231 3444 35603 35816
3444 3549 36084 36189
3549 3792 36804 37047
3792 3921 37577 37706

>FBtr0304746
0 184 10135 10319
184 318 24981 25115
318 516 25335 25533
516 639 25593 25716
639 834 26440 26635
834 1062 26942 27170
1062 1190 27447 27575
1190 1349 29795 29954
1349 2101 31573 32325
2101 2200 32637 32736
2200 2319 33566 33685
2319 2546 34054 34281
2546 2754 34349 34557
2754 3068 34981 35295
3068 3231 35382 35545
3231 3444 35603 35816
3444 3549 36084 36189
3549 3564 36312 36327
3564 3807 36804 37047
3807 3936 37577 37706

