>ENSPTRT00000019490
0 31 1223 1254
31 206 10577 10752
206 288 12905 12987
288 393 13238 13343
393 1668 15660 16935
1668 1763 20068 20163
1763 1914 23176 23327

>ENSPTRT00000099004
0 31 1223 1254
31 206 10577 10752
206 288 12905 12987
288 393 13238 13343
393 1668 15660 16935
1668 1763 20068 20163
1763 1856 22728 22821
1856 2007 23176 23327

>ENSPTRT00000111380
0 31 1223 1254
31 206 10577 10752
206 288 12905 12987
288 393 13238 13343
393 488 20068 20163
488 581 22728 22821
581 732 23176 23327

>ENSPPAT00000059503
0 31 0 31
31 206 8468 8643
206 288 10792 10874
288 393 11125 11230
393 1041 13543 14191
1041 1665 14194 14818
1665 1760 17940 18035
1760 1853 20597 20690
1853 2004 21045 21196

>ENSPPAT00000059506
0 31 0 31
31 206 8468 8643
206 288 10792 10874
288 393 11125 11230
393 1041 13543 14191
1041 1665 14194 14818
1665 1760 17940 18035
1760 1911 21045 21196

>ENSPPAT00000059508
0 31 0 31
31 206 8468 8643
206 288 10792 10874
288 393 11125 11230
393 488 17940 18035
488 581 20597 20690
581 732 21045 21196

>ENSGGOT00000000973
0 31 1272 1303
31 206 10580 10755
206 288 12979 13061
288 393 13312 13417
393 1668 15737 17012
1668 1763 20140 20235
1763 1856 22807 22900
1856 2007 23255 23406

>ENSGGOT00000053559
0 31 1272 1303
31 206 10580 10755
206 288 12979 13061
288 393 13312 13417
393 488 20140 20235
488 581 22807 22900
581 732 23255 23406

>ENSGGOT00000042625
0 31 1272 1303
31 206 10580 10755
206 288 12979 13061
288 393 13312 13417
393 1668 15737 17012
1668 1763 20140 20235
1763 1914 23255 23406

>ENST00000586783
0 31 1560 1591
31 206 10906 11081
206 288 13229 13311
288 393 13562 13667
393 1668 15990 17265
1668 1763 20397 20492
1763 1856 23052 23145
1856 2007 23500 23651

>ENST00000346736
0 31 1560 1591
31 206 10906 11081
206 288 13229 13311
288 393 13562 13667
393 1668 15990 17265
1668 1763 20397 20492
1763 1914 23500 23651

>ENST00000591586
0 31 1560 1591
31 206 10906 11081
206 288 13229 13311
288 393 13562 13667
393 488 20397 20492
488 581 23052 23145
581 732 23500 23651

