>ENSPMAT00000002237
0 92 0 92
92 95 654 657
95 192 2175 2272
192 297 2750 2855
297 355 3258 3316
355 407 3539 3591
407 562 4316 4471
562 653 4864 4955
653 719 5538 5604
719 803 6092 6176
803 988 7674 7859
988 1033 8283 8328
1033 1098 9030 9095
1098 1166 9445 9513
1166 1185 12371 12390

>ENSEBUT00000012188
0 65 85 150
65 165 15106 15206
165 258 20741 20834
258 316 20991 21049
316 368 22048 22100
368 523 24968 25123
523 614 27888 27979
614 680 30633 30699
680 816 34859 34995
816 946 35207 35337
946 991 41740 41785
991 1209 41903 42121

>ENSEBUT00000012214
0 65 85 150
65 165 15106 15206
165 258 20741 20834
258 316 20991 21049
316 368 22048 22100
368 523 24968 25123
523 614 27888 27979
614 680 30633 30699
680 816 34859 34995
816 946 35207 35337
946 991 41740 41785
991 1056 41903 41968
1056 1124 42166 42234
1124 1143 44095 44114

>ENSSFOT00015007624
0 86 9 95
86 180 880 974
180 273 1717 1810
273 331 3731 3789
331 383 4462 4514
383 538 5037 5192
538 629 5370 5461
629 695 5816 5882
695 822 5970 6097
822 952 6404 6534
952 997 7148 7193
997 1062 8364 8429
1062 1130 8985 9053
1130 1149 9441 9460

>ENSPKIT00000033111
0 86 873 959
86 180 1668 1762
180 273 1865 1958
273 331 2368 2426
331 383 2927 2979
383 538 3356 3511
538 629 3950 4041
629 695 4230 4296
695 822 4383 4510
822 952 5400 5530
952 997 8589 8634
997 1062 9262 9327
1062 1130 10015 10083
1130 1149 10255 10274

>ENSSFOT00015002567
0 86 781 867
86 180 2015 2109
180 273 2968 3061
273 331 3303 3361
331 383 3558 3610
383 538 3751 3906
538 629 4332 4423
629 695 4523 4589
695 822 4871 4998
822 952 5164 5294
952 997 6433 6478
997 1062 6613 6678
1062 1134 6786 6858

>ENSPKIT00000032889
0 86 0 86
86 180 1004 1098
180 273 2036 2129
273 331 2270 2328
331 383 2429 2481
383 538 2639 2794
538 629 3014 3105
629 695 3194 3260
695 831 3468 3604
831 961 4123 4253
961 1006 4724 4769
1006 1071 5391 5456
1071 1139 5555 5623
1139 1158 6814 6833

>ENSAMXT00000006245
0 86 261 347
86 180 1280 1374
180 273 1484 1577
273 331 1680 1738
331 383 1847 1899
383 538 1985 2140
538 629 3040 3131
629 695 3210 3276
695 822 3402 3529
822 952 4498 4628
952 997 5188 5233
997 1062 5319 5384
1062 1130 6399 6467
1130 1131 6572 6573

