>B0222.11.1
0 144 0 144
144 288 448 592
288 363 697 772
363 514 825 976
514 670 1039 1195
670 838 1659 1827
838 1071 1878 2111

>T16H12.9.1
0 78 0 78
78 210 644 776
210 291 823 904
291 391 1174 1274
391 450 1410 1469
450 712 1772 2034
712 825 2386 2499
825 912 2557 2644

>Y95B8A.6a.1
0 101 3689 3790
101 280 4962 5141
280 477 5232 5429
477 594 6756 6873

>Y95B8A.6a.2
0 101 3689 3790
101 280 4962 5141
280 477 5232 5429
477 594 6756 6873

>Y95B8A.6b.1
0 195 5234 5429
195 312 6756 6873

>Y95B8A.6b.2
0 195 5234 5429
195 312 6756 6873

>Y95B8A.6c.1
0 69 178 247
69 206 1986 2123
206 407 3589 3790
407 586 4962 5141
586 783 5232 5429
783 900 6756 6873

>Y95B8A.6d.1
0 69 178 247
69 206 1986 2123
206 407 3589 3790
407 594 4962 5149

>F39D8.3a.1
0 104 1546 1650
104 282 1699 1877
282 435 1947 2100
435 575 2143 2283
575 757 2329 2511
757 934 3142 3319
934 1057 3380 3503
1057 1089 3797 3829

>F39D8.3b.1
0 106 92 198
106 227 1529 1650
227 405 1699 1877
405 558 1947 2100
558 698 2143 2283
698 880 2329 2511
880 1057 3142 3319
1057 1180 3380 3503
1180 1212 3797 3829

>F39D8.3c.1
0 97 3406 3503
97 129 3797 3829

>F39D8.3d.1
0 169 3334 3503
169 201 3797 3829

>F25B3.2.1
0 153 21 174
153 272 217 336
272 474 704 906
474 841 1150 1517
841 936 2389 2484
936 1008 2543 2615

