>ENSSFOT00015019551
0 105 4243 4348
105 198 4548 4641
198 329 4785 4916
329 404 5059 5134
404 522 5466 5584

>ENSSFOT00015019574
0 96 4252 4348
96 189 4548 4641
189 320 4785 4916
320 438 5466 5584

>ENSPKIT00000042308
0 105 4203 4308
105 198 4650 4743
198 329 4998 5129
329 404 5291 5366
404 522 5795 5913

>ENSDCDT00000012189
0 86 3877 3963
86 174 4227 4315
174 267 4586 4679
267 398 4771 4902
398 473 5015 5090
473 591 5241 5359

>ENSDCDT00000012200
0 105 4210 4315
105 198 4586 4679
198 329 4771 4902
329 447 5241 5359

>ENSCHAT00000011601
0 105 497 602
105 198 773 866
198 329 997 1128
329 404 1333 1408
404 522 1752 1870

>ENSCHAT00000011609
0 105 497 602
105 198 773 866
198 329 997 1128
329 447 1752 1870

>ENSCHAT00000011645
0 100 506 606
100 124 660 684
124 198 792 866
198 331 997 1130
331 404 1335 1408
404 522 1752 1870

>ENSAMXT00000048569
0 105 4004 4109
105 198 4428 4521
198 329 4607 4738
329 404 5424 5499
404 522 5723 5841

>ENSAMXT00000051769
0 105 4004 4109
105 198 4428 4521
198 329 4607 4738
329 447 5723 5841

