>B0416.6.1
0 84 30 114
84 243 160 319
243 288 494 539
288 344 586 642
344 453 693 802
453 598 851 996
598 708 1041 1151
708 788 1206 1286
788 938 1533 1683
938 1029 1727 1818
1029 1142 1867 1980
1142 1350 2414 2622

>M01F1.1.1
0 84 10 94
84 225 141 282
225 276 585 636
276 332 686 742
332 589 859 1116
589 699 1237 1347
699 779 1402 1482
779 929 1725 1875
929 1020 2062 2153
1020 1130 2384 2494
1130 1200 2547 2617
1200 1314 2702 2816

>F48E3.1a.1
0 123 308 431
123 186 483 546
186 281 615 710
281 399 761 879
399 517 928 1046
517 596 1109 1188
596 860 1763 2027
860 984 2192 2316
984 1043 2364 2423
1043 1113 2463 2533
1113 1298 2576 2761
1298 1404 2806 2912

>F48E3.1a.2
0 123 308 431
123 186 483 546
186 281 615 710
281 399 761 879
399 517 928 1046
517 596 1109 1188
596 860 1763 2027
860 984 2192 2316
984 1043 2364 2423
1043 1113 2463 2533
1113 1298 2576 2761
1298 1404 2806 2912

>F48E3.1b.1
0 123 308 431
123 186 483 546
186 281 615 710
281 399 761 879
399 517 928 1046
517 596 1109 1188
596 860 1763 2027
860 984 2192 2316
984 1043 2364 2423
1043 1113 2463 2533
1113 1298 2576 2761
1298 1391 2806 2899
1391 1632 3811 4052

>ENSSMRT00000027706
0 114 3194 3308
114 220 7786 7892
220 336 8678 8794
336 402 9784 9850
402 516 11278 11392
516 634 12784 12902
634 733 13289 13388
733 861 14456 14584
861 932 14992 15063
932 1008 16459 16535
1008 1092 22187 22271
1092 1134 22701 22743
1134 1193 23167 23226
1193 1266 24442 24515
1266 1395 24658 24787
1395 1521 27325 27451
1521 1586 28095 28160
1586 1631 29358 29403
1631 1767 29537 29673
1767 1877 29877 29987
1877 1974 30600 30697

>ENSSMRT00000027707
0 114 3194 3308
114 220 7786 7892
220 336 8678 8794
336 450 11278 11392
450 568 12784 12902
568 667 13289 13388
667 795 14456 14584
795 866 14992 15063
866 942 16459 16535
942 1026 22187 22271
1026 1068 22701 22743
1068 1127 23167 23226
1127 1200 24442 24515
1200 1329 24658 24787
1329 1455 27325 27451
1455 1520 28095 28160
1520 1565 29358 29403
1565 1701 29537 29673
1701 1811 29877 29987
1811 1908 30600 30697

>ENSSMRT00000027708
0 114 3194 3308
114 220 7786 7892
220 336 8678 8794
336 402 9784 9850
402 520 12784 12902
520 619 13289 13388
619 747 14456 14584
747 818 14992 15063
818 894 16459 16535
894 978 22187 22271
978 1020 22701 22743
1020 1079 23167 23226
1079 1152 24442 24515
1152 1281 24658 24787
1281 1407 27325 27451
1407 1472 28095 28160
1472 1517 29358 29403
1517 1653 29537 29673
1653 1763 29877 29987
1763 1860 30600 30697

