>ENSAOCT00000010321
0 69 0 69
69 393 4240 4564
393 429 8614 8650

>ENSACIT00000008230
0 117 0 117
117 414 2863 3160
414 492 4114 4192

>ENSAPET00000003547
0 194 0 194
194 406 1922 2134
406 423 3744 3761

>ENSMALT00000012527
0 173 0 173
173 365 3525 3717
365 483 4187 4305

>ENSPFOT00000024959
0 70 194 264
70 409 2824 3163
409 426 3308 3325

>ENSPLAT00000027286
0 22 0 22
22 364 702 1044
364 459 5665 5760

>ENSPRET00000028517
0 388 0 388
388 564 1401 1577

>ENSGAFT00000017209
0 17 0 17
17 422 2505 2910
422 510 3508 3596

>ENSFHET00000009695
0 393 0 393
393 468 1068 1143

>ENSCVAT00000024687
0 419 0 419
419 456 4438 4475

>ENSKMAT00000023560
0 115 0 115
115 427 3207 3519
427 504 8135 8212

