>ENSXETT00000055601
0 3 127 130
3 83 22568 22648
83 122 24016 24055
122 321 24435 24634
321 535 25332 25546
535 660 26441 26566
660 832 27308 27480
832 1007 27642 27817
1007 1131 28586 28710
1131 1204 29307 29380
1204 1305 30374 30475
1305 1440 31633 31768
1440 1494 31995 32049
1494 1635 32482 32623
1635 1770 33824 33959
1770 2051 40726 41007
2051 2280 41971 42200
2280 2436 42961 43117
2436 2580 44002 44146
2580 2709 45041 45170
2709 3006 47406 47703
3006 3181 49486 49661
3181 3308 52289 52416
3308 3493 52792 52977
3493 3626 55309 55442
3626 4333 55616 56323
4333 4413 57525 57605
4413 4510 58053 58150
4510 4584 58266 58340
4584 4625 60333 60374
4625 4651 60777 60803
4651 4702 61401 61452
4702 4768 61541 61607
4768 5052 62657 62941
5052 5135 63206 63289
5135 5341 64739 64945
5341 5393 65659 65711
5393 5499 67821 67927

>ENSXETT00000055602
0 3 127 130
3 83 22568 22648
83 122 24016 24055
122 321 24435 24634
321 535 25332 25546
535 660 26441 26566
660 832 27308 27480
832 1007 27642 27817
1007 1131 28586 28710
1131 1204 29307 29380
1204 1305 30374 30475
1305 1440 31633 31768
1440 1494 31995 32049
1494 1635 32482 32623
1635 1770 33824 33959
1770 2051 40726 41007
2051 2280 41971 42200
2280 2436 42961 43117
2436 2580 44002 44146
2580 2709 45041 45170
2709 3006 47406 47703
3006 3181 49486 49661
3181 3308 52289 52416
3308 3493 52792 52977
3493 3626 55309 55442
3626 4333 55616 56323
4333 4413 57525 57605
4413 4510 58053 58150
4510 4584 58266 58340
4584 4625 60333 60374
4625 4651 60777 60803
4651 4702 61401 61452
4702 4768 61541 61607
4768 5052 62657 62941
5052 5135 63206 63289
5135 5341 64739 64945
5341 5393 65659 65711
5393 5500 68459 68566
5500 5625 69484 69609

>ENSXETT00000055605
0 3 127 130
3 83 22568 22648
83 122 24016 24055
122 321 24435 24634
321 535 25332 25546
535 660 26441 26566
660 832 27308 27480
832 1007 27642 27817
1007 1135 28586 28714
1135 1236 30374 30475
1236 1371 31633 31768
1371 1425 31995 32049
1425 1589 32482 32646
1589 1656 33892 33959
1656 1901 40762 41007
1901 2130 41971 42200
2130 2286 42961 43117
2286 2367 44065 44146
2367 2514 45041 45188
2514 2622 47421 47529
2622 2754 47571 47703
2754 2929 49486 49661
2929 3056 52289 52416
3056 3241 52792 52977
3241 3374 55309 55442
3374 3658 55616 55900
3658 3679 61457 61478
3679 3775 61511 61607
3775 4059 62657 62941
4059 4142 63206 63289
4142 4348 64739 64945
4348 4404 65659 65715

>ENSXETT00000055606
0 86 22562 22648
86 125 24016 24055
125 324 24435 24634
324 538 25332 25546
538 663 26441 26566
663 780 27308 27425
780 794 27485 27499
794 986 27625 27817
986 1110 28586 28710
1110 1183 29307 29380
1183 1284 30374 30475
1284 1419 31633 31768
1419 1473 31995 32049
1473 1614 32482 32623
1614 1749 33824 33959
1749 2030 40726 41007
2030 2259 41971 42200
2259 2415 42961 43117
2415 2559 44002 44146
2559 2688 45041 45170
2688 2985 47406 47703
2985 3160 49486 49661
3160 3287 52289 52416
3287 3472 52792 52977
3472 3605 55309 55442
3605 4312 55616 56323
4312 4389 57525 57602
4389 4486 58053 58150
4486 4604 58266 58384
4604 4660 61551 61607
4660 4944 62657 62941
4944 5027 63206 63289
5027 5233 64739 64945
5233 5285 65659 65711
5285 5392 68459 68566
5392 5517 69484 69609

>ENSXETT00000055607
0 86 22562 22648
86 125 24016 24055
125 324 24435 24634
324 538 25332 25546
538 663 26441 26566
663 835 27308 27480
835 1010 27642 27817
1010 1134 28586 28710
1134 1207 29307 29380
1207 1308 30374 30475
1308 1443 31633 31768
1443 1497 31995 32049
1497 1638 32482 32623
1638 1773 33824 33959
1773 2054 40726 41007
2054 2283 41971 42200
2283 2439 42961 43117
2439 2583 44002 44146
2583 2712 45041 45170
2712 3009 47406 47703
3009 3184 49486 49661
3184 3311 52289 52416
3311 3496 52792 52977
3496 3629 55309 55442
3629 4376 55616 56363
4376 4447 58207 58278
4447 4498 61401 61452
4498 4564 61541 61607
4564 4848 62657 62941
4848 4931 63206 63289
4931 5137 64739 64945
5137 5189 65659 65711
5189 5296 68459 68566
5296 5421 69484 69609

>ENSXETT00000055608
0 86 22562 22648
86 125 24016 24055
125 324 24435 24634
324 538 25332 25546
538 663 26441 26566
663 835 27308 27480
835 1010 27642 27817
1010 1134 28586 28710
1134 1207 29307 29380
1207 1308 30374 30475
1308 1443 31633 31768
1443 1497 31995 32049
1497 1638 32482 32623
1638 1773 33824 33959
1773 2054 40726 41007
2054 2283 41971 42200
2283 2439 42961 43117
2439 2583 44002 44146
2583 2712 45041 45170
2712 3009 47406 47703
3009 3184 49486 49661
3184 3311 52289 52416
3311 3496 52792 52977
3496 3629 55309 55442
3629 4336 55616 56323
4336 4420 57525 57609
4420 4471 61401 61452
4471 4537 61541 61607
4537 4821 62657 62941
4821 4904 63206 63289
4904 5110 64739 64945
5110 5162 65659 65711
5162 5269 68459 68566
5269 5394 69484 69609

>ENSXETT00000055609
0 86 22562 22648
86 125 24016 24055
125 324 24435 24634
324 538 25332 25546
538 663 26441 26566
663 835 27308 27480
835 1010 27642 27817
1010 1134 28586 28710
1134 1207 29307 29380
1207 1308 30374 30475
1308 1443 31633 31768
1443 1497 31995 32049
1497 1638 32482 32623
1638 1773 33824 33959
1773 2054 40726 41007
2054 2283 41971 42200
2283 2439 42961 43117
2439 2583 44002 44146
2583 2712 45041 45170
2712 3009 47406 47703
3009 3184 49486 49661
3184 3311 52289 52416
3311 3496 52792 52977
3496 3629 55309 55442
3629 4336 55616 56323
4336 4420 57525 57609
4420 4516 61511 61607
4516 4800 62657 62941
4800 4883 63206 63289
4883 5089 64739 64945
5089 5141 65659 65711
5141 5248 68459 68566
5248 5373 69484 69609

>ENSXETT00000055611
0 86 22562 22648
86 125 24016 24055
125 324 24435 24634
324 538 25332 25546
538 663 26441 26566
663 835 27308 27480
835 1010 27642 27817
1010 1138 28586 28714
1138 1239 30374 30475
1239 1374 31633 31768
1374 1428 31995 32049
1428 1569 32482 32623
1569 1704 33824 33959
1704 1985 40726 41007
1985 2214 41971 42200
2214 2370 42961 43117
2370 2514 44002 44146
2514 2643 45041 45170
2643 2940 47406 47703
2940 3115 49486 49661
3115 3242 52289 52416
3242 3427 52792 52977
3427 3560 55309 55442
3560 4267 55616 56323
4267 4351 57525 57609
4351 4402 61401 61452
4402 4468 61541 61607
4468 4752 62657 62941
4752 4835 63206 63289
4835 5041 64739 64945
5041 5093 65659 65711
5093 5200 68459 68566
5200 5325 69484 69609

>ENSXETT00000055613
0 74 6850 6924
74 113 7354 7393
113 294 8215 8396
294 508 8976 9190
508 633 10133 10258
633 805 10346 10518
805 980 11374 11549
980 1104 15338 15462
1104 1177 15773 15846
1177 1282 17011 17116
1282 1417 19861 19996
1417 1464 20883 20930
1464 1596 21421 21553
1596 1874 24015 24293
1874 2103 25227 25456
2103 2262 27183 27342
2262 2349 29128 29215
2349 2478 29589 29718
2478 2615 31022 31159
2615 2718 31207 31310
2718 2893 34128 34303
2893 3020 34520 34647
3020 3202 39485 39667
3202 3335 41547 41680
3335 3703 43262 43630
3703 3820 52484 52601
3820 3886 53060 53126
3886 4170 54892 55176
4170 4253 55620 55703
4253 4459 57458 57664
4459 4511 58841 58893
4511 4618 60390 60497
4618 4761 61238 61381

>ENSXETT00000055614
0 74 6850 6924
74 113 7354 7393
113 294 8215 8396
294 508 8976 9190
508 633 10133 10258
633 805 10346 10518
805 980 11374 11549
980 1104 15338 15462
1104 1177 15773 15846
1177 1282 17011 17116
1282 1476 19861 20055
1476 1589 21421 21534
1589 1955 23927 24293
1955 2184 25227 25456
2184 2337 27183 27336
2337 2481 29071 29215
2481 2610 29589 29718
2610 2898 31022 31310
2898 3073 34128 34303
3073 3200 34520 34647
3200 3382 39485 39667
3382 3515 41547 41680
3515 4125 43277 43887
4125 4360 49346 49581
4360 4426 53060 53126
4426 4710 54892 55176
4710 4793 55620 55703
4793 4999 57458 57664
4999 5051 58841 58893
5051 5158 60390 60497
5158 5211 61093 61146

>ENSXETT00000055615
0 74 6850 6924
74 113 7354 7393
113 294 8215 8396
294 508 8976 9190
508 633 10133 10258
633 805 10346 10518
805 980 11374 11549
980 1104 15338 15462
1104 1177 15773 15846
1177 1282 17011 17116
1282 1417 19861 19996
1417 1464 20883 20930
1464 1577 21421 21534
1577 1707 23299 23429
1707 1955 24045 24293
1955 2184 25227 25456
2184 2341 27183 27340
2341 2454 29102 29215
2454 2583 29589 29718
2583 2871 31022 31310
2871 3046 34128 34303
3046 3173 34520 34647
3173 3355 39485 39667
3355 3488 41547 41680
3488 3525 43177 43214
3525 3754 43305 43534
3754 3943 52725 52914
3943 4009 53060 53126
4009 4293 54892 55176
4293 4376 55620 55703
4376 4582 57458 57664
4582 4634 58841 58893
4634 4741 60390 60497
4741 4812 60804 60875

>ENSXETT00000055616
0 74 6850 6924
74 113 7354 7393
113 294 8215 8396
294 508 8976 9190
508 633 10133 10258
633 805 10346 10518
805 980 11374 11549
980 1104 15338 15462
1104 1177 15773 15846
1177 1282 17011 17116
1282 1449 19861 20028
1449 1562 21421 21534
1562 1928 23927 24293
1928 2157 25227 25456
2157 2310 27183 27336
2310 2454 29071 29215
2454 2583 29589 29718
2583 2871 31022 31310
2871 3046 34128 34303
3046 3173 34520 34647
3173 3355 39485 39667
3355 3488 41547 41680
3488 3525 43177 43214
3525 4107 43305 43887
4107 4342 49346 49581
4342 4408 53060 53126
4408 4692 54892 55176
4692 4775 55620 55703
4775 4981 57458 57664
4981 5033 58841 58893
5033 5190 60390 60547

>ENSXETT00000055617
0 6 6553 6559
6 86 6844 6924
86 125 7354 7393
125 306 8215 8396
306 520 8976 9190
520 645 10133 10258
645 817 10346 10518
817 988 11374 11545
988 1187 15349 15548
1187 1318 16985 17116
1318 1480 19861 20023
1480 1599 21434 21553
1599 1742 23297 23440
1742 1997 24038 24293
1997 2226 25227 25456
2226 2427 27183 27384
2427 2556 29589 29718
2556 2693 31022 31159
2693 2796 31207 31310
2796 2971 34128 34303
2971 3098 34520 34647
3098 3280 39485 39667
3280 3413 41547 41680
3413 3688 43277 43552
3688 3754 53060 53126
3754 4038 54892 55176
4038 4121 55620 55703
4121 4327 57458 57664
4327 4379 58841 58893
4379 4536 60390 60547

>ENSOANT00000014855
0 34 0 34
34 36 189 191
36 116 521 601
116 315 4152 4351
315 529 5137 5351
529 654 6653 6778
654 826 7546 7718
826 840 8510 8524
840 873 8963 8996
873 904 10103 10134
904 1079 10232 10407
1079 1110 11043 11074

>ENSOANT00000039863
0 709 231 940
709 789 3318 3398
789 849 4819 4879
849 946 5635 5732
946 1017 6730 6801
1017 1052 8026 8061
1052 1078 9410 9436
1078 1129 10165 10216
1129 1203 10308 10382

>ENSEBUT00000024197
0 196 224 420
196 297 639 740
297 432 71493 71628
432 486 84965 85019
486 627 89466 89607
627 783 89776 89932
783 1104 111148 111469

