>R03A10.6.1
0 66 4504 4570
66 277 4869 5080
277 471 5761 5955
471 571 6013 6113
571 915 6157 6501
915 1061 6549 6695
1061 1247 7172 7358
1247 1323 7406 7482
1323 1444 8030 8151
1444 1584 8574 8714

>R03A10.6.2
0 66 4504 4570
66 277 4869 5080
277 471 5761 5955
471 571 6013 6113
571 915 6157 6501
915 1061 6549 6695
1061 1247 7172 7358
1247 1323 7406 7482
1323 1444 8030 8151
1444 1584 8574 8714

>Y69A2AR.15.1
0 33 0 33
33 132 367 466
132 243 1300 1411
243 390 2081 2228
390 464 2288 2362
464 618 3182 3336
618 705 3427 3514
705 815 3845 3955
815 899 4009 4093
899 1096 4781 4978
1096 1202 5463 5569
1202 1398 6198 6394

>FBtr0344824
0 385 32115 32500
385 516 34177 34308
516 578 40718 40780
578 1305 44876 45603

>FBtr0339781
0 385 32115 32500
385 516 34177 34308
516 578 40718 40780
578 1305 44876 45603

>FBtr0070778
0 385 32115 32500
385 516 34177 34308
516 578 40718 40780
578 1305 44876 45603

