>F46C5.8.1
0 63 22 85
63 168 138 243
168 264 353 449
264 350 494 580
350 486 635 771
486 576 819 909

>F46C5.8.2
0 63 22 85
63 168 138 243
168 264 353 449
264 350 494 580
350 486 635 771
486 576 819 909

>FBtr0084814
0 69 466 535
69 609 596 1136

>FBtr0347395
0 69 466 535
69 795 596 1322

>ENSLACT00000011266
0 81 3621 3702
81 186 5815 5920
186 286 6266 6366
286 374 7262 7350
374 510 8138 8274
510 600 9218 9308

>ENSECRT00000029519
0 87 3113 3200
87 192 3470 3575
192 292 3800 3900
292 371 34130 34209
371 507 34318 34454
507 597 45821 45911

>ENSSFOT00015013339
0 81 2982 3063
81 186 3524 3629
186 286 3874 3974
286 365 4355 4434
365 501 6188 6324
501 591 6490 6580

>ENSSFOT00015013354
0 81 2982 3063
81 186 3524 3629
186 286 3874 3974
286 365 4355 4434
365 501 6188 6324
501 591 6490 6580

>ENSPKIT00000012803
0 81 2338 2419
81 186 2782 2887
186 286 3414 3514
286 365 3817 3896
365 501 7974 8110
501 591 8252 8342

>ENSPKIT00000012817
0 81 2338 2419
81 186 2782 2887
186 286 3414 3514
286 365 3817 3896
365 501 7974 8110
501 556 8252 8307
556 567 9317 9328

>ENSPKIT00000012838
0 81 2338 2419
81 186 2782 2887
186 286 3414 3514
286 468 7928 8110
468 558 8252 8342

>ENSSFOT00015016787
0 81 2011 2092
81 186 2350 2455
186 286 2789 2889
286 365 3077 3156
365 501 3743 3879
501 591 4413 4503

>ENSSFOT00015016797
0 81 2011 2092
81 186 2350 2455
186 286 2789 2889
286 365 3077 3156
365 501 3743 3879
501 591 4413 4503

>ENSPKIT00000015024
0 81 0 81
81 186 487 592
186 286 677 777
286 392 1099 1205
392 501 1292 1401
501 549 5578 5626

>ENSPKIT00000015063
0 81 0 81
81 186 487 592
186 286 677 777
286 389 1099 1202
389 627 1292 1530

>ENSDCDT00000040762
0 81 1454 1535
81 186 1641 1746
186 286 1857 1957
286 365 2228 2307
365 501 2435 2571
501 591 2674 2764

>ENSDCDT00000040764
0 81 1454 1535
81 186 1641 1746
186 286 1857 1957
286 365 2228 2307
365 501 2435 2571
501 556 2674 2729
556 576 3622 3642

>ENSCHAT00000052604
0 81 2241 2322
81 186 2469 2574
186 286 3005 3105
286 365 3625 3704
365 501 6097 6233
501 556 7072 7127
556 619 8190 8253
619 630 8429 8440

>ENSCHAT00000052607
0 81 2241 2322
81 186 2469 2574
186 286 3005 3105
286 365 3625 3704
365 501 6097 6233
501 556 7072 7127
556 567 8429 8440

>ENSCHAT00000052626
0 81 2241 2322
81 186 2469 2574
186 286 3005 3105
286 365 3625 3704
365 501 6097 6233
501 556 7072 7127
556 579 8076 8099

>ENSPNAT00000030237
0 81 1662 1743
81 186 1932 2037
186 286 2374 2474
286 365 5696 5775
365 501 9500 9636
501 556 9795 9850
556 567 10927 10938

>ENSPNAT00000030245
0 43 663 706
43 129 1657 1743
129 234 1932 2037
234 334 2374 2474
334 413 5696 5775
413 549 9500 9636
549 604 9795 9850
604 615 10927 10938

>ENSAMXT00000030850
0 81 5 86
81 186 238 343
186 286 668 768
286 365 4195 4274
365 501 5311 5447
501 591 6124 6214

>ENSAMXT00000036924
0 81 5 86
81 186 238 343
186 286 668 768
286 365 4195 4274
365 501 5311 5447
501 591 6124 6214

>ENSIPUT00000031990
0 81 8191 8272
81 186 9173 9278
186 286 10523 10623
286 365 13548 13627
365 501 16785 16921
501 556 17065 17120
556 567 18024 18035

>ENSIPUT00000032002
0 81 8191 8272
81 186 9173 9278
186 286 10523 10623
286 365 13548 13627
365 501 16785 16921
501 556 17065 17120
556 567 18024 18035

>ENSEEET00000002016
0 81 1085 1166
81 186 1341 1446
186 286 1664 1764
286 365 3000 3079
365 501 4203 4339
501 591 4511 4601

>ENSEEET00000002020
0 81 1085 1166
81 186 1341 1446
186 286 1664 1764
286 365 3000 3079
365 501 4203 4339
501 556 4511 4566
556 567 5662 5673

