>ENSCSAVT00000018514
0 148 22 170
148 340 591 783
340 535 1126 1321
535 594 2033 2092

>ENSCINT00000025990
0 31 542 573
31 128 847 944
128 281 1274 1427
281 418 1723 1860
418 619 2131 2332
619 687 2508 2576
687 714 2949 2976

>ENSCSAVT00000015510
0 43 498 541
43 155 1566 1678
155 307 2109 2261
307 471 3334 3498
471 645 4045 4219
645 832 4502 4689
832 970 5534 5672
970 1097 5935 6062
1097 1210 6732 6845
1210 1323 7268 7381

>ENSCINT00000035809
0 67 54 121
67 271 662 866
271 463 1163 1355
463 661 1642 1840
661 702 2157 2198

>ENSCSAVT00000013374
0 64 3311 3375
64 181 4327 4444
181 367 4861 5047
367 479 5350 5462
479 631 5535 5687
631 790 6071 6230
790 969 7180 7359

>ENSCSAVT00000013376
0 61 3893 3954
61 247 4258 4444
247 433 4861 5047
433 545 5350 5462
545 697 5535 5687
697 861 6071 6235
861 1035 7185 7359

>ENSCSAVT00000013377
0 62 666 728
62 161 1206 1305
161 283 1658 1780
283 382 2079 2178
382 521 2990 3129
521 641 3284 3404
641 754 3841 3954
754 940 4258 4444
940 1095 4861 5016

>ENSCSAVT00000013378
0 58 53 111
58 144 299 385
144 161 632 649
161 263 3302 3404
263 376 3841 3954
376 562 4258 4444
562 717 4861 5016

>ENSCSAVT00000013379
0 58 53 111
58 144 299 385
144 220 632 708
220 286 2112 2178
286 421 2990 3125
421 528 3280 3387

>ENSCINT00000002799
0 85 1329 1414
85 280 1967 2162
280 469 2542 2731
469 655 3029 3215
655 767 3900 4012
767 795 4938 4966

>ENSCINT00000033575
0 91 22 113
91 283 457 649
283 484 1104 1305
484 673 1717 1906
673 871 2272 2470
871 1066 2806 3001
1066 1245 3392 3571

>ENSCSAVT00000012144
0 49 76 125
49 135 824 910
135 237 1051 1153
237 358 1688 1809
358 496 2537 2675
496 620 2751 2875
620 733 3249 3362
733 922 3443 3632
922 1108 4110 4296
1108 1220 4938 5050
1220 1376 5786 5942
1376 1533 6512 6669
1533 1722 7685 7874

>ENSCSAVT00000012145
0 49 76 125
49 135 824 910
135 237 1051 1153
237 358 1688 1809
358 496 2537 2675
496 586 2751 2841
586 708 7752 7874

>ENSCSAVT00000019766
0 75 1933 2008
75 256 2337 2518
256 383 2719 2846
383 502 3120 3239
502 697 3479 3674
697 895 4175 4373
895 1093 4692 4890
1093 1285 5164 5356
1285 1468 5797 5980
1468 1509 6540 6581
1509 1585 6794 6870
1585 1608 7056 7079

>ENSCSAVT00000019767
0 58 4832 4890
58 250 5164 5356
250 433 5797 5980
433 545 6540 6652
545 621 6794 6870
621 697 7056 7132
697 861 7445 7609
861 1062 8051 8252

>ENSCSAVT00000019768
0 2 1388 1390
2 35 6619 6652
35 111 6794 6870
111 187 7056 7132
187 351 7445 7609
351 552 8051 8252

>ENSCSAVT00000019770
0 49 7083 7132
49 213 7445 7609
213 414 8051 8252

>ENSCSAVT00000019771
0 89 6563 6652
89 165 6794 6870
165 241 7056 7132
241 405 7445 7609

>ENSCSAVT00000019772
0 49 7083 7132
49 213 7445 7609
213 414 8051 8252

>ENSCSAVT00000019773
0 89 6563 6652
89 165 6794 6870
165 231 7056 7122
231 264 8203 8236

>ENSCINT00000005098
0 97 1801 1898
97 235 2591 2729
235 362 2933 3060
362 475 3360 3473
475 673 3768 3966
673 871 4420 4618
871 1069 4833 5031
1069 1267 5305 5503
1267 1462 5718 5913
1462 1660 6292 6490
1660 1849 6750 6939
1849 2044 7098 7293
2044 2239 7436 7631
2239 2440 7692 7893
2440 2632 8036 8228
2632 2821 8299 8488
2821 3007 12278 12464
3007 3205 12647 12845
3205 3400 13162 13357
3400 3589 13426 13615
3589 3784 13688 13883
3784 3973 14073 14262
3973 4162 16130 16319
4162 4354 17901 18093
4354 4546 18933 19125
4546 4744 19370 19568
4744 4798 19637 19691
4798 4921 19706 19829
4921 5107 20283 20469
5107 5299 20670 20862
5299 5491 21341 21533
5491 5680 21718 21907
5680 5792 22109 22221
5792 5944 22463 22615
5944 6069 23036 23161

>ENSCINT00000005107
0 97 1801 1898
97 244 2591 2738
244 272 2829 2857
272 301 3937 3966
301 499 4420 4618
499 585 5287 5373
585 606 6107 6128
606 833 6716 6943
833 860 7002 7029
860 1054 8034 8228
1054 1243 8299 8488
1243 1355 8727 8839
1355 1507 8919 9071
1507 1671 9380 9544
1671 1845 9681 9855

>ENSCINT00000034661
0 16 67 83
16 202 637 823
202 388 1236 1422
388 574 3006 3192
574 654 3584 3664

>ENSCINT00000022580
0 58 13 71
58 144 126 212
144 358 431 645
358 443 928 1013
443 547 1355 1459
547 733 1622 1808
733 916 2098 2281
916 1099 2763 2946
1099 1279 3254 3434
1279 1459 3787 3967
1459 1663 4224 4428
1663 1820 4746 4903
1820 1924 5529 5633
1924 2085 5963 6124
2085 2252 6394 6561
2252 2286 6991 7025

>ENSCSAVT00000010434
0 49 148 197
49 244 1135 1330
244 436 1855 2047
436 597 2634 2795

