>ENSDCDT00000029080
0 221 71 292
221 306 866 951
306 494 1032 1220
494 590 1455 1551
590 708 2189 2307
708 859 2601 2752
859 1179 2991 3311

>ENSDCDT00000029081
0 221 71 292
221 467 974 1220
467 563 1455 1551
563 681 2189 2307
681 832 2601 2752
832 1152 2991 3311

>ENSCHAT00000057620
0 210 320 530
210 566 1068 1424
566 662 1645 1741
662 780 2748 2866
780 931 4002 4153
931 1196 4960 5225
1196 1209 5267 5280
1209 1242 5842 5875

>ENSCHAT00000057631
0 8 0 8
8 189 349 530
189 545 1068 1424
545 641 1645 1741
641 759 2748 2866
759 910 4002 4153
910 1215 4960 5265

>ENSCHAT00000057651
0 251 290 541
251 363 1037 1149
363 548 1239 1424
548 654 1645 1751
654 676 1796 1818
676 705 1851 1880
705 856 4002 4153
856 1161 4960 5265

>ENSEEET00000045841
0 554 0 554
554 627 650 723
627 644 783 800
644 762 1615 1733
762 913 1848 1999
913 1218 4376 4681

>ENSEEET00000045842
0 554 0 554
554 632 650 728
632 750 1615 1733
750 901 1848 1999
901 1206 4376 4681

>ENSEEET00000045844
0 304 0 304
304 518 340 554
518 591 650 723
591 608 783 800
608 726 1615 1733
726 900 1848 2022
900 915 2262 2277

>ENSIPUT00000006342
0 572 4827 5399
572 668 6853 6949
668 786 7115 7233
786 937 7757 7908
937 1242 8702 9007

>ENSIPUT00000006348
0 216 0 216
216 449 4869 5102
449 698 5150 5399
698 794 6853 6949
794 912 7115 7233
912 1063 7757 7908
1063 1368 8702 9007

