>FBtr0088778
0 15 44 59
15 299 179 463
299 900 519 1120
900 1222 1179 1501
1222 1473 1560 1811

>FBtr0332247
0 14 156 170
14 750 231 967
750 963 1023 1236
963 1066 1298 1401
1066 1317 1454 1705

>FBtr0088779
0 117 53 170
117 861 223 967
861 1074 1023 1236
1074 1177 1298 1401
1177 1428 1454 1705

>FBtr0088777
0 93 317 410
93 198 1555 1660
198 359 1716 1877
359 954 2071 2666
954 1167 2724 2937
1167 1270 3006 3109
1270 1521 3351 3602

>FBtr0085966
0 90 252 342
90 201 398 509
201 960 564 1323
960 1173 1385 1598
1173 1276 1656 1759
1276 1548 1825 2097

>FBtr0335266
0 90 252 342
90 201 398 509
201 960 564 1323
960 1173 1385 1598
1173 1276 1656 1759
1276 1548 1825 2097

