>ENSPKIT00000033989
0 28 1101 1129
28 115 7162 7249
115 216 8909 9010
216 310 9584 9678
310 397 11253 11340
397 489 13418 13510
489 632 16797 16940
632 865 17049 17282
865 1001 17772 17908
1001 1182 24648 24829
1182 1287 25081 25186
1287 1341 25269 25323
1341 1396 25755 25810
1396 1556 25917 26077
1556 1771 27283 27498
1771 1779 29702 29710

>ENSPKIT00000034002
0 52 944 996
52 103 1078 1129
103 190 7162 7249
190 291 8909 9010
291 385 9584 9678
385 472 11253 11340
472 564 13418 13510
564 707 16797 16940
707 940 17049 17282
940 1076 17772 17908
1076 1257 24648 24829
1257 1362 25081 25186
1362 1416 25269 25323
1416 1471 25755 25810
1471 1631 25917 26077
1631 1846 27283 27498
1846 1854 29702 29710

>ENSPKIT00000034012
0 52 944 996
52 103 1078 1129
103 190 7162 7249
190 291 8909 9010
291 385 9584 9678
385 472 11253 11340
472 564 13418 13510
564 707 16797 16940
707 940 17049 17282
940 1076 17772 17908
1076 1257 24648 24829
1257 1362 25081 25186
1362 1417 25755 25810
1417 1577 25917 26077
1577 1792 27283 27498
1792 1800 29702 29710

>ENSHHUT00000087050
0 39 0 39
39 87 286 334
87 187 490 590
187 374 1654 1841
374 687 1955 2268

>ENSHHUT00000087055
0 39 0 39
39 87 286 334
87 187 490 590
187 374 1654 1841
374 649 1955 2230
649 657 2374 2382

>ENSPCIT00000006995
0 81 2806 2887
81 209 6582 6710
209 475 7205 7471
475 608 14201 14334
608 714 23153 23259
714 768 24784 24838
768 856 28374 28462
856 1680 29539 30363

