>ENSPPAT00000056893
0 228 752 980
228 459 3889 4120
459 529 4270 4340
529 752 4964 5187
752 840 5810 5898
840 942 6001 6103
942 1116 6196 6370
1116 1216 6495 6595
1216 1266 7173 7223
1266 1334 7318 7386
1334 1443 7805 7914
1443 1602 8004 8163
1602 1727 8243 8368
1727 1785 8584 8642
1785 1869 9024 9108

>ENSPPAT00000056920
0 228 752 980
228 459 3889 4120
459 539 4270 4350
539 569 4362 4392
569 785 4971 5187
785 1014 9340 9569

>ENSPPAT00000056940
0 228 752 980
228 459 3889 4120
459 529 4270 4340
529 752 4964 5187
752 840 5810 5898
840 942 6001 6103
942 1116 6196 6370
1116 1216 6495 6595
1216 1266 7173 7223
1266 1334 7318 7386
1334 1443 7805 7914
1443 1602 8004 8163
1602 1712 8243 8353
1712 1734 8455 8477
1734 1785 8591 8642
1785 1869 9024 9108

>ENSPPAT00000056948
0 228 752 980
228 459 3889 4120
459 529 4270 4340
529 752 4964 5187
752 840 5810 5898
840 942 6001 6103
942 1116 6196 6370
1116 1216 6495 6595
1216 1266 7173 7223
1266 1334 7318 7386
1334 1443 7805 7914
1443 1602 8004 8163
1602 1699 8243 8340
1699 1806 9001 9108

>ENSPPAT00000056950
0 228 752 980
228 298 4270 4340
298 521 4964 5187
521 609 5810 5898
609 711 6001 6103
711 885 6196 6370
885 985 6495 6595
985 1035 7173 7223
1035 1103 7318 7386
1103 1212 7805 7914
1212 1371 8004 8163
1371 1496 8243 8368
1496 1554 8584 8642
1554 1638 9024 9108

>ENSPTRT00000007313
0 228 1296 1524
228 459 4448 4679
459 529 4829 4899
529 752 5523 5746
752 840 6369 6457
840 942 6560 6662
942 1116 6755 6929
1116 1216 7054 7154
1216 1266 7732 7782
1266 1334 7877 7945
1334 1443 8364 8473
1443 1602 8563 8722
1602 1727 8802 8927
1727 1785 9143 9201
1785 1869 9583 9667

>ENSPTRT00000089752
0 228 1296 1524
228 459 4448 4679
459 539 4829 4909
539 569 4921 4951
569 785 5530 5746
785 1014 9899 10128

>ENSPTRT00000081157
0 228 1296 1524
228 459 4448 4679
459 529 4829 4899
529 752 5523 5746
752 840 6369 6457
840 942 6560 6662
942 1116 6755 6929
1116 1216 7054 7154
1216 1266 7732 7782
1266 1334 7877 7945
1334 1443 8364 8473
1443 1602 8563 8722
1602 1712 8802 8912
1712 1734 9014 9036
1734 1785 9150 9201
1785 1869 9583 9667

>ENSPTRT00000093197
0 228 1296 1524
228 459 4448 4679
459 529 4829 4899
529 752 5523 5746
752 840 6369 6457
840 942 6560 6662
942 1116 6755 6929
1116 1216 7054 7154
1216 1266 7732 7782
1266 1334 7877 7945
1334 1443 8364 8473
1443 1602 8563 8722
1602 1699 8802 8899
1699 1806 9560 9667

>ENSPTRT00000100714
0 228 1296 1524
228 298 4829 4899
298 521 5523 5746
521 609 6369 6457
609 711 6560 6662
711 885 6755 6929
885 985 7054 7154
985 1035 7732 7782
1035 1103 7877 7945
1103 1212 8364 8473
1212 1371 8563 8722
1371 1496 8802 8927
1496 1554 9143 9201
1554 1638 9583 9667

>ENST00000531240
0 228 1301 1529
228 315 4448 4536

>ENST00000526758
0 228 1301 1529
228 435 4448 4655

>ENST00000440228
0 228 1301 1529
228 459 4448 4679
459 498 4829 4868

>ENST00000394067
0 228 1301 1529
228 459 4448 4679
459 529 4829 4899
529 752 5520 5743
752 840 6366 6454
840 942 6557 6659
942 1116 6752 6926
1116 1216 7051 7151
1216 1266 7729 7779
1266 1334 7874 7942
1334 1443 8361 8470
1443 1602 8560 8719
1602 1727 8799 8924
1727 1785 9139 9197
1785 1869 9579 9663

>ENST00000316924
0 228 1301 1529
228 459 4448 4679
459 529 4829 4899
529 752 5520 5743
752 840 6366 6454
840 942 6557 6659
942 1116 6752 6926
1116 1216 7051 7151
1216 1266 7729 7779
1266 1334 7874 7942
1334 1443 8361 8470
1443 1602 8560 8719
1602 1727 8799 8924
1727 1785 9139 9197
1785 1869 9579 9663

>ENST00000394078
0 228 1301 1529
228 459 4448 4679
459 529 4829 4899
529 752 5520 5743
752 1002 9895 10145

>ENST00000461611
0 228 1301 1529
228 298 4829 4899
298 521 5520 5743
521 567 6366 6413

>ENST00000475757
0 228 1301 1529
228 459 4448 4679
459 513 4829 4884

>ENST00000394066
0 228 1301 1529
228 298 4829 4899
298 521 5520 5743
521 609 6366 6454
609 711 6557 6659
711 885 6752 6926
885 985 7051 7151
985 1035 7729 7779
1035 1103 7874 7942
1103 1212 8361 8470
1212 1371 8560 8719
1371 1496 8799 8924
1496 1554 9139 9197
1554 1638 9579 9663

>ENST00000394065
0 42 4637 4679
42 112 4829 4899
112 335 5520 5743
335 423 6366 6454
423 525 6557 6659
525 699 6752 6926
699 799 7051 7151
799 849 7729 7779
849 917 7874 7942
917 1026 8361 8470
1026 1185 8560 8719
1185 1310 8799 8924
1310 1566 9139 9395

