>ENSGAFT00000017343
0 175 13101 13276
175 290 13358 13473
290 381 13565 13656
381 469 14177 14265
469 603 15079 15213
603 805 16086 16288
805 902 16505 16602
902 969 16733 16800
969 1041 16933 17005
1041 2001 17798 18758

>ENSGAFT00000017347
0 175 13101 13276
175 290 13358 13473
290 381 13565 13656
381 469 14177 14265
469 603 15079 15213
603 805 16086 16288
805 902 16505 16602
902 969 16733 16800
969 1041 16933 17005
1041 2001 17798 18758

>ENSXMAT00000008072
0 175 13208 13383
175 290 13465 13580
290 381 13676 13767
381 469 14311 14399
469 603 15237 15371
603 805 16319 16521
805 902 16735 16832
902 969 16963 17030
969 1041 17182 17254
1041 2016 18090 19065

>ENSPMET00000008947
0 91 19575 19666
91 203 19751 19863
203 294 19949 20040
294 382 20573 20661
382 516 21582 21716
516 703 22649 22836
703 803 23047 23147
803 870 23277 23344
870 942 23489 23561
942 1920 24428 25406

>ENSPMET00000008959
0 91 19575 19666
91 203 19751 19863
203 294 19949 20040
294 382 20573 20661
382 516 21582 21716
516 703 22649 22836
703 803 23047 23147
803 870 23277 23344
870 942 23489 23561
942 1920 24428 25406

>ENSPFOT00000027023
0 91 3026 3117
91 203 3202 3314
203 294 3400 3491
294 382 4024 4112
382 516 5043 5177
516 745 6110 6339
745 845 6550 6650
845 912 6780 6847
912 984 6992 7064
984 1962 7937 8915

>ENSPFOT00000031020
0 134 3180 3314
134 225 3400 3491
225 313 4024 4112
313 447 5043 5177
447 512 6110 6175
512 640 6211 6339
640 740 6550 6650
740 807 6780 6847
807 879 6992 7064
879 1392 7937 8450
1392 1791 8516 8915

>ENSPRET00000000245
0 79 68 147
79 185 228 334
185 267 471 553
267 355 2106 2194
355 495 2267 2407
495 682 3563 3750
682 782 3992 4092
782 855 4173 4246
855 1809 4727 5681

>ENSPMET00000008978
0 79 1690 1769
79 185 1850 1956
185 267 2091 2173
267 355 7244 7332
355 495 7405 7545
495 682 8689 8876
682 782 9128 9228
782 855 9309 9382
855 1809 9865 10819

>ENSXMAT00000032512
0 79 1843 1922
79 188 2008 2117
188 270 2980 3062
270 358 4107 4195
358 498 4268 4408
498 679 5004 5185
679 779 5440 5540
779 852 5612 5685
852 1983 6169 7300

>ENSKMAT00000014900
0 100 9093 9193
100 212 9278 9390
212 303 9496 9587
303 379 10170 10246
379 513 10330 10464
513 715 10618 10820
715 812 11209 11306
812 879 11444 11511
879 1848 12124 13093

>ENSOMET00000033731
0 94 5739 5833
94 206 5919 6031
206 303 6124 6221
303 391 7499 7587
391 525 8933 9067
525 727 9177 9379
727 824 10365 10462
824 891 10553 10620
891 1821 10854 11784

>ENSMZET00005008479
0 91 10431 10522
91 203 10625 10737
203 294 10854 10945
294 382 11580 11668
382 516 11798 11932
516 721 12094 12299
721 806 13314 13399
806 885 13527 13606
885 1866 14285 15266

>ENSMZET00005008409
0 64 105 169
64 198 293 427
198 403 589 794
403 488 1809 1894
488 567 2022 2101
567 1548 2780 3761

>ENSACLT00000011820
0 54 6630 6684
54 142 7319 7407
142 276 7535 7669
276 481 7831 8036
481 566 9051 9136
566 645 9264 9343
645 1626 10022 11003

>ENSACLT00000011830
0 91 6170 6261
91 203 6364 6476
203 294 6593 6684
294 382 7319 7407
382 516 7535 7669
516 721 7831 8036
721 806 9051 9136
806 885 9264 9343
885 1866 10022 11003

>ENSHBUT00000007935
0 91 6246 6337
91 203 6440 6552
203 294 6669 6760
294 382 8989 9077
382 516 9200 9334
516 721 9496 9701
721 806 10689 10774
806 885 10872 10951
885 1035 11606 11756

>ENSHBUT00000007947
0 91 6246 6337
91 203 6440 6552
203 294 6669 6760
294 382 8989 9077
382 516 9200 9334
516 721 9496 9701
721 806 10689 10774
806 885 10872 10951
885 1035 11606 11756

>ENSAPET00000012680
0 94 19231 19325
94 221 19430 19557
221 312 20337 20428
312 400 23124 23212
400 534 23304 23438
534 733 23582 23781
733 833 24148 24248
833 885 24398 24450
885 1890 25355 26360

>ENSAPET00000012690
0 94 19231 19325
94 221 19430 19557
221 312 20337 20428
312 400 23124 23212
400 534 23304 23438
534 733 23582 23781
733 833 24148 24248
833 885 24398 24450
885 1890 25355 26360

>ENSAPOT00000012672
0 112 20025 20137
112 227 20242 20357
227 318 20622 20713
318 406 22399 22487
406 546 22577 22717
546 736 22858 23048
736 833 23421 23518
833 906 23671 23744
906 1911 25219 26224

>ENSAPOT00000012681
0 112 20025 20137
112 227 20242 20357
227 318 20622 20713
318 406 22399 22487
406 546 22577 22717
546 736 22858 23048
736 833 23421 23518
833 906 23671 23744
906 1911 25219 26224

>ENSCGOT00000049886
0 97 7888 7985
97 206 8121 8230
206 297 8304 8395
297 385 9389 9477
385 519 9567 9701
519 733 10443 10657
733 827 11127 11221
827 906 11324 11403
906 1983 13234 14311

>ENSCGOT00000049888
0 97 7888 7985
97 206 8121 8230
206 297 8304 8395
297 385 9389 9477
385 519 9567 9701
519 733 10443 10657
733 827 11127 11221
827 906 11324 11403
906 1983 13234 14311

