>F42F12.6.1
0 3 81 84
3 306 129 432

>F42F12.7.1
0 3 54 57
3 306 130 433

>F42F12.1.1
0 3 24 27
3 306 72 375

>F42F12.10.1
0 3 71 74
3 306 121 424

>F42F12.8.1
0 3 32 35
3 306 82 385

>F42F12.8.2
0 3 32 35
3 306 82 385

>F42F12.9.1
0 3 26 29
3 306 74 377

>C03G5.8.1
0 3 28 31
3 306 77 380

>C03G5.2.1
0 3 25 28
3 306 74 377

>C03G5.10.1
0 3 0 3
3 306 48 351

>C03G5.9.1
0 3 0 3
3 306 48 351

>C03G5.13.1
0 3 0 3
3 306 48 351

>C03G5.12.1
0 3 0 3
3 306 48 351

>C03G5.11.1
0 3 25 28
3 306 74 377

>D1025.9.1
0 6 0 6
6 312 52 358

>D1025.6.1
0 6 28 34
6 312 76 382

>D1025.4.1
0 6 35 41
6 312 83 389

>D1025.8.1
0 6 28 34
6 312 80 386

>D1025.7.1
0 6 0 6
6 312 52 358

