>ENSCCAT00000034947
0 3 756 759
3 130 25288 25415
130 191 26016 26077
191 1029 27675 28513

>ENSCJAT00000022836
0 3 0 3
3 130 23348 23475
130 191 24974 25035
191 1080 26615 27504

>ENSPTRT00000105886
0 30 208 238
30 157 16866 16993
157 218 17613 17674
218 234 37979 37995

>ENSPTRT00000004025
0 30 208 238
30 157 16866 16993
157 218 17613 17674
218 1056 19276 20114

>ENSPPAT00000043225
0 30 181 211
30 157 12250 12377
157 218 12997 13058
218 234 33188 33204

>ENSPPAT00000043227
0 30 181 211
30 157 12250 12377
157 218 12997 13058
218 1056 14658 15496

>ENST00000472531
0 30 139 169
30 157 12203 12330
157 218 12950 13011
218 222 48145 48149

