>ENSCINT00000017492
0 81 254 335
81 186 633 738
186 313 798 925
313 414 1028 1129
414 632 1360 1578
632 759 2464 2591
759 879 2937 3057
879 1026 3683 3830
1026 1251 4719 4944
1251 1382 5243 5374
1382 1513 5609 5740
1513 1644 6633 6764
1644 1813 9445 9614
1813 1956 10047 10190
1956 2147 10642 10833
2147 2338 11593 11784
2338 2652 12025 12339
2652 2793 13642 13783
2793 2924 15190 15321
2924 3075 15619 15770
3075 3256 16172 16353
3256 3309 16767 16820
3309 3474 17060 17225
3474 3620 17479 17625
3620 3622 17836 17838
3622 3787 18075 18240
3787 3859 19948 20020
3859 3991 20436 20568
3991 4118 20953 21080
4118 4227 21501 21610
4227 4394 22154 22321
4394 4519 22789 22914
4519 4576 23172 23229
4576 4598 23362 23384
4598 4696 23601 23699
4696 4833 24007 24144
4833 4951 29829 29947
4951 5054 30429 30532
5054 5170 30945 31061
5170 5283 31411 31524
5283 5424 31897 32038
5424 5544 32395 32515
5544 5697 33042 33195
5697 5847 33565 33715
5847 5955 34152 34260
5955 6126 34635 34806
6126 6153 34966 34993
6153 6238 35186 35271
6238 6394 35433 35589
6394 6568 35872 36046
6568 6746 36337 36515
6746 6776 36571 36601
6776 6879 37080 37183
6879 7031 37430 37582
7031 7117 38255 38341
7117 7134 38655 38672

>ENSCSAVT00000008613
0 87 1380 1467
87 305 1825 2043
305 432 3798 3925
432 552 4360 4480
552 782 5174 5404
782 849 5506 5573
849 1095 5639 5885
1095 1221 6145 6271
1221 1246 6382 6407
1246 1339 6828 6921
1339 1470 7418 7549
1470 1639 8618 8787
1639 1783 9134 9278
1783 1785 9646 9648
1785 1976 9895 10086
1976 2167 10826 11017
2167 2481 11490 11804
2481 2657 12297 12473
2657 2889 12486 12718
2889 3958 12732 13801
3958 4014 13820 13876
4014 4289 13950 14225
4289 4437 14662 14810
4437 4618 15344 15525
4618 4711 15743 15836
4711 4857 16355 16501
4857 5017 16751 16911
5017 5152 17496 17631
5152 5248 17805 17901
5248 5379 18052 18183
5379 5493 18199 18313
5493 5557 18422 18486
5557 5665 18703 18811
5665 5829 18884 19048
5829 6055 19436 19662
6055 6260 20004 20209
6260 6506 20930 21176
6506 6653 21739 21886
6653 6762 22459 22568
6762 6929 23049 23216
6929 7054 23568 23693
7054 7170 24075 24191
7170 7332 24365 24527
7332 7450 31890 32008
7450 7553 32206 32309
7553 7669 32762 32878
7669 7782 33545 33658
7782 7923 34345 34486
7923 8043 35124 35244
8043 8196 35603 35756
8196 8346 36131 36281
8346 8454 36798 36906
8454 8625 37252 37423
8625 8710 37662 37747
8710 8866 38151 38307
8866 9040 38726 38900
9040 9218 39163 39341
9218 9360 39911 40053
9360 9512 40633 40785
9512 9600 41109 41197

>F10F2.1.1
0 55 50 105
55 143 184 272
143 351 835 1043
351 618 1537 1804
618 704 1856 1942
704 846 1989 2131
846 942 2266 2362
942 1292 2412 2762
1292 1509 2831 3048
1509 1787 3096 3374
1787 2882 3421 4516
2882 3152 4566 4836
3152 3272 4885 5005
3272 3979 5283 5990
3979 4191 6035 6247
4191 4299 6293 6401
4299 4414 6446 6561
4414 4653 7081 7320
4653 4805 7367 7519
4805 4976 7566 7737
4976 5077 7853 7954
5077 5214 9182 9319
5214 5332 13189 13307
5332 5407 13363 13438
5407 5664 13484 13741
5664 5805 13790 13931
5805 6514 13982 14691
6514 6769 14739 14994
6769 6909 15041 15181
6909 7226 15230 15547
7226 7338 15594 15706
7338 7524 15756 15942

