>ENSMUST00000023710
0 444 63 507
444 659 2645 2860
659 720 3785 3846
720 816 4245 4341
816 981 4654 4819
981 1107 5038 5164
1107 1328 6342 6563
1328 1363 7636 7671
1363 1575 8401 8613

>MGP_SPRETEiJ_T0041766
0 444 63 507
444 659 2654 2869
659 720 3796 3857
720 816 4246 4342
816 981 4655 4820
981 1107 5039 5165
1107 1328 6393 6614
1328 1363 7583 7618
1363 1572 8339 8548

>MGP_CAROLIEiJ_T0039929
0 444 66 510
444 659 2628 2843
659 720 3778 3839
720 816 4234 4330
816 981 4642 4807
981 1107 5026 5152
1107 1328 6377 6598
1328 1363 7539 7574
1363 1572 8296 8505

>MGP_PahariEiJ_T0043276
0 444 66 510
444 659 2654 2869
659 720 3561 3622
720 816 4021 4117
816 981 4432 4597
981 1107 4813 4939
1107 1328 6154 6375
1328 1363 7129 7164
1363 1572 7898 8107

>ENSRNOT00000068533
0 444 0 444
444 659 2541 2756
659 720 3692 3753
720 816 4144 4240
816 981 4551 4716
981 1107 4911 5037
1107 1328 6259 6480
1328 1363 7230 7265
1363 1575 7995 8207

>ENSMUGT00000005170
0 444 0 444
444 659 2152 2367
659 720 3283 3344
720 816 3749 3845
816 981 4136 4301
981 1107 4485 4611
1107 1328 5793 6014
1328 1363 6098 6133
1363 1564 6895 7096
1564 1566 7097 7099

