>ENSACAT00000016662
0 67 506 573
67 190 8685 8808
190 313 9902 10025
313 679 10593 10959
679 802 11932 12055
802 925 12770 12893
925 1045 13963 14083
1045 1171 14665 14791
1171 1343 16142 16314
1343 1571 16917 17145
1571 1690 18351 18470
1690 1830 19449 19589
1830 1972 20790 20932
1972 2125 21721 21874
2125 2320 22055 22250
2320 2398 24278 24356
2398 2556 24598 24756
2556 2592 25743 25779

>ENSPVIT00000007955
0 88 0 88
88 211 10244 10367
211 334 12542 12665
334 703 13253 13622
703 826 14838 14961
826 949 15540 15663
949 1069 16293 16413
1069 1195 17444 17570
1195 1367 19574 19746
1367 1595 20872 21100
1595 1714 22670 22789
1714 1854 22938 23078
1854 1996 23720 23862
1996 2149 24115 24268
2149 2359 24457 24667
2359 2437 26019 26097
2437 2595 26408 26566
2595 2631 27828 27864

