>ENSGACT00000018119
0 45 91 136
45 624 2064 2643
624 672 5881 5929
672 717 6773 6818
717 1023 6991 7297
1023 1056 7646 7679
1056 1140 7780 7864
1140 1233 8104 8197
1233 1317 8418 8502
1317 1584 8602 8869

>ENSGACT00000018120
0 45 91 136
45 624 2064 2643
624 672 5881 5929
672 717 6773 6818
717 753 7646 7682

>ENSTNIT00000019279
0 12 29 41
12 363 1262 1613
363 411 3908 3956
411 450 4369 4408
450 732 4493 4775
732 765 4852 4885
765 819 5007 5061
819 909 5268 5358
909 1017 5443 5551
1017 1188 5649 5820

