>ENSCINT00000010798
0 79 52 131
79 196 734 851
196 367 1201 1372
367 532 2818 2983
532 668 3392 3528
668 799 4216 4347
799 915 5781 5897

>ENSCSAVT00000013815
0 70 18 88
70 190 452 572
190 361 795 966
361 529 1042 1210
529 662 1731 1864
662 777 2635 2750

>ENSCSAVT00000018618
0 37 1139 1176
37 214 1631 1808
214 350 2627 2763
350 490 3369 3509
490 588 4162 4260

>ENSCSAVT00000018619
0 37 1139 1176
37 214 1631 1808
214 350 2627 2763
350 490 3369 3509
490 588 4162 4260

>ENSCINT00000018496
0 73 18 91
73 172 785 884
172 346 1105 1279
346 520 1603 1777
520 650 2017 2147
650 787 2707 2844
787 897 3208 3318

>ENSCSAVT00000019737
0 68 10 78
68 235 646 813
235 374 1319 1458
374 517 1823 1966
517 723 2613 2819

>ENSCINT00000035307
0 38 967 1005
38 150 1438 1550
150 362 2032 2244
362 532 2599 2769
532 671 3229 3368
671 814 3573 3716
814 924 4205 4315

