>ENSVURT00010002690
0 106 155 261
106 265 1432 1591
265 424 16896 17055
424 559 17584 17719
559 564 20253 20258

>ENSPPAT00000000105
0 79 12 91
79 238 194 353
238 336 516 614

>ENSPTRT00000025190
0 79 17 96
79 238 199 358
238 336 521 619

>ENST00000372785
0 79 18 97
79 238 200 359
238 336 522 620

>ENSGGOT00000023386
0 79 0 79
79 238 182 341
238 270 505 537
270 333 540 603

>ENSPPYT00000012822
0 69 0 69
69 76 71 78
76 235 178 337
235 333 501 599

>ENSNLET00000008521
0 79 12 91
79 238 194 353
238 336 517 615

>ENSCSAT00000012384
0 79 0 79
79 241 179 341
241 339 505 603

>ENSPANT00000009967
0 79 0 79
79 238 182 341
238 336 505 603

>ENSTGET00000030854
0 83 0 83
83 241 183 341
241 339 505 603

>ENSMFAT00000006895
0 79 0 79
79 238 182 341
238 336 505 603

>ENSMNET00000064488
0 70 0 70
70 229 173 332
229 327 496 594

>ENSMMUT00000018540
0 79 17 96
79 238 199 358
238 336 522 620

>ENSMLET00000062541
0 79 0 79
79 238 182 341
238 336 505 603

>ENSCATT00000009316
0 82 0 82
82 241 185 344
241 339 508 606

