>MGP_CAROLIEiJ_T0016969
0 127 83 210
127 349 16319 16541
349 363 76696 76711

>MGP_CAROLIEiJ_T0016970
0 127 83 210
127 349 16319 16541
349 369 76700 76721

>MGP_CAROLIEiJ_T0016973
0 127 83 210
127 349 16319 16541
349 381 17404 17437

>MGP_PahariEiJ_T0072327
0 47 83 130
47 118 130 201
118 328 15409 15619
328 342 70922 70937

>MGP_PahariEiJ_T0072328
0 47 83 130
47 118 130 201
118 328 15409 15619
328 344 70926 70942
344 345 70942 70945

>MGP_PahariEiJ_T0072331
0 47 83 130
47 118 130 201
118 328 15409 15619
328 360 16482 16515

