>F19B10.10.1
0 87 985 1072
87 199 1127 1239
199 303 1285 1389
303 411 1435 1543
411 816 1587 1992
816 1017 2509 2710
1017 1221 2763 2967
1221 1527 3012 3318
1527 1920 3415 3808

>F19B10.10.2
0 87 985 1072
87 199 1127 1239
199 303 1285 1389
303 411 1435 1543
411 816 1587 1992
816 1017 2509 2710
1017 1221 2763 2967
1221 1527 3012 3318
1527 1920 3415 3808

>Y73C8C.3.1
0 270 0 270
270 516 350 596
516 798 652 934
798 1841 994 2037
1841 1895 2085 2139
1895 1979 2189 2273
1979 2481 2324 2826

>C16A11.5a.1
0 144 986 1130
144 468 1648 1972
468 821 2018 2371
821 926 2421 2526
926 1001 2581 2656
1001 1239 2707 2945

>C16A11.5a.2
0 144 986 1130
144 468 1648 1972
468 821 2018 2371
821 926 2421 2526
926 1001 2581 2656
1001 1239 2707 2945

>C16A11.5a.3
0 144 986 1130
144 468 1648 1972
468 821 2018 2371
821 926 2421 2526
926 1001 2581 2656
1001 1239 2707 2945

>C16A11.5b.1
0 246 1344 1590
246 570 1648 1972
570 923 2018 2371
923 1028 2421 2526
1028 1103 2581 2656
1103 1341 2707 2945

>C16A11.5b.2
0 246 1344 1590
246 570 1648 1972
570 923 2018 2371
923 1028 2421 2526
1028 1103 2581 2656
1103 1341 2707 2945

>C16A11.5b.3
0 246 1344 1590
246 570 1648 1972
570 923 2018 2371
923 1028 2421 2526
1028 1103 2581 2656
1103 1341 2707 2945

>C16A11.5b.4
0 246 1344 1590
246 570 1648 1972
570 923 2018 2371
923 1028 2421 2526
1028 1103 2581 2656
1103 1341 2707 2945

>C16A11.5b.5
0 246 1344 1590
246 570 1648 1972
570 923 2018 2371
923 1028 2421 2526
1028 1103 2581 2656
1103 1341 2707 2945

>C16A11.5b.6
0 246 1344 1590
246 570 1648 1972
570 923 2018 2371
923 1028 2421 2526
1028 1103 2581 2656
1103 1341 2707 2945

>C16A11.5c.1
0 105 5 110
105 214 171 280
214 249 343 378
249 354 495 600
354 519 658 823
519 609 881 971

>C16A11.5c.2
0 105 5 110
105 214 171 280
214 249 343 378
249 354 495 600
354 519 658 823
519 609 881 971

>C16A11.5d.1
0 105 5 110
105 214 171 280
214 282 343 411
282 387 495 600
387 552 658 823
552 639 870 957

>C16A11.5e.1
0 105 5 110
105 214 171 280
214 249 343 378
249 354 495 600
354 519 658 823
519 606 881 968
606 765 971 1130
765 1089 1648 1972
1089 1442 2018 2371
1442 1547 2421 2526
1547 1622 2581 2656
1622 1860 2707 2945

>C09E7.8a.1
0 84 0 84
84 190 127 233
190 294 280 384
294 399 616 721
399 549 766 916
549 831 962 1244
831 1041 1585 1795
1041 1251 1842 2052
1251 1569 2365 2683
1569 1681 2730 2842
1681 2072 2886 3277
2072 2240 3329 3497
2240 2333 3541 3634
2333 2441 3680 3788
2441 2483 3832 3874
2483 2717 3919 4153
2717 3255 4200 4738
3255 3345 4786 4876

>C09E7.8a.2
0 84 0 84
84 190 127 233
190 294 280 384
294 399 616 721
399 549 766 916
549 831 962 1244
831 1041 1585 1795
1041 1251 1842 2052
1251 1569 2365 2683
1569 1681 2730 2842
1681 2072 2886 3277
2072 2240 3329 3497
2240 2333 3541 3634
2333 2441 3680 3788
2441 2483 3832 3874
2483 2717 3919 4153
2717 3255 4200 4738
3255 3345 4786 4876

>C09E7.8b.1
0 126 1669 1795
126 336 1842 2052
336 654 2365 2683
654 766 2730 2842
766 1157 2886 3277
1157 1325 3329 3497
1325 1418 3541 3634
1418 1526 3680 3788
1526 1568 3832 3874
1568 1802 3919 4153
1802 2340 4200 4738
2340 2430 4786 4876

>C09E7.8b.2
0 126 1669 1795
126 336 1842 2052
336 654 2365 2683
654 766 2730 2842
766 1157 2886 3277
1157 1325 3329 3497
1325 1418 3541 3634
1418 1526 3680 3788
1526 1568 3832 3874
1568 1802 3919 4153
1802 2340 4200 4738
2340 2430 4786 4876

