>ENSLOCT00000018297
0 45 0 45
45 144 290 389
144 351 679 886
351 504 1702 1855
504 567 1982 2045
567 645 2421 2499
645 693 2732 2780
693 762 2869 2938
762 862 3035 3135
862 963 3598 3699
963 1114 3916 4067
1114 1242 4205 4333
1242 1383 4457 4598
1383 1489 5219 5325
1489 1600 5664 5775
1600 1702 6020 6122
1702 1783 6246 6327
1783 1890 6475 6582
1890 2068 6903 7081
2068 2160 7263 7355
2160 2360 7629 7829
2360 2418 8458 8516
2418 2595 8922 9099
2595 2841 9258 9504
2841 2975 9734 9868
2975 3085 10099 10209
3085 3283 10443 10641
3283 3500 10880 11097
3500 3623 11615 11738
3623 3861 12376 12614
3861 4104 12825 13068
4104 4227 13215 13338
4227 4323 13855 13951
4323 4350 14643 14670
4350 4593 14817 15060
4593 4746 15522 15675
4746 4874 16055 16183
4874 4956 16745 16827
4956 5133 17585 17762
5133 5302 18453 18622
5302 5388 19085 19171
5388 5706 19261 19579
5706 5902 20372 20568
5902 6070 21034 21202
6070 6219 21382 21531
6219 6286 22180 22247
6286 6501 22610 22825
6501 6713 22957 23169
6713 6896 23290 23473
6896 7069 23907 24080
7069 7209 24300 24440
7209 7285 24631 24707
7285 7384 25002 25101
7384 7515 25436 25567
7515 7675 25707 25867
7675 7904 26154 26383
7904 8083 26682 26861
8083 8173 27067 27157
8173 8334 27424 27585
8334 8380 27787 27833
8380 8728 28710 29058
8728 8939 29157 29368
8939 9064 29494 29619
9064 9285 30278 30499
9285 9681 30654 31050
9681 9711 31051 31081
9711 9808 33906 34003
9808 10002 34067 34261
10002 10247 34272 34517
10247 10305 35074 35132
10305 10468 35134 35297
10468 10601 35412 35545
10601 10804 35953 36156
10804 11070 37488 37754
11070 11170 39183 39283
11170 11320 39421 39571
11320 11566 39724 39970
11566 11684 40219 40337
11684 11825 40508 40649
11825 12113 40797 41085
12113 12219 41313 41419
12219 12337 41505 41623
12337 12519 41880 42062
12519 12710 42142 42333
12710 12813 42507 42610

>ENSCMIT00000010683
0 171 452 623
171 300 1066 1195
300 396 1447 1543
396 666 2462 2732
666 819 3662 3815
819 915 4362 4458

>ENSSFOT00015002466
0 45 0 45
45 144 166 265
144 351 580 787
351 504 896 1049
504 567 1355 1418
567 645 1528 1606
645 693 1909 1957
693 862 2191 2360
862 963 2468 2569
963 1114 3065 3216
1114 1242 3504 3632
1242 1383 3784 3925
1383 1489 4031 4137
1489 1591 4723 4825
1591 1693 5076 5178
1693 1774 5409 5490
1774 1881 5639 5746
1881 2059 6089 6267
2059 2151 6620 6712
2151 2354 6809 7012
2354 2412 7156 7214
2412 2589 8578 8755
2589 2835 8954 9200
2835 2969 9416 9550
2969 3063 10348 10442
3063 3253 11681 11871
3253 3470 12175 12392
3470 3593 12503 12626
3593 3831 12865 13103
3831 4170 13395 13734
4170 4293 14040 14163
4293 4389 14351 14447
4389 4659 14598 14868
4659 4812 14962 15115
4812 4940 15200 15328
4940 5022 15793 15875
5022 5199 16078 16255
5199 5335 16343 16479
5335 5763 16800 17228
5763 5959 17340 17536
5959 6127 17791 17959
6127 6276 18074 18223
6276 6343 18308 18375
6343 6567 18492 18716
6567 6779 18873 19085
6779 6962 19941 20124
6962 7135 20309 20482
7135 7275 20624 20764
7275 7351 20921 20997
7351 7450 21084 21183
7450 7581 21381 21512
7581 7741 21633 21793
7741 7970 21954 22183
7970 8149 22491 22670
8149 8239 22785 22875
8239 8397 23036 23194
8397 8443 23967 24013
8443 8761 24779 25097
8761 8972 25222 25433
8972 9097 25808 25933
9097 9321 26053 26277
9321 9716 26507 26902
9716 10353 27240 27877
10353 11059 28028 28734
11059 11154 28819 28914
11154 11311 29668 29825
11311 11444 30050 30183
11444 11647 30717 30920
11647 11730 32505 32588
11730 11833 33264 33367
11833 11983 33871 34021
11983 12229 34170 34416
12229 12347 34535 34653
12347 12488 34753 34894
12488 12776 35118 35406
12776 12882 35628 35734
12882 13000 35921 36039
13000 13182 36340 36522
13182 13373 36720 36911
13373 13476 37444 37547

>ENSSFOT00015019377
0 45 0 45
45 144 153 252
144 351 628 835
351 504 940 1093
504 567 1474 1537
567 645 1664 1742
645 693 1932 1980
693 862 2294 2463
862 963 2576 2677
963 1114 3263 3414
1114 1242 3620 3748
1242 1383 4482 4623
1383 1489 4727 4833
1489 1597 4937 5045
1597 1699 5196 5298
1699 1780 5483 5564
1780 1887 5708 5815
1887 2065 6387 6565
2065 2157 7379 7471
2157 2360 7564 7767
2360 2418 8071 8129
2418 2595 8238 8415
2595 2841 8645 8891
2841 2885 9029 9073
2885 2998 9423 9536
2998 3193 9714 9909
3193 3410 10170 10387
3410 3533 10515 10638
3533 3771 11098 11336
3771 4113 12608 12950
4113 4236 13403 13526
4236 4332 13687 13783
4332 4602 13877 14147
4602 4755 15934 16087
4755 4883 16593 16721
4883 4965 17168 17250
4965 5142 17457 17634
5142 5293 17714 17865
5293 5709 18084 18500
5709 5905 18714 18910
5905 6073 19127 19295
6073 6234 19984 20145
6234 6301 20240 20307
6301 6525 20459 20683
6525 6737 20924 21136
6737 6920 21499 21682
6920 7093 21814 21987
7093 7233 22559 22699
7233 7309 22844 22920
7309 7405 23139 23235
7405 7539 23472 23606
7539 7699 23750 23910
7699 7928 24586 24815
7928 8107 25460 25639
8107 8197 25855 25945
8197 8377 27528 27708
8377 8712 29081 29416
8712 8737 29893 29918
8737 8948 30927 31138
8948 9070 31843 31965
9070 9294 32548 32772
9294 9652 32898 33256
9652 9662 33298 33308
9662 10302 34434 35074
10302 10948 35200 35846
10948 11200 35970 36222
11200 11327 36530 36657
11327 11530 37293 37496
11530 11613 38007 38090
11613 11716 38763 38866
11716 11866 38982 39132
11866 12112 39465 39711
12112 12230 40279 40397
12230 12371 40661 40802
12371 12659 41103 41391
12659 12765 41743 41849
12765 12883 41977 42095
12883 13065 42188 42370
13065 13256 42632 42823
13256 13359 43195 43298

>ENSPKIT00000018882
0 45 0 45
45 144 148 247
144 300 746 902
300 311 1010 1021
311 390 1201 1280
390 453 1685 1748
453 531 2028 2106
531 579 2644 2692
579 748 3005 3174
748 849 3420 3521
849 1000 4170 4321
1000 1128 4459 4587
1128 1269 4721 4862
1269 1375 4958 5064
1375 1477 6087 6189
1477 1558 6284 6365
1558 1665 6567 6674
1665 1843 8479 8657
1843 1935 8744 8836
1935 2138 8975 9178
2138 2196 9265 9323
2196 2373 11519 11696
2373 2619 11835 12081
2619 2753 12189 12323
2753 2830 12833 12910
2830 3028 13359 13557
3028 3245 13676 13893
3245 3368 14644 14767
3368 3606 15016 15254
3606 3787 15700 15881
3787 3846 15977 16036
3846 3969 17766 17889
3969 4065 18069 18165
4065 4335 18723 18993
4335 4488 19086 19239
4488 4616 19393 19521
4616 4698 19917 19999
4698 4875 20369 20546
4875 5043 20924 21092
5043 5331 21452 21740
5331 5527 22154 22350
5527 5700 23005 23178
5700 5835 23288 23423
5835 5902 23523 23590
5902 6126 23773 23997
6126 6338 25013 25225
6338 6521 25922 26105
6521 6694 27566 27739
6694 6834 27869 28009
6834 6910 28459 28535
6910 7009 28635 28734
7009 7143 28968 29102
7143 7303 29186 29346
7303 7526 29533 29756
7526 7541 29930 29945
7541 7675 29999 30133
7675 7765 30248 30338
7765 7948 30448 30631
7948 8282 32353 32687
8282 8452 33149 33319
8452 8676 33411 33635
8676 9071 33845 34240
9071 9298 35488 35715
9298 9511 35790 36003
9511 9609 36060 36158
9609 9671 36239 36301
9671 10072 36409 36810
10072 10152 37281 37361
10152 10309 37571 37728
10309 10442 38150 38283
10442 10640 38432 38630
10640 10788 39198 39346
10788 10872 40863 40947
10872 11002 41104 41234
11002 11248 41382 41628
11248 11366 41742 41860
11366 11507 41956 42097
11507 11795 42233 42521
11795 11901 46178 46284
11901 12019 52239 52357
12019 12201 52476 52658
12201 12392 53348 53539
12392 12495 53936 54039

>ENSCHAT00000058610
0 45 0 45
45 144 158 257
144 351 412 619
351 504 802 955
504 567 1211 1274
567 650 1493 1576
650 693 1723 1766
693 862 1859 2028
862 963 2167 2268
963 1114 2661 2812
1114 1242 3016 3144
1242 1383 3404 3545
1383 1489 3636 3742
1489 1591 4896 4998
1591 1672 5181 5262
1672 1779 5604 5711
1779 1957 6709 6887
1957 2049 7009 7101
2049 2252 7210 7413
2252 2310 7565 7623
2310 2487 7836 8013
2487 2733 8283 8529
2733 2867 8801 8935
2867 2944 9107 9184
2944 3127 10124 10307
3127 3344 10485 10702
3344 3467 11003 11126
3467 3705 11257 11495
3705 3858 11699 11852
3858 3874 11948 11964
3874 3933 12003 12062
3933 4056 12230 12353
4056 4152 12524 12620
4152 4422 13051 13321
4422 4575 13670 13823
4575 4703 14096 14224
4703 4785 14377 14459
4785 4962 14626 14803
4962 5080 15503 15621
5080 5460 15985 16365
5460 5656 16887 17083
5656 5840 17357 17541
5840 5949 17833 17942
5949 6016 18115 18182
6016 6240 20845 21069
6240 6452 21528 21740
6452 6635 22567 22750
6635 6808 23388 23561
6808 6948 25772 25912
6948 7024 26044 26120
7024 7152 26596 26724
7152 7312 26810 26970
7312 7541 27284 27513
7541 7720 27858 28037
7720 7810 28160 28250
7810 7978 28669 28837
7978 8150 30840 31012
8150 8275 31677 31802
8275 8496 32035 32256
8496 8891 32643 33038
8891 9186 33347 33642
9186 9301 33816 33931
9301 9405 34021 34125
9405 9492 34421 34508
9492 9843 34628 34979
9843 9939 35376 35472
9939 10096 35636 35793
10096 10229 36056 36189
10229 10432 36507 36710
10432 10599 37647 37814
10599 10663 39341 39405
10663 10813 39541 39691
10813 11059 40126 40372
11059 11177 40704 40822
11177 11318 40980 41121
11318 11606 42480 42768
11606 11712 42885 42991
11712 11830 43126 43244
11830 12012 43511 43693
12012 12203 44166 44357
12203 12306 44454 44557

>ENSCHAT00000058872
0 45 0 45
45 144 158 257
144 351 412 619
351 504 802 955
504 567 1211 1274
567 650 1493 1576
650 693 1723 1766
693 862 1859 2028
862 963 2167 2268
963 1114 2661 2812
1114 1242 3016 3144
1242 1383 3404 3545
1383 1489 3636 3742
1489 1591 4896 4998
1591 1672 5181 5262
1672 1779 5604 5711
1779 1957 6709 6887
1957 2049 7009 7101
2049 2252 7210 7413
2252 2310 7565 7623
2310 2487 7836 8013
2487 2733 8283 8529
2733 2867 8801 8935
2867 2944 9107 9184
2944 3127 10124 10307
3127 3344 10485 10702
3344 3467 11003 11126
3467 3705 11257 11495
3705 3853 11699 11847
3853 3865 11952 11964
3865 3924 12003 12062
3924 4047 12230 12353
4047 4143 12524 12620
4143 4413 13051 13321
4413 4566 13670 13823
4566 4694 14096 14224
4694 4776 14377 14459
4776 4953 14626 14803
4953 5157 15503 15707
5157 5433 16089 16365
5433 5629 16887 17083
5629 5813 17357 17541
5813 5922 17833 17942
5922 5989 18115 18182
5989 6213 20845 21069
6213 6425 21528 21740
6425 6608 22567 22750
6608 6781 23388 23561
6781 6921 25772 25912
6921 6997 26044 26120
6997 7096 26212 26311
7096 7224 26596 26724
7224 7384 26810 26970
7384 7613 27284 27513
7613 7792 27858 28037
7792 7882 28160 28250
7882 8085 28669 28872
8085 8367 31974 32256
8367 8762 32643 33038
8762 9057 33347 33642
9057 9172 33816 33931
9172 9276 34021 34125
9276 9408 34421 34553
9408 9753 34628 34973
9753 9952 35594 35793
9952 10085 36056 36189
10085 10288 36507 36710
10288 10455 37647 37814
10455 10509 39341 39395
10509 10651 39549 39691
10651 10897 40126 40372
10897 11015 40704 40822
11015 11156 40980 41121
11156 11444 42480 42768
11444 11550 42885 42991
11550 11668 43126 43244
11668 11850 43511 43693
11850 12041 44166 44357
12041 12144 44454 44557

>ENSDCDT00000008626
0 45 0 45
45 144 121 220
144 162 318 336
162 385 383 606
385 519 684 818
519 582 929 992
582 660 1070 1148
660 708 1227 1275
708 877 1367 1536
877 978 1652 1753
978 1129 2025 2176
1129 1257 2262 2390
1257 1398 3229 3370
1398 1504 3462 3568
1504 1612 3741 3849
1612 1714 4084 4186
1714 1795 4316 4397
1795 1902 4745 4852
1902 2080 5201 5379
2080 2172 5465 5557
2172 2375 5652 5855
2375 2433 5974 6032
2433 2610 6109 6286
2610 2856 6385 6631
2856 2990 6744 6878
2990 3097 6974 7081
3097 3283 7302 7488
3283 3500 8045 8262
3500 3623 8356 8479
3623 3861 8570 8808
3861 4200 8884 9223
4200 4323 9346 9469
4323 4419 9545 9641
4419 4689 10416 10686
4689 4842 10798 10951
4842 4970 11144 11272
4970 5052 11383 11465
5052 5229 11601 11778
5229 5386 11911 12068
5386 5451 12522 12587
5451 5715 12685 12949
5715 5911 13043 13239
5911 6079 13318 13486
6079 6228 13839 13988
6228 6295 14092 14159
6295 6519 14296 14520
6519 6731 15636 15848
6731 6914 15931 16114
6914 7087 16205 16378
7087 7221 16630 16764
7221 7297 16902 16978
7297 7396 17162 17261
7396 7524 17751 17879
7524 7684 17966 18126
7684 7913 18308 18537
7913 8092 18995 19174
8092 8182 19266 19356
8182 8343 19439 19600
8343 8389 19725 19771
8389 8743 20689 21043
8743 8954 21203 21414
8954 9079 21533 21658
9079 9300 21748 21969
9300 9695 22770 23165
9695 10362 23294 23961
10362 10954 24995 25587
10954 11049 25837 25932
11049 11206 26052 26209
11206 11339 26307 26440
11339 11542 27280 27483
11542 11625 28092 28175
11625 11728 30089 30192
11728 11878 30648 30798
11878 12124 31724 31970
12124 12242 32063 32181
12242 12383 32263 32404
12383 12671 32740 33028
12671 12777 33185 33291
12777 12895 33383 33501
12895 13077 33585 33767
13077 13268 33867 34058
13268 13371 34442 34545

