>FBtr0077835
0 118 137 255
118 292 308 482
292 544 540 792
544 1475 884 1815
1475 2031 1871 2427
2031 2513 2487 2969
2513 2601 3030 3118

>F39C12.1.1
0 56 0 56
56 141 127 212
141 308 268 435
308 425 511 628
425 521 1395 1491
521 971 1545 1995
971 1086 2043 2158
1086 1308 2204 2426
1308 1480 2477 2649
1480 1567 2693 2780
1567 2769 2830 4032
2769 2946 4079 4256
2946 3255 4309 4618
3255 3711 4674 5130
3711 4084 5176 5549
4084 4968 5612 6496
4968 5355 6569 6956
5355 5514 7005 7164
5514 13095 7512 15093
13095 13260 15142 15307
13260 13704 15349 15793
13704 13805 15839 15940
13805 14109 15984 16288
14109 14358 16347 16596
14358 14528 16724 16894
14528 14664 16943 17079
14664 14913 17133 17382
14913 15060 17605 17752
15060 15318 17801 18059

>ENSDORT00000008158
0 1306 0 1306
1306 1387 1587 1668
1387 1642 6241 6496
1642 1812 8579 8749
1812 1878 11398 11464
1878 2037 12433 12592
2037 2190 14671 14824
2190 2395 16679 16884
2395 2525 19173 19303
2525 2622 20270 20367

>ENSCCNT00000040514
0 1350 0 1350

>ENSODET00000001926
0 1294 36 1330
1294 1393 1642 1741
1393 1648 9999 10254
1648 1818 12289 12459
1818 1884 14880 14946
1884 2043 15617 15776
2043 2196 23784 23937
2196 2401 25755 25960
2401 2531 30560 30690
2531 2628 31427 31524

>ENSODET00000007292
0 253 0 253
253 970 283 1000
970 1133 1018 1181
1133 1210 1202 1279
1210 1572 1314 1676
1572 1655 1691 1774
1655 1941 1788 2074
1941 2472 2092 2623

>ENSCLAT00000004965
0 1294 4323 5617
1294 1393 5934 6033
1393 1648 12702 12957
1648 1818 15518 15688
1818 1884 18293 18359
1884 2043 19148 19307
2043 2196 25484 25637
2196 2401 27133 27338
2401 2531 33770 33900
2531 2628 34672 34769

>ENSCPOT00000011857
0 1294 4247 5541
1294 1393 5833 5932
1393 1648 8228 8483
1648 1818 10569 10739
1818 1884 12617 12683
1884 2043 13899 14058
2043 2196 20351 20504
2196 2401 21733 21938
2401 2531 28657 28787
2531 2628 29510 29607

>ENSCAPT00000000136
0 1322 0 1322
1322 1564 3994 4236
1564 1734 6322 6492
1734 1800 8370 8436
1800 1959 9652 9811
1959 2112 16103 16256
2112 2317 17485 17690
2317 2447 24409 24539
2447 2544 25262 25359

