>FBtr0339957
0 157 825 982
157 333 1048 1224
333 538 2316 2521
538 743 2585 2790
743 2614 2861 4732
2614 2720 4791 4897
2720 2997 4962 5239
2997 3244 5328 5575
3244 3999 5755 6510

>FBtr0303989
0 157 825 982
157 333 1048 1224
333 538 2316 2521
538 743 2585 2790
743 2614 2861 4732
2614 2720 4791 4897
2720 2997 4962 5239
2997 3244 5328 5575
3244 3999 5755 6510

>FBtr0303990
0 157 825 982
157 333 1048 1224
333 538 2316 2521
538 743 2585 2790
743 2614 2861 4732
2614 2720 4791 4897
2720 2997 4962 5239
2997 3244 5328 5575
3244 3999 5755 6510

>FBtr0303991
0 157 825 982
157 333 1048 1224
333 538 2316 2521
538 743 2585 2790
743 2614 2861 4732
2614 2720 4791 4897
2720 2997 4962 5239
2997 3244 5328 5575
3244 3999 5755 6510

>FBtr0300276
0 832 409 1241
832 2292 1482 2942

>FBtr0300277
0 832 409 1241
832 2292 1482 2942

>ENSCINT00000022097
0 35 511 546
35 132 919 1016
132 289 1203 1360
289 524 1461 1696
524 635 1760 1871
635 801 1926 2092
801 959 2226 2384
959 1123 2590 2754
1123 1278 2927 3082
1278 1440 3734 3896
1440 1544 4014 4118
1544 1665 4306 4427
1665 1753 4608 4696
1753 1867 4808 4922
1867 2064 5287 5484
2064 2154 5701 5791
2154 2340 6017 6203
2340 2488 6374 6522
2488 2538 6983 7033

