>ENSPNAT00000029004
0 150 1431 1581
150 216 1813 1879
216 409 9183 9376
409 576 10315 10482
576 663 18256 18343
663 900 24494 24731

>ENSEEET00000040590
0 123 866 989
123 189 1327 1393
189 388 3265 3464
388 498 3661 3771
498 549 3891 3942
549 708 7100 7259
708 882 7363 7537

>ENSEEET00000040594
0 123 866 989
123 197 1327 1401
197 210 2309 2322

>ENSDCDT00000005535
0 123 445 568
123 189 664 730
189 404 2149 2364
404 528 2561 2685
528 715 7178 7365
715 876 8092 8253

>ENSDCDT00000005536
0 123 445 568
123 189 664 730
189 392 2149 2352
392 465 2561 2634
465 516 2769 2820
516 837 7178 7499

>ENSDCDT00000005538
0 123 445 568
123 185 664 726
185 240 1297 1352

>ENSDCDT00000005885
0 123 445 568
123 189 666 732
189 404 2089 2304
404 528 2501 2625
528 776 7116 7364
776 861 8070 8155

>ENSDCDT00000005888
0 123 445 568
123 189 666 732
189 392 2089 2292
392 465 2501 2574
465 516 2709 2760
516 969 7116 7569

>ENSDCDT00000005890
0 123 445 568
123 189 666 732
189 340 2089 2240
340 459 3031 3150

>ENSDCDT00000005891
0 123 445 568
123 175 666 718
175 234 1549 1608

>ENSPRET00000027985
0 123 84 207
123 189 297 363
189 531 3312 3654
531 582 5089 5140
582 669 7539 7626
669 915 9781 10027

>ENSAOCT00000031438
0 123 0 123
123 212 216 305
212 249 852 889

>ENSACLT00000011182
0 123 0 123
123 189 219 285
189 564 4741 5116
564 651 7621 7708
651 921 9880 10150

>ENSACIT00000017719
0 123 0 123
123 189 228 294
189 555 4569 4935
555 642 7492 7579
642 885 9718 9961

>ENSHCOT00000009498
0 123 0 123
123 189 197 263
189 201 1170 1182

>ENSCSET00000002233
0 123 0 123
123 195 222 294

>ENSGMOT00000015915
0 123 0 123
123 189 446 512
189 342 4527 4680
342 351 4682 4691
351 483 4695 4827
483 534 4974 5025
534 618 6236 6320
618 831 10055 10268

