>W03C9.4a.1
0 109 2119 2228
109 313 2272 2476
313 387 3262 3336
387 474 13866 13953
474 627 14689 14842
627 801 15177 15351
801 902 15412 15513
902 1006 15562 15666
1006 1172 15706 15872
1172 1380 16797 17005

>W03C9.4b.1
0 109 2119 2228
109 301 2284 2476
301 375 3262 3336
375 462 13866 13953
462 615 14689 14842
615 789 15177 15351
789 890 15412 15513
890 994 15562 15666
994 1160 15706 15872
1160 1368 16797 17005

>W03C9.4c.1
0 48 13905 13953
48 201 14689 14842
201 375 15177 15351
375 476 15412 15513
476 580 15562 15666
580 746 15706 15872
746 954 16797 17005

>W03C9.4c.2
0 48 13905 13953
48 201 14689 14842
201 375 15177 15351
375 476 15412 15513
476 580 15562 15666
580 746 15706 15872
746 954 16797 17005

>FBtr0083733
0 354 3824 4178
354 1605 4358 5609

