>ENSAHAT00000029776
0 42 0 42
42 53 111 122
53 155 3900 4002
155 349 5450 5644
349 501 6298 6450
501 649 7562 7710
649 764 10004 10119
764 967 11015 11218
967 1122 12944 13099
1122 1276 13941 14095
1276 1431 15500 15655
1431 1659 17502 17730

>ENSAOWT00000029826
0 64 503 567
64 185 12014 12135
185 236 12238 12289
236 430 13584 13778
430 588 14431 14589
588 687 14785 14884
687 835 15695 15843
835 950 18137 18252
950 1153 19150 19353
1153 1308 21078 21233
1308 1462 22073 22227
1462 1617 23629 23784
1617 1845 25628 25856

>ENSAOWT00000029832
0 64 503 567
64 185 12014 12135
185 379 13584 13778
379 537 14431 14589
537 636 14785 14884
636 784 15695 15843
784 899 18137 18252
899 1102 19150 19353
1102 1257 21078 21233
1257 1411 22073 22227
1411 1566 23629 23784
1566 1794 25628 25856

>ENSAOWT00000029838
0 64 503 567
64 185 12014 12135
185 236 12238 12289
236 430 13584 13778
430 588 14431 14589
588 736 15695 15843
736 851 18137 18252
851 1054 19150 19353
1054 1209 21078 21233
1209 1363 22073 22227
1363 1518 23629 23784
1518 1746 25628 25856

>ENSAOWT00000029847
0 64 503 567
64 185 12014 12135
185 236 12238 12289
236 430 13584 13778
430 588 14431 14589
588 687 14785 14884
687 835 15695 15843
835 960 16455 16580

>ENSARWT00000022619
0 64 116 180
64 185 11629 11750
185 236 11853 11904
236 430 13198 13392
430 588 14043 14201
588 687 14397 14496
687 835 15307 15455
835 950 17748 17863
950 1153 18760 18963
1153 1308 20638 20793
1308 1462 21635 21789
1462 1617 23191 23346
1617 1845 25193 25421

>ENSARWT00000022621
0 64 116 180
64 185 11629 11750
185 379 13198 13392
379 537 14043 14201
537 636 14397 14496
636 784 15307 15455
784 899 17748 17863
899 1102 18760 18963
1102 1257 20638 20793
1257 1411 21635 21789
1411 1566 23191 23346
1566 1794 25193 25421

>ENSARWT00000022622
0 64 116 180
64 185 11629 11750
185 236 11853 11904
236 430 13198 13392
430 588 14043 14201
588 736 15307 15455
736 851 17748 17863
851 1054 18760 18963
1054 1209 20638 20793
1209 1363 21635 21789
1363 1518 23191 23346
1518 1746 25193 25421

>ENSDNVT00000026037
0 58 418 476
58 179 11572 11693
179 373 13116 13310
373 531 13975 14133
531 679 15241 15389
679 794 17701 17816
794 997 18707 18910
997 1152 20623 20778
1152 1306 21623 21777
1306 1461 23027 23182
1461 1689 24998 25226

