>ENSARWT00000015438
0 79 0 79
79 160 912 993
160 372 11324 11536

>ENSAHAT00000020228
0 79 0 79
79 160 914 995
160 372 11280 11492

>ENSAOWT00000030193
0 79 0 79
79 150 914 985
150 178 11266 11294
178 390 11336 11548

>ENSAOWT00000030194
0 79 0 79
79 160 914 995
160 372 11336 11548

>ENSNPET00000006915
0 79 0 79
79 187 821 929
187 324 7002 7139

>ENSDNVT00000009016
0 79 0 79
79 156 908 985
156 184 11139 11167
184 291 11209 11316
291 330 14812 14851

>ENSDNVT00000009020
0 79 0 79
79 160 908 989
160 267 11209 11316
267 306 14812 14851

