>ENSDART00000152857
0 1768 2457 4225
1768 1932 15084 15248
1932 2083 23560 23711
2083 2145 28760 28822
2145 3119 34133 35107
3119 3261 35408 35550
3261 3349 46559 46647
3349 3411 49484 49546
3411 3503 58991 59083
3503 3633 61581 61711
3633 3780 63875 64022
3780 3840 64101 64161
3840 3961 65164 65285
3961 4054 70588 70681
4054 4106 75622 75674
4106 4256 77601 77751
4256 4338 90072 90154
4338 4365 94351 94378

>ENSDART00000105328
0 1768 2457 4225
1768 1932 15084 15248
1932 2083 23560 23711
2083 2145 28760 28822
2145 3119 34133 35107
3119 3261 35408 35550
3261 3349 46559 46647
3349 3411 49484 49546
3411 3503 58991 59083
3503 3633 61581 61711
3633 3780 63875 64022
3780 3840 64101 64161
3840 3961 65164 65285
3961 4054 70588 70681
4054 4106 75622 75674
4106 4256 77601 77751
4256 4338 90072 90154
4338 4365 94351 94378

>ENSDART00000185689
0 1825 2400 4225
1825 1989 15084 15248
1989 2140 23560 23711
2140 2158 28201 28219
2158 2220 28760 28822
2220 3194 34133 35107
3194 3336 35408 35550
3336 3424 46559 46647
3424 3486 49484 49546
3486 3578 58991 59083
3578 3708 61581 61711
3708 3855 63875 64022
3855 3915 64101 64161
3915 4036 65164 65285
4036 4129 70588 70681
4129 4181 75622 75674
4181 4331 77601 77751
4331 4413 90072 90154
4413 4440 94351 94378

>ENSONIT00000010135
0 691 0 691
691 840 724 873
840 1301 1140 1601
1301 1328 2762 2789
1328 1579 6330 6581
1579 1758 8767 8946
1758 1909 10423 10574
1909 1939 12122 12152
1939 2040 15482 15583
2040 2097 15894 15951
2097 2196 16515 16614
2196 2300 16979 17083
2300 2427 18528 18655
2427 2444 18829 18846
2444 2589 18874 19019
2589 3605 19276 20292
3605 3750 20846 20991
3750 3838 26564 26652
3838 3900 27430 27492
3900 3992 28358 28450
3992 4122 30222 30352
4122 4269 30787 30934
4269 4329 36437 36497
4329 4450 49840 49961
4450 4543 50239 50332
4543 4595 55206 55258
4595 4745 65823 65973
4745 4827 66092 66174
4827 4854 66619 66646

>ENSCPGT00000009145
0 1936 220 2156
1936 2103 18422 18589
2103 2251 33195 33343
2251 2313 38730 38792
2313 3986 54622 56295
3986 4131 57340 57485
4131 4219 68218 68306
4219 4281 89397 89459
4281 4373 96630 96722
4373 4503 96872 97002
4503 4650 97711 97858
4650 4710 99726 99786
4710 4831 99967 100088
4831 4924 109939 110032
4924 4976 124410 124462
4976 5126 140306 140456
5126 5208 154593 154675
5208 5235 156113 156140

>ENSJHYT00000020758
0 1945 14668 16613
1945 2112 31686 31853
2112 2260 44482 44630
2260 2319 48886 48945
2319 3983 64465 66129
3983 4128 67173 67318
4128 4216 77765 77853
4216 4278 98624 98686
4278 4370 105130 105222
4370 4500 105359 105489
4500 4647 106395 106542
4647 4707 108380 108440
4707 4828 108622 108743
4828 4921 117370 117463
4921 4973 132605 132657
4973 5123 148341 148491
5123 5205 163075 163157
5205 5232 164529 164556

>ENSJHYT00000020771
0 1945 14668 16613
1945 2112 31686 31853
2112 2260 44482 44630
2260 2319 48886 48945
2319 3983 64465 66129
3983 4128 67173 67318
4128 4216 77765 77853
4216 4278 98624 98686
4278 4370 105130 105222
4370 4500 105359 105489
4500 4647 106395 106542
4647 4707 108380 108440
4707 4828 108622 108743
4828 4921 117370 117463
4921 4973 132605 132657
4973 5123 148341 148491
5123 5205 163075 163157
5205 5232 164529 164556

>ENSAHAT00000021451
0 1567 0 1567
1567 1734 20184 20351
1734 1882 31513 31661
1882 1944 38754 38816
1944 2743 56070 56869
2743 3494 56959 57710
3494 3639 58783 58928
3639 3727 71062 71150
3727 3789 93927 93989
3789 3881 105297 105389
3881 4011 105537 105667
4011 4158 106604 106751
4158 4218 108636 108696
4218 4339 108891 109012
4339 4432 120969 121062
4432 4484 135671 135723
4484 4634 152292 152442
4634 4716 167661 167743
4716 4743 169142 169169

>ENSNSUT00000024802
0 1540 0 1540
1540 1758 26686 26904
1758 3308 67022 68572
3308 3453 70553 70698
3453 3541 87607 87695
3541 3603 124386 124448
3603 3695 137100 137192
3695 3825 138718 138848
3825 3972 141954 142101
3972 4032 144205 144265
4032 4153 145579 145700
4153 4246 156087 156180
4246 4298 166901 166953
4298 4448 180370 180520
4448 4575 194917 195044

>ENSEBUT00000008618
0 1192 28819 30011
1192 1347 58160 58315
1347 1474 58430 58557
1474 1536 58669 58731
1536 3527 91483 93474
3527 3669 95722 95864
3669 3757 97256 97344
3757 3819 103542 103604
3819 3911 106684 106776
3911 4041 106947 107077
4041 4188 107340 107487
4188 4248 115510 115570
4248 4369 115660 115781
4369 4462 120761 120854
4462 4514 120999 121051
4514 4896 134361 134743

>ENSEBUT00000008646
0 1192 28819 30011
1192 1347 58160 58315
1347 1474 58430 58557
1474 1536 58669 58731
1536 3527 91483 93474
3527 3669 95722 95864
3669 3757 97256 97344
3757 3819 103542 103604
3819 3911 106684 106776
3911 4041 106947 107077
4041 4188 107340 107487
4188 4248 115510 115570
4248 4369 115660 115781
4369 4462 120761 120854
4462 4514 120999 121051
4514 4896 134361 134743

>ENSEBUT00000008680
0 1192 28819 30011
1192 1347 58160 58315
1347 1474 58430 58557
1474 1536 58669 58731
1536 3527 91483 93474
3527 3669 95722 95864
3669 3757 97256 97344
3757 3819 103542 103604
3819 3911 106684 106776
3911 4041 106947 107077
4041 4188 107340 107487
4188 4248 115510 115570
4248 4369 115660 115781
4369 4462 120761 120854
4462 4514 120999 121051
4514 4664 134361 134511
4664 4854 137059 137249

