>ENSSFOT00015016329
0 87 136 223
87 135 364 412
135 201 1202 1268
201 311 1654 1764
311 388 1867 1944
388 487 2023 2122
487 640 2448 2601
640 818 3670 3848
818 942 4119 4243
942 991 4602 4651
991 1113 4811 4933
1113 1330 5214 5431
1330 1495 6033 6198
1495 1608 6375 6488
1608 1727 6680 6799
1727 1809 6887 6969
1809 2002 7090 7283
2002 2146 7384 7528
2146 2223 7622 7699
2223 2421 7931 8129
2421 2508 8253 8340
2508 2613 9024 9129
2613 2775 9751 9913

>ENSSFOT00015016338
0 87 136 223
87 135 364 412
135 201 1202 1268
201 311 1654 1764
311 388 1867 1944
388 541 2448 2601
541 719 3670 3848
719 843 4119 4243
843 892 4602 4651
892 1014 4811 4933
1014 1231 5214 5431
1231 1396 6033 6198
1396 1509 6375 6488
1509 1628 6680 6799
1628 1710 6887 6969
1710 1903 7090 7283
1903 2047 7384 7528
2047 2124 7622 7699
2124 2322 7931 8129
2322 2409 8253 8340
2409 2514 9024 9129
2514 2676 9751 9913

>ENSPKIT00000000853
0 79 0 79
79 218 1095 1234
218 295 1319 1396
295 394 1480 1579
394 547 2278 2431
547 725 2700 2878
725 849 4509 4633
849 904 4945 5000
904 1064 5204 5364
1064 1225 5780 5941
1225 1405 7312 7492
1405 1521 7676 7792
1521 1640 8335 8454
1640 1722 8543 8625
1722 1831 10398 10507
1831 2011 10813 10993
2011 2088 11072 11149
2088 2286 11304 11502
2286 2373 11655 11742
2373 2484 16880 16991
2484 2664 17333 17513

