>ENSCSAVT00000010598
0 84 76 160
84 298 577 791
298 861 1494 2057

>ENSCINT00000023047
0 84 42 126
84 298 597 811
298 663 1214 1579

>ENSCSAVT00000017091
0 174 12 186
174 328 1245 1399
328 439 1715 1826
439 750 2812 3123

>ENSCSAVT00000002060
0 12 216 228
12 232 935 1155
232 732 1820 2320

>ENSCINT00000029597
0 492 544 1036

>ENSCINT00000021573
0 63 36 99
63 340 1113 1390
340 834 1668 2162

>ENSCSAVT00000018803
0 63 78 141
63 349 1069 1355
349 828 1942 2421

>ENSCINT00000005465
0 84 83 167
84 466 629 1011
466 915 1142 1591

>ENSCINT00000020445
0 234 48 282
234 348 1243 1357
348 473 1938 2063
473 611 2665 2803
611 1068 3210 3667

