>FBtr0300420
0 116 3432 3548
116 620 3794 4298
620 1635 4360 5375

>FBtr0072708
0 116 3432 3548
116 620 3794 4298
620 1635 4360 5375

>FBtr0072707
0 116 3432 3548
116 620 3794 4298
620 1635 4360 5375

>FBtr0072710
0 116 3432 3548
116 620 3794 4298
620 1635 4360 5375

>FBtr0301523
0 116 3432 3548
116 620 3794 4298
620 1635 4360 5375

>FBtr0300419
0 116 3432 3548
116 620 3794 4298
620 1635 4360 5375

>FBtr0072709
0 3 121 124
3 97 698 792
97 392 3253 3548
392 896 3794 4298
896 1911 4360 5375

>FBtr0300417
0 116 3432 3548
116 620 3794 4298
620 1635 4360 5375

>FBtr0300416
0 116 3432 3548
116 620 3794 4298
620 1635 4360 5375

>FBtr0300418
0 116 3432 3548
116 620 3794 4298
620 1635 4360 5375

>ENSPKIT00000012740
0 78 5972 6050
78 168 7505 7595
168 219 8501 8552
219 381 11701 11863
381 474 12594 12687
474 688 13998 14212
688 879 14296 14487
879 994 17730 17845
994 1239 21961 22206
1239 1539 22429 22729

>ENSPKIT00000012769
0 21 377 398
21 117 5954 6050
117 207 7505 7595
207 258 8501 8552
258 420 11701 11863
420 513 12594 12687
513 727 13998 14212
727 918 14296 14487
918 1033 17730 17845
1033 1278 21961 22206
1278 1578 22429 22729

>ENSPKIT00000012794
0 21 377 398
21 117 5954 6050
117 207 7505 7595
207 369 11701 11863
369 462 12594 12687
462 676 13998 14212
676 867 14296 14487
867 982 17730 17845
982 1227 21961 22206
1227 1527 22429 22729

>ENSPKIT00000012808
0 78 5972 6050
78 168 7505 7595
168 219 8501 8552
219 381 11701 11863
381 474 12594 12687
474 688 13998 14212
688 879 14296 14487
879 994 17730 17845
994 1239 21961 22206
1239 1539 22429 22729

>ENSSFOT00015030523
0 81 3074 3155
81 171 4076 4166
171 222 6622 6673
222 384 6946 7108
384 477 7400 7493
477 691 7813 8027
691 882 8126 8317
882 954 8756 8828
954 1075 9242 9363
1075 1326 12318 12569
1326 1626 12900 13200

>ENSSFOT00015030544
0 21 45 66
21 117 3059 3155
117 207 4076 4166
207 258 6622 6673
258 420 6946 7108
420 513 7400 7493
513 727 7813 8027
727 918 8126 8317
918 990 8756 8828
990 1111 9242 9363
1111 1362 12318 12569
1362 1662 12900 13200

>ENSSFOT00015030565
0 117 4049 4166
117 168 6622 6673
168 330 6946 7108
330 423 7400 7493
423 637 7813 8027
637 828 8126 8317
828 949 9242 9363
949 1200 12318 12569
1200 1500 12900 13200

>ENSSMAT00000027126
0 21 0 21
21 117 898 994
117 207 1981 2071
207 258 2543 2594
258 420 3587 3749
420 513 3864 3957
513 726 5176 5389
726 915 5472 5661
915 1263 6577 6925
1263 1563 7592 7892

>ENSCSET00000031474
0 126 0 126
126 222 3574 3670
222 312 4096 4186
312 363 4646 4697
363 525 5747 5909
525 618 5988 6081
618 832 7146 7360
832 1023 7441 7632
1023 1138 8163 8278
1138 1386 8392 8640
1386 1686 8776 9076

>ENSPFOT00000019355
0 99 47 146
99 195 1017 1113
195 285 2932 3022
285 336 3531 3582
336 498 4655 4817
498 591 5697 5790
591 805 9525 9739
805 996 9843 10034
996 1111 10473 10588
1111 1359 13518 13766
1359 1659 13848 14148

>ENSPLAT00000003249
0 78 1016 1094
78 168 2909 2999
168 219 3508 3559
219 381 4633 4795
381 474 5675 5768
474 688 9430 9644
688 879 9748 9939
879 994 10378 10493
994 1242 13422 13670
1242 1542 13752 14052

>ENSPLAT00000003261
0 78 1016 1094
78 168 2909 2999
168 330 4633 4795
330 423 5675 5768
423 637 9430 9644
637 828 9748 9939
828 943 10378 10493
943 1191 13422 13670
1191 1491 13752 14052

>ENSPMET00000027307
0 78 1030 1108
78 168 2930 3020
168 330 4655 4817
330 423 5692 5785
423 637 9542 9756
637 828 9860 10051
828 943 10487 10602
943 1191 13531 13779
1191 1491 13861 14161

>ENSPMET00000027330
0 78 1030 1108
78 168 2930 3020
168 219 3529 3580
219 381 4655 4817
381 474 5692 5785
474 688 9542 9756
688 879 9860 10051
879 994 10487 10602
994 1242 13531 13779
1242 1542 13861 14161

>ENSPMET00000034122
0 99 42 141
99 195 1012 1108
195 285 2930 3020
285 336 3529 3580
336 498 4655 4817
498 591 5692 5785
591 805 9542 9756
805 996 9860 10051
996 1111 10487 10602
1111 1359 13531 13779
1359 1659 13861 14161

>ENSPRET00000008343
0 21 0 21
21 117 884 980
117 207 2766 2856
207 258 3367 3418
258 420 4497 4659
420 513 5538 5631
513 727 9307 9521
727 960 9625 9858
960 1075 10248 10363
1075 1323 13273 13521
1323 1623 13604 13904

>ENSPRET00000008381
0 78 902 980
78 168 2766 2856
168 330 4497 4659
330 423 5538 5631
423 637 9307 9521
637 828 9625 9816
828 943 10248 10363
943 1161 13273 13491
1161 1461 13604 13904

>ENSPRET00000008396
0 2 1932 1934
2 129 2729 2856
129 180 3367 3418
180 342 4497 4659
342 435 5538 5631
435 649 9307 9521
649 840 9625 9816
840 955 10248 10363
955 1173 13273 13491
1173 1473 13604 13904

>ENSXMAT00000033745
0 78 979 1057
78 168 5729 5819
168 219 6328 6379
219 381 7464 7626
381 474 8693 8786
474 688 12481 12695
688 879 12799 12990
879 994 13422 13537
994 1242 17121 17369
1242 1542 17452 17752

>ENSXMAT00000001864
0 99 16 115
99 195 961 1057
195 285 5729 5819
285 336 6328 6379
336 498 7464 7626
498 591 8693 8786
591 805 12481 12695
805 996 12799 12990
996 1111 13422 13537
1111 1359 17121 17369
1359 1659 17452 17752

>ENSXMAT00000026940
0 99 16 115
99 195 961 1057
195 285 5729 5819
285 447 7464 7626
447 540 8693 8786
540 754 12481 12695
754 945 12799 12990
945 1060 13422 13537
1060 1308 17121 17369
1308 1608 17452 17752

>ENSXCOT00000016559
0 78 0 78
78 168 4691 4781
168 330 6424 6586
330 423 7630 7723
423 637 11429 11643
637 828 11747 11938
828 943 12372 12487
943 1191 16044 16292
1191 1491 16375 16675

>ENSGAFT00000031529
0 78 1044 1122
78 168 5693 5783
168 219 6293 6344
219 381 7415 7577
381 474 8508 8601
474 688 12075 12289
688 879 12393 12584
879 994 12994 13109
994 1242 14822 15070
1242 1542 15153 15453

>ENSGAFT00000031530
0 99 76 175
99 195 1026 1122
195 285 5693 5783
285 336 6293 6344
336 498 7415 7577
498 591 8508 8601
591 805 12075 12289
805 996 12393 12584
996 1111 12994 13109
1111 1359 14822 15070
1359 1659 15153 15453

>ENSFHET00000027134
0 21 90 111
21 117 974 1070
117 207 4701 4791
207 258 5314 5365
258 420 6524 6686
420 513 8587 8680
513 727 11418 11632
727 918 11729 11920
918 1033 12375 12490
1033 1281 20084 20332
1281 1581 20410 20710

>ENSFHET00000027147
0 78 992 1070
78 168 4701 4791
168 219 5314 5365
219 381 6524 6686
381 474 8587 8680
474 688 11418 11632
688 879 11729 11920
879 994 12375 12490
994 1242 20084 20332
1242 1542 20410 20710

>ENSFHET00000034279
0 78 992 1070
78 168 4701 4791
168 330 6524 6686
330 423 8587 8680
423 637 11418 11632
637 828 11729 11920
828 943 12375 12490
943 1191 20084 20332
1191 1491 20410 20710

>ENSCVAT00000002844
0 78 922 1000
78 168 3243 3333
168 219 3872 3923
219 381 5034 5196
381 474 7269 7362
474 688 9451 9665
688 879 9764 9955
879 994 10418 10533
994 1242 14051 14299
1242 1542 14376 14676

>ENSCVAT00000002857
0 78 922 1000
78 168 3243 3333
168 219 3872 3923
219 381 5034 5196
381 474 7269 7362
474 688 9451 9665
688 879 9764 9955
879 994 10418 10533
994 1242 14051 14299
1242 1542 14376 14676

>ENSCVAT00000002865
0 78 922 1000
78 168 3243 3333
168 219 3872 3923
219 381 5034 5196
381 474 7269 7362
474 688 9451 9665
688 879 9764 9955
879 994 10418 10533
994 1242 14051 14299
1242 1542 14376 14676

>ENSCVAT00000002872
0 78 922 1000
78 168 3243 3333
168 330 5034 5196
330 423 7269 7362
423 637 9451 9665
637 828 9764 9955
828 943 10418 10533
943 1191 14051 14299
1191 1491 14376 14676

>ENSKMAT00000022857
0 78 0 78
78 168 1732 1822
168 219 2326 2377
219 381 3436 3598
381 474 3686 3779
474 688 5322 5536
688 879 5621 5812
879 994 6328 6443
994 1242 7725 7973
1242 1542 8071 8371

