>R09D1.13.1
0 104 0 104
104 358 216 470
358 476 512 630
476 666 682 872
666 767 986 1087
767 1004 1143 1380
1004 1110 1437 1543
1110 1167 1585 1642

>T01G5.1.1
0 38 17 55
38 212 420 594
212 514 817 1119
514 632 1372 1490
632 876 1533 1777
876 986 1823 1933
986 1205 1982 2201
1205 1311 2470 2576
1311 1401 2620 2710

>Y50D4B.6.1
0 119 68 187
119 424 794 1099
424 545 1144 1265
545 729 1308 1492
729 839 1774 1884
839 1094 1926 2181
1094 1200 2669 2775
1200 1266 2821 2887

>W04G5.10.1
0 128 0 128
128 403 187 462
403 524 509 630
524 696 677 849
696 806 1249 1359
806 1061 1406 1661
1061 1167 1711 1817
1167 1239 1861 1933

>C08H9.5.1
0 71 26 97
71 275 147 351
275 640 534 899
640 764 948 1072
764 948 1126 1310
948 1058 1351 1461
1058 1307 1537 1786
1307 1413 1833 1939
1413 1509 1993 2089

>ZK938.5.1
0 65 0 65
65 263 114 312
263 628 555 920
628 752 970 1094
752 936 1145 1329
936 1046 1377 1487
1046 1295 1563 1812
1295 1401 1859 1965
1401 1497 2019 2115

>FBtr0084874
0 136 1235 1371
136 396 3441 3701
396 1212 3766 4582
1212 1480 5720 5988
1480 1569 6635 6724
1569 1709 9305 9445
1709 1815 9503 9609
1815 1955 9670 9810
1955 2097 9873 10015
2097 2319 10080 10302

>ENSATET00000005955
0 25 407 432
25 104 547 626
104 294 1667 1857
294 433 2206 2345
433 532 3636 3735
532 693 3821 3982
693 831 4146 4284
831 943 6238 6350
943 1043 7033 7133
1043 1143 7408 7508
1143 1254 7662 7773

>ENSCSET00000007265
0 233 21 254
233 450 1021 1238
450 589 2209 2348
589 936 2473 2820
936 1074 2916 3054
1074 1186 3469 3581
1186 1286 3867 3967
1286 1386 4042 4142
1386 1500 4507 4621

>ENSCSET00000007268
0 233 21 254
233 450 1021 1238
450 589 2209 2348
589 688 2473 2572
688 849 2659 2820
849 987 2916 3054
987 1099 3469 3581
1099 1199 3867 3967
1199 1299 4042 4142
1299 1413 4507 4621

>ENSCSET00000007273
0 64 21 85
64 158 160 254
158 375 1021 1238
375 514 2209 2348
514 613 2473 2572
613 774 2659 2820
774 912 2916 3054
912 1024 3469 3581
1024 1124 3867 3967
1124 1224 4042 4142
1224 1338 4507 4621

>ENSXMAT00000009497
0 52 387 439
52 128 524 600
128 333 1993 2198
333 472 2627 2766
472 571 3432 3531
571 732 4164 4325
732 870 4684 4822
870 982 6214 6326
982 1082 7152 7252
1082 1182 9084 9184
1182 1293 9859 9970

