>ENSSPUT00000025329
0 123 13728 13851
123 226 14666 14769
226 300 24474 24548

>ENSSPUT00000025317
0 21 35 56
21 198 2159 2336
198 351 5465 5618
351 384 9169 9202

>ENSPVIT00000032729
0 116 0 116
116 277 2694 2855
277 525 23112 23360
525 655 29437 29567
655 735 38674 38754
735 834 45187 45286
834 1062 45598 45826
1062 1150 47987 48075
1150 1359 48615 48824
1359 1516 51123 51280
1516 1555 52593 52632
1555 1821 55765 56031
1821 1935 61843 61957
1935 2154 65153 65372
2154 2293 66094 66233
2293 2470 67345 67522
2470 2552 80033 80115
2552 2802 83741 83991
2802 2893 84400 84491
2893 3084 86015 86206
3084 3240 88282 88438
3240 3306 88523 88589
3306 3449 98907 99050
3449 3606 101651 101808
3606 3717 102282 102393

