>ENSPNAT00000003677
0 117 0 117
117 152 224 259
152 280 901 1029
280 410 1469 1599
410 4639 2145 6374
4639 4868 9009 9238
4868 5025 9366 9523
5025 5172 9835 9982
5172 5304 12400 12532
5304 5344 12611 12651
5344 5451 13909 14016
5451 5576 14630 14755
5576 5848 15923 16195
5848 5948 16301 16401
5948 6232 18758 19042
6232 6334 19153 19255
6334 6463 20103 20232
6463 6570 20774 20881

>ENSAMXT00000046047
0 3901 0 3901
3901 4097 4824 5020
4097 4254 5130 5287
4254 4404 7836 7986
4404 4654 8779 9029
4654 4761 9187 9294
4761 4886 10252 10377
4886 5155 10645 10914
5155 5255 11653 11753
5255 5539 12270 12554
5539 5641 12658 12760
5641 5779 14209 14347
5779 5886 15035 15142

>ENSAMXT00000046630
0 3901 0 3901
3901 4097 4824 5020
4097 4254 5130 5287
4254 4404 7836 7986
4404 4524 8779 8899
4524 4564 8989 9029
4564 4671 9187 9294
4671 4796 10252 10377
4796 5065 10645 10914
5065 5165 11653 11753
5165 5449 12270 12554
5449 5551 12658 12760
5551 5689 14209 14347
5689 5796 15035 15142

>ENSIPUT00000024888
0 1105 0 1105
1105 1328 1422 1645
1328 1485 1781 1938
1485 1638 2421 2574
1638 1758 2669 2789
1758 1798 2889 2929
1798 1902 3289 3393
1902 2027 3570 3695
2027 2299 3794 4066
2299 2399 4148 4248
2399 2683 4336 4620
2683 2785 4702 4804
2785 2929 4937 5081
2929 3018 5803 5892

>ENSIPUT00000024924
0 205 4415 4620
205 370 4702 4867
370 513 4988 5131
513 526 5191 5204
526 546 5273 5293

