>FBtr0086775
0 27 69 96
27 1190 153 1316
1190 1536 1377 1723
1536 1727 1790 1981
1727 1875 2038 2186
1875 2004 2245 2374

>T01G9.4.1
0 94 0 94
94 630 140 676
630 960 728 1058
960 1094 1282 1416
1094 1725 1483 2114
1725 1797 2163 2235

>T01G9.4.2
0 94 0 94
94 630 140 676
630 960 728 1058
960 1094 1282 1416
1094 1725 1483 2114
1725 1797 2163 2235

>ENSEBUT00000008642
0 96 2541 2637
96 200 2782 2886
200 269 3157 3226
269 335 4723 4789
335 487 13362 13514
487 605 25253 25371
605 706 25792 25893
706 858 26058 26210
858 942 26491 26575
942 1044 33018 33120

>ENSEBUT00000008661
0 96 2541 2637
96 200 2782 2886
200 269 3157 3226
269 335 4723 4789
335 487 13362 13514
487 605 25253 25371
605 706 25792 25893
706 858 26058 26210
858 942 26491 26575
942 1044 33018 33120

>ENSEBUT00000021491
0 13 841 854
13 131 6327 6445
131 232 7353 7454
232 384 7637 7789
384 468 8062 8146

