>ENSPPAT00000064313
0 57 0 57
57 153 696 792
153 264 39144 39255
264 349 41519 41604
349 447 46803 46901
447 475 50298 50326
475 548 58080 58153
548 629 68953 69034
629 738 245423 245532
738 858 259482 259602

>ENSPPAT00000064316
0 57 0 57
57 153 696 792
153 165 2245 2257

>ENSGGOT00000003240
0 57 0 57
57 153 696 792
153 264 41568 41679
264 349 43951 44036
349 403 49249 49303
403 476 65501 65574
476 557 78103 78184
557 788 97541 97772
788 834 103285 103331
834 876 103391 103433
876 937 129395 129456
937 964 162320 162347
964 1025 162668 162729
1025 1134 162747 162856
1134 1203 165402 165471
1203 1302 166972 167071

>ENSGGOT00000067410
0 57 0 57
57 153 696 792
153 264 41568 41679
264 349 43951 44036
349 438 49249 49338
438 444 49341 49347
444 472 52752 52780
472 545 63290 63363
545 626 78103 78184
626 735 162747 162856
735 804 165402 165471
804 903 166972 167071

>ENSGGOT00000042427
0 57 0 57
57 153 696 792
153 165 2254 2266

>ENSLACT00000018389
0 45 0 45
45 141 3378 3474
141 252 3882 3993
252 337 11654 11739
337 483 14058 14204
483 665 15383 15565
665 795 17717 17847
795 888 20293 20386
888 1142 21675 21929
1142 1305 22692 22855
1305 1452 24496 24643
1452 1577 29113 29238
1577 1704 30952 31079

>ENSNSUT00000003866
0 45 0 45
45 141 4244 4340
141 252 6086 6197
252 337 7434 7519
337 480 8660 8803
480 662 9444 9626
662 824 11704 11866
824 1091 14542 14809
1091 1254 15338 15501
1254 1401 16535 16682
1401 1526 17529 17654
1526 1653 18573 18700

>ENSNSUT00000003898
0 45 0 45
45 141 4244 4340
141 226 7434 7519
226 369 8660 8803
369 551 9444 9626
551 690 11704 11843
690 783 13182 13275
783 1019 14573 14809
1019 1182 15338 15501
1182 1329 16535 16682
1329 1454 17529 17654
1454 1581 18573 18700

>ENSNSUT00000003902
0 39 0 39
39 135 4244 4340
135 246 6086 6197
246 331 7434 7519
331 474 8660 8803
474 656 9444 9626
656 795 11704 11843
795 888 13182 13275
888 1124 14573 14809
1124 1287 15338 15501
1287 1412 17529 17654
1412 1539 18573 18700

