>FBtr0088088
0 117 6090 6207
117 234 6652 6769
234 318 6852 6936
318 413 7037 7132
413 591 7200 7378
591 780 7437 7626
780 1074 7690 7984
1074 1287 8044 8257
1287 1392 8320 8425

>FBtr0330632
0 36 766 802
36 153 6652 6769
153 237 6852 6936
237 332 7037 7132
332 510 7200 7378
510 699 7437 7626
699 993 7690 7984
993 1206 8044 8257
1206 1365 8320 8479

>FBtr0330634
0 36 766 802
36 153 6652 6769
153 237 6852 6936
237 332 7037 7132
332 510 7200 7378
510 699 7437 7626
699 993 7690 7984
993 1206 8044 8257
1206 1311 8320 8425

>FBtr0330633
0 36 766 802
36 153 6652 6769
153 237 6852 6936
237 332 7037 7132
332 510 7200 7378
510 699 7437 7626
699 993 7690 7984
993 1206 8044 8257
1206 1491 8320 8605

>FBtr0113069
0 36 766 802
36 153 6652 6769
153 237 6852 6936
237 332 7037 7132
332 510 7200 7378
510 699 7437 7626
699 993 7690 7984
993 1206 8044 8257
1206 1311 8320 8425

>FBtr0113068
0 3 3268 3271
3 120 6652 6769
120 204 6852 6936
204 299 7037 7132
299 477 7200 7378
477 666 7437 7626
666 960 7690 7984
960 1173 8044 8257
1173 1278 8320 8425

>FBtr0113067
0 678 5529 6207
678 795 6652 6769
795 879 6852 6936
879 974 7037 7132
974 1152 7200 7378
1152 1341 7437 7626
1341 1635 7690 7984
1635 1848 8044 8257
1848 1953 8320 8425

>FBtr0330246
0 51 101 152
51 1311 283 1543
1311 2130 1606 2425

>FBtr0088686
0 51 101 152
51 1311 283 1543
1311 2067 1606 2362

>C02F5.7a.1
0 117 2511 2628
117 200 2678 2761
200 590 2808 3198
590 792 3245 3447
792 1293 3496 3997
1293 1386 4385 4478

>C02F5.7a.2
0 117 2511 2628
117 200 2678 2761
200 590 2808 3198
590 792 3245 3447
792 1293 3496 3997
1293 1386 4385 4478

>C02F5.7a.3
0 117 2511 2628
117 200 2678 2761
200 590 2808 3198
590 792 3245 3447
792 1293 3496 3997
1293 1386 4385 4478

>C02F5.7a.4
0 117 2511 2628
117 200 2678 2761
200 590 2808 3198
590 792 3245 3447
792 1293 3496 3997
1293 1386 4385 4478

>C02F5.7b.1
0 117 2511 2628
117 200 2678 2761
200 590 2808 3198
590 792 3245 3447
792 1293 3496 3997
1293 1372 4385 4464
1372 1401 4750 4779

>C02F5.7b.2
0 117 2511 2628
117 200 2678 2761
200 590 2808 3198
590 792 3245 3447
792 1293 3496 3997
1293 1372 4385 4464
1372 1401 4750 4779

>C02F5.7b.3
0 117 2511 2628
117 200 2678 2761
200 590 2808 3198
590 792 3245 3447
792 1293 3496 3997
1293 1372 4385 4464
1372 1401 4750 4779

>YJR090C_mRNA
0 3456 0 3456

