>ENSPVIT00000039212
0 68 105 173
68 129 2622 2683
129 209 3690 3770
209 314 6016 6121
314 486 6998 7170
486 564 8745 8823
564 684 9361 9481
684 876 9562 9754
876 1071 9908 10103
1071 1161 12339 12429
1161 1341 12519 12699
1341 1423 13786 13868
1423 1545 18448 18570
1545 1671 18894 19020
1671 1769 19872 19970
1769 1864 21709 21804
1864 1956 21895 21987

>ENSACAT00000003540
0 68 156 224
68 129 4727 4788
129 209 5602 5682
209 314 6499 6604
314 486 8537 8709
486 564 9163 9241
564 684 10127 10247
684 876 10324 10516
876 1071 10759 10954
1071 1161 12883 12973
1161 1341 13063 13243
1341 1423 15020 15102
1423 1545 16500 16622
1545 1671 17314 17440
1671 1769 19128 19226
1769 1864 22004 22099
1864 1956 22189 22281

