>ENSARWT00000021824
0 173 137 310
173 445 1882 2154
445 588 2932 3075
588 825 4158 4395

>ENSAHAT00000004097
0 246 0 246
246 419 794 967
419 461 1104 1146
461 652 2618 2809
652 795 3587 3730
795 1032 4814 5051

>ENSAHAT00000004166
0 211 61 272
211 410 768 967
410 682 2537 2809
682 825 3587 3730
825 1050 4814 5039
1050 1080 5927 5957

>ENSAHAT00000004192
0 211 61 272
211 410 768 967
410 682 2537 2809
682 886 3587 3791
886 972 5187 5273

>ENSAOWT00000006144
0 246 0 246
246 419 794 967
419 461 1104 1146
461 652 2618 2809
652 795 3587 3730
795 1032 4815 5052

>ENSDNVT00000006935
0 178 3193 3371
178 472 6114 6408
472 615 7211 7354
615 864 8438 8687

