>ENSEBUT00000021196
0 102 152 254
102 211 413 522
211 381 7710 7880
381 449 9523 9591
449 668 75341 75560
668 755 77742 77829
755 882 78220 78347
882 968 80424 80510
968 1062 80967 81061
1062 1209 82754 82901
1209 1316 83827 83934
1316 1437 84051 84172
1437 1582 84426 84571
1582 1682 84699 84799
1682 1818 89258 89394
1818 1894 89609 89685
1894 2040 96277 96423
2040 2103 96528 96591
2103 2234 96820 96951
2234 2286 111759 111811

>ENSEBUT00000021234
0 102 152 254
102 211 413 522
211 381 7710 7880
381 449 9523 9591
449 668 75341 75560
668 755 77742 77829
755 882 78220 78347
882 968 80424 80510
968 1062 80967 81061
1062 1209 82754 82901
1209 1316 83827 83934
1316 1437 84051 84172
1437 1582 84426 84571
1582 1682 84699 84799
1682 1818 87292 87428
1818 1894 89609 89685
1894 2040 96277 96423
2040 2103 96528 96591
2103 2234 96820 96951
2234 2286 111759 111811

>ENSSMRT00000015346
0 102 1071 1173
102 211 4510 4619
211 369 6073 6231
369 437 10912 10980
437 632 12246 12441
632 719 14174 14261
719 846 15012 15139
846 932 15452 15538
932 1026 16785 16879
1026 1173 19061 19208
1173 1280 20849 20956
1280 1401 21511 21632
1401 1546 21856 22001
1546 1646 23452 23552
1646 1782 24580 24716
1782 1858 25635 25711
1858 2004 26129 26275
2004 2067 27794 27857
2067 2198 28423 28554
2198 2291 28922 29015
2291 2436 29105 29250

>ENSSMRT00000015347
0 102 1071 1173
102 211 4510 4619
211 369 6073 6231
369 437 10912 10980
437 632 12246 12441
632 719 14174 14261
719 846 15012 15139
846 932 15452 15538
932 1026 16785 16879
1026 1173 19061 19208
1173 1280 20849 20956
1280 1401 21511 21632
1401 1546 21856 22001
1546 1646 23452 23552
1646 1782 24580 24716
1782 1858 25635 25711
1858 2004 26129 26275
2004 2067 27794 27857
2067 2198 28423 28554
2198 2291 28922 29015
2291 2436 29105 29250

