>ENSOMET00000006435
0 5 0 5
5 198 3146 3339
198 329 3414 3545
329 448 3849 3968
448 608 5674 5834
608 753 5905 6050
753 843 6153 6243

>ENSPFOT00000012055
0 276 185 461
276 407 8562 8693
407 526 8838 8957
526 683 10197 10354
683 828 10451 10596
828 903 10694 10769
903 983 10891 10971
983 1177 13916 14110
1177 1287 14221 14331
1287 1482 14417 14612
1482 1565 14768 14851
1565 1655 14936 15026
1655 1757 15225 15327
1757 1859 17402 17504
1859 1950 17577 17668
1950 2082 17778 17910
2082 2185 17999 18102
2185 2289 19074 19178
2289 2349 19268 19328
2349 2436 19420 19507
2436 2541 19605 19710
2541 2592 20370 20421
2592 2643 20655 20706
2643 2730 22465 22552

