>ENSPTET00000038853
0 6072 0 6072

>ENSPSMT00000034305
0 324 0 324

>ENSTGET00000014496
0 24 0 24
24 294 1871 2141

>ENSAOCT00000015163
0 42 520 562
42 250 7744 7952
250 519 10693 10962
519 681 11919 12081
681 795 13168 13282
795 969 13375 13549
969 1167 13772 13970
1167 1368 14862 15063
1368 1521 15254 15407
1521 1644 15567 15690
1644 1782 16133 16271
1782 1947 16371 16536
1947 2128 16725 16906
2128 2292 17046 17210
2292 2418 17330 17456
2418 2561 17563 17706
2561 2796 18423 18658
2796 2919 18747 18870
2919 3065 18963 19109
3065 3249 19207 19391
3249 3442 19723 19916
3442 3600 20022 20180
3600 3765 20516 20681
3765 4041 21862 22138
4041 4191 22783 22933
4191 4323 23026 23158
4323 4434 23253 23364
4434 4605 24697 24868
4605 4827 25088 25310
4827 4854 25667 25694
4854 4930 29037 29113
4930 5055 30168 30293

>ENSAOCT00000015174
0 42 520 562
42 250 7744 7952
250 519 10693 10962
519 681 11919 12081
681 795 13168 13282
795 969 13375 13549
969 1167 13772 13970
1167 1368 14862 15063
1368 1521 15254 15407
1521 1644 15567 15690
1644 1782 16133 16271
1782 1947 16371 16536
1947 2128 16725 16906
2128 2292 17046 17210
2292 2418 17330 17456
2418 2561 17563 17706
2561 2796 18423 18658
2796 2919 18747 18870
2919 3065 18963 19109
3065 3249 19207 19391
3249 3442 19723 19916
3442 3600 20022 20180
3600 3765 20516 20681
3765 4041 21862 22138
4041 4191 22783 22933
4191 4323 23026 23158
4323 4434 23253 23364
4434 4605 24697 24868
4605 4827 25088 25310
4827 4903 29037 29113
4903 5028 30168 30293

>ENSAOCT00000015187
0 8 6012 6020
8 259 7701 7952
259 528 10693 10962
528 690 11919 12081
690 804 13168 13282
804 978 13375 13549
978 1176 13772 13970
1176 1377 14862 15063
1377 1530 15254 15407
1530 1653 15567 15690
1653 1791 16133 16271
1791 1956 16371 16536
1956 2137 16725 16906
2137 2301 17046 17210
2301 2427 17330 17456
2427 2570 17563 17706
2570 2805 18423 18658
2805 2928 18747 18870
2928 3074 18963 19109
3074 3258 19207 19391
3258 3442 19723 19907
3442 3600 20022 20180
3600 3765 20516 20681
3765 4155 21862 22252

>ENSAPET00000024554
0 42 304 346
42 250 7507 7715
250 519 10447 10716
519 681 11679 11841
681 795 12942 13056
795 969 13149 13323
969 1167 13544 13742
1167 1368 14630 14831
1368 1521 15022 15175
1521 1644 15335 15458
1644 1782 15897 16035
1782 1947 16135 16300
1947 2128 16482 16663
2128 2292 16818 16982
2292 2418 17099 17225
2418 2561 17332 17475
2561 2796 18327 18562
2796 2919 18651 18774
2919 3065 18867 19013
3065 3249 19112 19296
3249 3442 19628 19821
3442 3600 19927 20085
3600 3765 20421 20586
3765 4041 21769 22045
4041 4191 22699 22849
4191 4323 22942 23074
4323 4434 23169 23280
4434 4605 24615 24786
4605 4827 25004 25226
4827 4854 25583 25610
4854 4930 28949 29025
4930 5055 30108 30233

>ENSAPET00000024566
0 42 304 346
42 250 7507 7715
250 519 10447 10716
519 681 11679 11841
681 795 12942 13056
795 969 13149 13323
969 1167 13544 13742
1167 1368 14630 14831
1368 1521 15022 15175
1521 1644 15335 15458
1644 1782 15897 16035
1782 1947 16135 16300
1947 2128 16482 16663
2128 2292 16818 16982
2292 2418 17099 17225
2418 2561 17332 17475
2561 2796 18327 18562
2796 2919 18651 18774
2919 3065 18867 19013
3065 3249 19112 19296
3249 3442 19628 19821
3442 3600 19927 20085
3600 3765 20421 20586
3765 4041 21769 22045
4041 4191 22699 22849
4191 4323 22942 23074
4323 4434 23169 23280
4434 4605 24615 24786
4605 4827 25004 25226
4827 4903 28949 29025
4903 5028 30108 30233

>ENSAPET00000024593
0 8 5782 5790
8 259 7464 7715
259 528 10447 10716
528 690 11679 11841
690 804 12942 13056
804 978 13149 13323
978 1176 13544 13742
1176 1377 14630 14831
1377 1530 15022 15175
1530 1653 15335 15458
1653 1791 15897 16035
1791 1956 16135 16300
1956 2137 16482 16663
2137 2301 16818 16982
2301 2427 17099 17225
2427 2570 17332 17475
2570 2805 18327 18562
2805 2928 18651 18774
2928 3074 18867 19013
3074 3258 19112 19296
3258 3442 19628 19812
3442 3600 19927 20085
3600 3765 20421 20586
3765 4104 21769 22108

>ENSAPOT00000011324
0 42 451 493
42 250 7739 7947
250 519 10691 10960
519 681 11919 12081
681 795 13318 13432
795 969 13528 13702
969 1167 13919 14117
1167 1368 15010 15211
1368 1521 15411 15564
1521 1644 15747 15870
1644 1782 16326 16464
1782 1947 16564 16729
1947 2128 16881 17062
2128 2292 17221 17385
2292 2418 17506 17632
2418 2561 17738 17881
2561 2796 18748 18983
2796 2919 19072 19195
2919 3065 19294 19440
3065 3249 19545 19729
3249 3442 20067 20260
3442 3600 20366 20524
3600 3765 20860 21025
3765 4041 22135 22411
4041 4191 23613 23763
4191 4323 23861 23993
4323 4434 24087 24198
4434 4605 25550 25721
4605 4827 25922 26144
4827 4854 26501 26528
4854 4930 29786 29862
4930 5055 31025 31150

>ENSAPOT00000011355
0 42 451 493
42 250 7739 7947
250 519 10691 10960
519 681 11919 12081
681 795 13318 13432
795 969 13528 13702
969 1167 13919 14117
1167 1368 15010 15211
1368 1521 15411 15564
1521 1644 15747 15870
1644 1782 16326 16464
1782 1947 16564 16729
1947 2128 16881 17062
2128 2292 17221 17385
2292 2418 17506 17632
2418 2561 17738 17881
2561 2796 18748 18983
2796 2919 19072 19195
2919 3065 19294 19440
3065 3249 19545 19729
3249 3442 20067 20260
3442 3600 20366 20524
3600 3765 20860 21025
3765 4041 22135 22411
4041 4191 23613 23763
4191 4323 23861 23993
4323 4434 24087 24198
4434 4605 25550 25721
4605 4827 25922 26144
4827 4903 29786 29862
4903 5028 31025 31150

>ENSAPOT00000011417
0 8 5989 5997
8 256 7699 7947
256 525 10691 10960
525 687 11919 12081
687 801 13318 13432
801 975 13528 13702
975 1173 13919 14117
1173 1374 15010 15211
1374 1527 15411 15564
1527 1650 15747 15870
1650 1788 16326 16464
1788 1953 16564 16729
1953 2134 16881 17062
2134 2298 17221 17385
2298 2424 17506 17632
2424 2567 17738 17881
2567 2802 18748 18983
2802 2925 19072 19195
2925 3071 19294 19440
3071 3255 19545 19729
3255 3439 20067 20251
3439 3597 20366 20524
3597 3762 20860 21025
3762 4038 22135 22411
4038 4188 23613 23763
4188 4320 23861 23993
4320 4431 24087 24198
4431 4602 25550 25721
4602 4836 25922 26156

>ENSSPAT00000010266
0 42 458 500
42 250 6653 6861
250 519 9052 9321
519 681 10277 10439
681 795 11093 11207
795 969 11299 11473
969 1167 11701 11899
1167 1368 12698 12899
1368 1521 13081 13234
1521 1644 13365 13488
1644 1782 13906 14044
1782 1947 14144 14309
1947 2128 14497 14678
2128 2292 14842 15006
2292 2418 15113 15239
2418 2561 15338 15481
2561 2796 16231 16466
2796 2919 16556 16679
2919 3065 16775 16921
3065 3249 17010 17194
3249 3442 17582 17775
3442 3600 17885 18043
3600 3765 18955 19120
3765 4041 20388 20664
4041 4191 21320 21470
4191 4323 21550 21682
4323 4434 21763 21874
4434 4605 23394 23565
4605 4827 23754 23976
4827 4854 24284 24311
4854 4930 27576 27652
4930 5061 28559 28690

>ENSSPAT00000010319
0 42 458 500
42 250 6653 6861
250 519 9052 9321
519 681 10277 10439
681 795 11093 11207
795 969 11299 11473
969 1167 11701 11899
1167 1368 12698 12899
1368 1521 13081 13234
1521 1644 13365 13488
1644 1782 13906 14044
1782 1947 14144 14309
1947 2128 14497 14678
2128 2292 14842 15006
2292 2418 15113 15239
2418 2561 15338 15481
2561 2796 16231 16466
2796 2919 16556 16679
2919 3065 16775 16921
3065 3249 17010 17194
3249 3442 17582 17775
3442 3600 17885 18043
3600 3765 18955 19120
3765 4041 20388 20664
4041 4191 21320 21470
4191 4323 21550 21682
4323 4434 21763 21874
4434 4605 23394 23565
4605 4827 23754 23976
4827 4903 27576 27652
4903 5034 28559 28690

>ENSSPAT00000010403
0 30 4568 4598
30 238 6653 6861
238 507 9052 9321
507 669 10277 10439
669 783 11093 11207
783 957 11299 11473
957 1155 11701 11899
1155 1356 12698 12899
1356 1509 13081 13234
1509 1632 13365 13488
1632 1770 13906 14044
1770 1935 14144 14309
1935 2116 14497 14678
2116 2280 14842 15006
2280 2406 15113 15239
2406 2549 15338 15481
2549 2784 16231 16466
2784 2907 16556 16679
2907 3053 16775 16921
3053 3237 17010 17194
3237 3421 17582 17766
3421 3579 17885 18043
3579 3744 18955 19120
3744 4020 20388 20664
4020 4170 21320 21470
4170 4302 21550 21682
4302 4413 21763 21874
4413 4584 23394 23565
4584 4818 23754 23988

>ENSPRNT00000055931
0 42 421 463
42 250 6744 6952
250 519 8200 8469
519 681 9541 9703
681 795 9920 10034
795 1167 10140 10512
1167 1368 10735 10936
1368 1521 11036 11189
1521 1644 11285 11408
1644 1782 11838 11976
1782 1947 12061 12226
1947 2128 12357 12538
2128 2292 12632 12796
2292 2418 12888 13014
2418 2561 13097 13240
2561 2796 13997 14232
2796 2919 14310 14433
2919 3065 14509 14655
3065 3249 14733 14917
3249 3442 15146 15339
3442 3600 15420 15578
3600 3765 15655 15820
3765 4041 15903 16179
4041 4191 16633 16783
4191 4323 16873 17005
4323 4434 17093 17204
4434 4605 17378 17549
4605 4827 17701 17923
4827 4854 18210 18237
4854 4930 20663 20739
4930 5070 20824 20964

>ENSPRNT00000055935
0 42 421 463
42 250 6744 6952
250 519 8200 8469
519 681 9541 9703
681 795 9920 10034
795 1167 10140 10512
1167 1368 10735 10936
1368 1521 11036 11189
1521 1644 11285 11408
1644 1782 11838 11976
1782 1947 12061 12226
1947 2128 12357 12538
2128 2292 12632 12796
2292 2418 12888 13014
2418 2561 13097 13240
2561 2796 13997 14232
2796 2919 14310 14433
2919 3065 14509 14655
3065 3249 14733 14917
3249 3442 15146 15339
3442 3600 15420 15578
3600 3765 15655 15820
3765 4041 15903 16179
4041 4191 16633 16783
4191 4323 16873 17005
4323 4434 17093 17204
4434 4605 17378 17549
4605 4827 17701 17923
4827 4903 20663 20739
4903 5043 20824 20964

>ENSPRNT00000055940
0 31 5763 5794
31 214 6769 6952
214 483 8200 8469
483 645 9541 9703
645 759 9920 10034
759 1131 10140 10512
1131 1332 10735 10936
1332 1485 11036 11189
1485 1608 11285 11408
1608 1746 11838 11976
1746 1911 12061 12226
1911 2092 12357 12538
2092 2256 12632 12796
2256 2382 12888 13014
2382 2525 13097 13240
2525 2760 13997 14232
2760 2883 14310 14433
2883 3029 14509 14655
3029 3213 14733 14917
3213 3406 15146 15339
3406 3564 15420 15578
3564 3729 15655 15820
3729 4005 15903 16179
4005 4155 16633 16783
4155 4287 16873 17005
4287 4398 17093 17204
4398 4569 17378 17549
4569 4791 17701 17923
4791 4867 20663 20739
4867 5007 20824 20964

>ENSPRNT00000055963
0 280 6672 6952
280 549 8200 8469
549 711 9541 9703
711 825 9920 10034
825 1197 10140 10512
1197 1398 10735 10936
1398 1551 11036 11189
1551 1674 11285 11408
1674 1812 11838 11976
1812 1977 12061 12226
1977 2158 12357 12538
2158 2322 12632 12796
2322 2448 12888 13014
2448 2591 13097 13240
2591 2826 13997 14232
2826 2949 14310 14433
2949 3095 14509 14655
3095 3279 14733 14917
3279 3463 15146 15330
3463 3621 15420 15578
3621 3786 15655 15820
3786 4062 15903 16179
4062 4212 16633 16783
4212 4344 16873 17005
4344 4455 17093 17204
4455 4626 17378 17549
4626 4918 17701 17993
4918 4944 18938 18964

>ENSPRNT00000055964
0 280 6672 6952
280 549 8200 8469
549 711 9541 9703
711 825 9920 10034
825 1197 10140 10512
1197 1398 10735 10936
1398 1551 11036 11189
1551 1674 11285 11408
1674 1812 11838 11976
1812 1977 12061 12226
1977 2158 12357 12538
2158 2322 12632 12796
2322 2448 12888 13014
2448 2591 13097 13240
2591 2826 13997 14232
2826 2949 14310 14433
2949 3095 14509 14655
3095 3279 14733 14917
3279 3463 15146 15330
3463 3621 15420 15578
3621 3786 15655 15820
3786 4062 15903 16179
4062 4212 16633 16783
4212 4344 16873 17005
4344 4455 17093 17204
4455 4626 17378 17549
4626 4865 17701 17940
4865 4962 18670 18767

>ENSPRNT00000055967
0 232 6720 6952
232 501 8200 8469
501 663 9541 9703
663 777 9920 10034
777 1149 10140 10512
1149 1350 10735 10936
1350 1503 11036 11189
1503 1626 11285 11408
1626 1764 11838 11976
1764 1929 12061 12226
1929 2110 12357 12538
2110 2274 12632 12796
2274 2400 12888 13014
2400 2543 13097 13240
2543 2778 13997 14232
2778 2901 14310 14433
2901 3047 14509 14655
3047 3231 14733 14917
3231 3424 15146 15339
3424 3582 15420 15578
3582 3747 15655 15820
3747 4023 15903 16179
4023 4173 16633 16783
4173 4305 16873 17005
4305 4416 17093 17204
4416 4587 17378 17549
4587 4764 17701 17878
4764 4794 18394 18424

>ENSPRNT00000055984
0 225 8244 8469
225 387 9541 9703
387 501 9920 10034
501 873 10140 10512
873 1074 10735 10936
1074 1227 11036 11189
1227 1350 11285 11408
1350 1488 11838 11976
1488 1653 12061 12226
1653 1834 12357 12538
1834 1998 12632 12796
1998 2124 12888 13014
2124 2267 13097 13240
2267 2502 13997 14232
2502 2625 14310 14433
2625 2771 14509 14655
2771 2955 14733 14917
2955 3148 15146 15339
3148 3306 15420 15578
3306 3471 15655 15820
3471 3747 15903 16179
3747 3897 16633 16783
3897 4029 16873 17005
4029 4140 17093 17204
4140 4311 17378 17549
4311 4575 17701 17965
4575 4587 18063 18075

>ENSPRNT00000056012
0 280 6672 6952
280 330 8200 8250
330 444 15464 15578
444 609 15655 15820
609 885 15903 16179
885 1035 16633 16783
1035 1167 16873 17005
1167 1278 17093 17204
1278 1449 17378 17549
1449 1767 17701 18019

>ENSACLT00000015572
0 42 524 566
42 250 7932 8140
250 519 9734 10003
519 681 11417 11579
681 795 11832 11946
795 969 12035 12209
969 1167 12410 12608
1167 1368 12935 13136
1368 1521 13246 13399
1521 1644 13525 13648
1644 1782 14150 14288
1782 1947 14380 14545
1947 2128 14705 14886
2128 2292 14983 15147
2292 2418 15233 15359
2418 2561 15468 15611
2561 2796 16724 16959
2796 2919 17042 17165
2919 3065 17270 17416
3065 3249 17499 17683
3249 3442 18234 18427
3442 3600 18514 18672
3600 3765 18805 18970
3765 4041 19671 19947
4041 4191 20612 20762
4191 4323 20854 20986
4323 4434 21105 21216
4434 4605 21729 21900
4605 4827 22098 22320
4827 4854 22981 23008
4854 4930 25539 25615
4930 5058 26015 26143

>ENSACLT00000015600
0 42 524 566
42 250 7932 8140
250 519 9734 10003
519 681 11417 11579
681 795 11832 11946
795 969 12035 12209
969 1167 12410 12608
1167 1368 12935 13136
1368 1521 13246 13399
1521 1644 13525 13648
1644 1782 14150 14288
1782 1947 14380 14545
1947 2128 14705 14886
2128 2292 14983 15147
2292 2418 15233 15359
2418 2561 15468 15611
2561 2796 16724 16959
2796 2919 17042 17165
2919 3065 17270 17416
3065 3249 17499 17683
3249 3442 18234 18427
3442 3600 18514 18672
3600 3765 18805 18970
3765 4041 19671 19947
4041 4191 20612 20762
4191 4323 20854 20986
4323 4434 21105 21216
4434 4605 21729 21900
4605 4827 22098 22320
4827 4903 25539 25615
4903 5031 26015 26143

>ENSACLT00000015636
0 42 524 566
42 250 7932 8140
250 289 9734 9773
289 438 9854 10003
438 600 11417 11579
600 714 11832 11946
714 888 12035 12209
888 1086 12410 12608
1086 1287 12935 13136
1287 1440 13246 13399
1440 1563 13525 13648
1563 1701 14150 14288
1701 1866 14380 14545
1866 2047 14705 14886
2047 2211 14983 15147
2211 2337 15233 15359
2337 2480 15468 15611
2480 2715 16724 16959
2715 2838 17042 17165
2838 2984 17270 17416
2984 3168 17499 17683
3168 3361 18234 18427
3361 3519 18514 18672
3519 3684 18805 18970
3684 3960 19671 19947
3960 4110 20612 20762
4110 4242 20854 20986
4242 4353 21105 21216
4353 4524 21729 21900
4524 4746 22098 22320
4746 4773 22981 23008
4773 4849 25539 25615
4849 4977 26015 26143

>ENSACLT00000015702
0 50 7022 7072
50 217 7973 8140
217 486 9734 10003
486 648 11417 11579
648 762 11832 11946
762 936 12035 12209
936 1134 12410 12608
1134 1335 12935 13136
1335 1488 13246 13399
1488 1611 13525 13648
1611 1749 14150 14288
1749 1914 14380 14545
1914 2095 14705 14886
2095 2259 14983 15147
2259 2385 15233 15359
2385 2528 15468 15611
2528 2763 16724 16959
2763 2886 17042 17165
2886 3032 17270 17416
3032 3216 17499 17683
3216 3400 18234 18418
3400 3558 18514 18672
3558 3723 18805 18970
3723 3999 19671 19947
3999 4149 20612 20762
4149 4281 20854 20986
4281 4392 21105 21216
4392 4563 21729 21900
4563 4821 22098 22356

>ENSMZET00005013968
0 42 486 528
42 250 7878 8086
250 289 11561 11600
289 438 11681 11830
438 600 13251 13413
600 714 13666 13780
714 888 13869 14043
888 1086 14244 14442
1086 1287 14769 14970
1287 1440 15080 15233
1440 1563 15359 15482
1563 1701 15985 16123
1701 1866 16215 16380
1866 2047 16540 16721
2047 2211 16818 16982
2211 2337 17068 17194
2337 2480 17303 17446
2480 2715 18549 18784
2715 2838 18867 18990
2838 2984 19094 19240
2984 3168 19326 19510
3168 3361 20047 20240
3361 3519 20327 20485
3519 3684 20617 20782
3684 3960 21484 21760
3960 4110 22410 22560
4110 4242 22648 22780
4242 4353 22899 23010
4353 4524 23518 23689
4524 4746 23887 24109
4746 4773 24761 24788
4773 4849 27331 27407
4849 4977 27807 27935

>ENSMZET00005013996
0 42 486 528
42 250 7878 8086
250 289 11561 11600
289 438 11681 11830
438 600 13251 13413
600 714 13666 13780
714 888 13869 14043
888 1086 14244 14442
1086 1287 14769 14970
1287 1440 15080 15233
1440 1563 15359 15482
1563 1701 15985 16123
1701 1866 16215 16380
1866 2047 16540 16721
2047 2211 16818 16982
2211 2337 17068 17194
2337 2480 17303 17446
2480 2715 18549 18784
2715 2838 18867 18990
2838 2984 19094 19240
2984 3168 19326 19510
3168 3361 20047 20240
3361 3519 20327 20485
3519 3684 20617 20782
3684 3960 21484 21760
3960 4110 22410 22560
4110 4242 22648 22780
4242 4353 22899 23010
4353 4524 23518 23689
4524 4746 23887 24109
4746 4822 27331 27407
4822 4950 27807 27935

>ENSMZET00005014026
0 102 6981 7083
102 310 7878 8086
310 579 11561 11830
579 741 13251 13413
741 855 13666 13780
855 1029 13869 14043
1029 1227 14244 14442
1227 1428 14769 14970
1428 1581 15080 15233
1581 1704 15359 15482
1704 1842 15985 16123
1842 2007 16215 16380
2007 2188 16540 16721
2188 2352 16818 16982
2352 2478 17068 17194
2478 2621 17303 17446
2621 2856 18549 18784
2856 2979 18867 18990
2979 3125 19094 19240
3125 3309 19326 19510
3309 3493 20047 20231
3493 3651 20327 20485
3651 3816 20617 20782
3816 4092 21484 21760
4092 4242 22410 22560
4242 4374 22648 22780
4374 4485 22899 23010
4485 4656 23518 23689
4656 4914 23887 24145

>ENSPNYT00000010509
0 42 204 246
42 250 7402 7610
250 519 9206 9475
519 681 10900 11062
681 795 11314 11428
795 969 11517 11691
969 1167 11898 12096
1167 1368 12423 12624
1368 1521 12734 12887
1521 1644 13013 13136
1644 1782 13640 13778
1782 1947 13870 14035
1947 2128 14191 14372
2128 2292 14466 14630
2292 2418 14716 14842
2418 2561 14951 15094
2561 2796 15883 16118
2796 2919 16201 16324
2919 3065 16426 16572
3065 3249 16655 16839
3249 3442 17398 17591
3442 3600 17678 17836
3600 3765 17977 18142
3765 4041 19559 19835
4041 4191 20456 20606
4191 4323 20698 20830
4323 4434 20949 21060
4434 4605 21568 21739
4605 4827 21936 22158
4827 4854 22813 22840
4854 4930 25366 25442
4930 5058 25849 25977

>ENSPNYT00000010529
0 42 204 246
42 250 7402 7610
250 519 9206 9475
519 681 10900 11062
681 795 11314 11428
795 969 11517 11691
969 1167 11898 12096
1167 1368 12423 12624
1368 1521 12734 12887
1521 1644 13013 13136
1644 1782 13640 13778
1782 1947 13870 14035
1947 2128 14191 14372
2128 2292 14466 14630
2292 2418 14716 14842
2418 2561 14951 15094
2561 2796 15883 16118
2796 2919 16201 16324
2919 3065 16426 16572
3065 3249 16655 16839
3249 3442 17398 17591
3442 3600 17678 17836
3600 3765 17977 18142
3765 4041 19559 19835
4041 4191 20456 20606
4191 4323 20698 20830
4323 4434 20949 21060
4434 4605 21568 21739
4605 4827 21936 22158
4827 4903 25366 25442
4903 5031 25849 25977

>ENSPNYT00000010553
0 102 6637 6739
102 310 7402 7610
310 579 9206 9475
579 741 10900 11062
741 855 11314 11428
855 1029 11517 11691
1029 1227 11898 12096
1227 1428 12423 12624
1428 1581 12734 12887
1581 1704 13013 13136
1704 1842 13640 13778
1842 2007 13870 14035
2007 2188 14191 14372
2188 2352 14466 14630
2352 2478 14716 14842
2478 2621 14951 15094
2621 2856 15883 16118
2856 2979 16201 16324
2979 3125 16426 16572
3125 3309 16655 16839
3309 3493 17398 17582
3493 3651 17678 17836
3651 3816 17977 18142
3816 4092 19559 19835
4092 4242 20456 20606
4242 4374 20698 20830
4374 4485 20949 21060
4485 4656 21568 21739
4656 4914 21936 22194

>ENSHBUT00000018939
0 102 0 102
102 310 927 1135
310 579 2734 3003
579 741 4422 4584
741 855 4836 4950
855 1029 5039 5213
1029 1227 5416 5614
1227 1428 5913 6114
1428 1581 6224 6377
1581 1704 6503 6626
1704 1842 7125 7263
1842 2007 7355 7520
2007 2188 7680 7861
2188 2352 7955 8119
2352 2478 8205 8331
2478 2621 8440 8583
2621 2856 9377 9612
2856 2979 9695 9818
2979 3125 9920 10066
3125 3309 10155 10339
3309 3493 10898 11082
3493 3651 11178 11336
3651 3816 11471 11636
3816 4092 13044 13320
4092 4242 13933 14083
4242 4374 14175 14307
4374 4485 14426 14537
4485 4656 15046 15217
4656 4914 15414 15672

>ENSNBRT00000027385
0 42 293 335
42 250 7644 7852
250 519 9398 9667
519 681 11349 11511
681 795 11720 11834
795 969 11923 12097
969 1167 12304 12502
1167 1368 12829 13030
1368 1521 13140 13293
1521 1644 13384 13507
1644 1782 14010 14148
1782 1947 14239 14404
1947 2128 14561 14742
2128 2292 14839 15003
2292 2418 15089 15215
2418 2561 15324 15467
2561 2796 16261 16496
2796 2919 16579 16702
2919 3065 16804 16950
3065 3249 17030 17214
3249 3442 17767 17960
3442 3600 18047 18205
3600 3765 18341 18506
3765 4041 19892 20168
4041 4191 20790 20940
4191 4323 21033 21165
4323 4434 21285 21396
4434 4605 21909 22080
4605 4827 22308 22530
4827 4903 25724 25800
4903 5031 26200 26328

>ENSNBRT00000027409
0 102 6715 6817
102 310 7644 7852
310 579 9398 9667
579 741 11349 11511
741 855 11720 11834
855 1029 11923 12097
1029 1227 12304 12502
1227 1428 12829 13030
1428 1581 13140 13293
1581 1704 13384 13507
1704 1842 14010 14148
1842 2007 14239 14404
2007 2188 14561 14742
2188 2352 14839 15003
2352 2478 15089 15215
2478 2621 15324 15467
2621 2856 16261 16496
2856 2979 16579 16702
2979 3125 16804 16950
3125 3309 17030 17214
3309 3493 17767 17951
3493 3651 18047 18205
3651 3816 18341 18506
3816 4092 19892 20168
4092 4242 20790 20940
4242 4374 21033 21165
4374 4485 21285 21396
4485 4656 21909 22080
4656 4914 22308 22566

>ENSONIT00000018062
0 42 298 340
42 250 7967 8175
250 519 9773 10042
519 681 11737 11899
681 795 12142 12256
795 969 12345 12519
969 1167 12723 12921
1167 1368 13248 13449
1368 1521 13559 13712
1521 1644 13839 13962
1644 1782 14476 14614
1782 1947 14717 14882
1947 2128 15040 15221
2128 2292 15318 15482
2292 2418 15568 15694
2418 2561 15802 15945
2561 2796 16677 16912
2796 2919 16995 17118
2919 3065 17216 17362
3065 3249 17433 17617
3249 3442 18197 18390
3442 3600 18477 18635
3600 3765 18772 18937
3765 4041 20369 20645
4041 4191 21270 21420
4191 4323 21529 21661
4323 4434 23200 23311
4434 4605 23821 23992
4605 4827 24222 24444
4827 4903 27690 27766
4903 5031 28181 28309

