>FBtr0112898
0 242 7650 7892
242 557 7971 8286
557 1855 8485 9783
1855 1956 9844 9945
1956 2245 10007 10296
2245 2454 10356 10565

>FBtr0077426
0 284 2761 3045
284 599 7971 8286
599 1897 8485 9783
1897 1998 9844 9945
1998 2287 10007 10296
2287 2496 10356 10565

>FBtr0077427
0 284 2761 3045
284 599 7971 8286
599 1897 8485 9783
1897 1998 9844 9945
1998 2287 10007 10296
2287 2496 10356 10565

>FBtr0112899
0 284 2761 3045
284 599 7971 8286
599 1897 8485 9783
1897 1998 9844 9945
1998 2287 10007 10296
2287 2496 10356 10565

>FBtr0077604
0 493 1515 2008
493 611 5566 5684
611 947 5742 6078
947 1186 6136 6375
1186 1333 6440 6587
1333 1825 6645 7137
1825 2424 7191 7790

>FBtr0078158
0 205 1722 1927
205 329 2200 2324
329 417 2379 2467
417 519 2519 2621
519 665 2678 2824
665 1179 2880 3394
1179 1348 3450 3619
1348 1605 3678 3935
1605 2031 3995 4421

>FBtr0330646
0 205 1722 1927
205 329 2200 2324
329 360 2519 2550

>FBtr0100310
0 205 1722 1927
205 330 2200 2325

>FBtr0078156
0 205 1722 1927
205 329 2200 2324
329 417 2379 2467
417 519 2519 2621
519 665 2678 2824
665 1179 2880 3394
1179 1348 3450 3619
1348 1605 3678 3935
1605 2031 3995 4421

>FBtr0100309
0 205 1722 1927
205 329 2200 2324
329 432 2379 2482

>FBtr0078157
0 205 1722 1927
205 329 2200 2324
329 417 2379 2467
417 519 2519 2621
519 665 2678 2824
665 1179 2880 3394
1179 1348 3450 3619
1348 1605 3678 3935
1605 2031 3995 4421

>FBtr0100307
0 205 1722 1927
205 329 2200 2324
329 417 2379 2467
417 519 2519 2621
519 665 2678 2824
665 1179 2880 3394
1179 1348 3450 3619
1348 1605 3678 3935
1605 2031 3995 4421

>FBtr0100308
0 205 1722 1927
205 329 2200 2324
329 417 2379 2467
417 519 2519 2621
519 665 2678 2824
665 1179 2880 3394
1179 1348 3450 3619
1348 1605 3678 3935
1605 2031 3995 4421

>FBtr0078159
0 205 1722 1927
205 329 2200 2324
329 417 2379 2467
417 519 2519 2621
519 665 2678 2824
665 1179 2880 3394
1179 1348 3450 3619
1348 1605 3678 3935
1605 2031 3995 4421

>ENSCSAVT00000006146
0 174 41 215
174 295 302 423
295 413 1329 1447
413 546 1630 1763
546 749 1857 2060
749 873 2408 2532
873 988 2982 3097
988 1104 3592 3708
1104 1260 3862 4018
1260 1429 4372 4541
1429 1530 5039 5140
1530 1689 5633 5792
1689 1882 5849 6042
1882 2043 6256 6417

