>ENSMICT00000044649
0 37 747 784
37 1290 6163 7416

>ENSMICT00000046466
0 13 5201 5214
13 1266 6163 7416

>ENSPSMT00000021245
0 74 272 346
74 91 379 396
91 101 1022 1032
101 1296 1077 2272

>ENSPPAT00000037604
0 3 160 163
3 130 179 306
130 1383 1228 2481

>ENSPTRT00000016093
0 3 80 83
3 130 99 226
130 1383 1150 2403

>ENST00000649935
0 124 5279 5403
124 1377 6325 7578

>ENST00000396267
0 1233 6345 7578

>ENST00000643221
0 226 5177 5403
226 1479 6325 7578

>ENST00000647210
0 124 5279 5403
124 1377 6325 7578

>ENST00000331336
0 226 5177 5403
226 1479 6325 7578

>ENSGGOT00000045859
0 3 160 163
3 130 179 306
130 1383 1231 2484

>ENSPPYT00000009316
0 145 4471 4616
145 1221 5821 6897

>ENSNLET00000012755
0 3 80 83
3 130 99 226
130 1383 2716 3969

>ENSRROT00000048713
0 91 135 226
91 1344 1457 2710

>ENSRBIT00000012227
0 91 4267 4358
91 1344 5787 7040

>ENSPTET00000008211
0 91 4328 4419
91 1344 5353 6606

>ENSCATT00000048451
0 226 798 1024
226 1479 1954 3207

>ENSMLET00000056179
0 226 5 231
226 1479 1160 2413

>ENSTGET00000039319
0 226 14 240
226 1479 1173 2426

>ENSPANT00000022957
0 147 0 147
147 223 150 226
223 1476 1407 2660

>ENSMFAT00000027378
0 226 837 1063
226 1479 1994 3247

>ENSMMUT00000042237
0 91 4410 4501
91 1344 5455 6708

>ENSMMUT00000092152
0 91 4410 4501
91 1344 5455 6708

>ENSCSAT00000008534
0 226 0 226
226 1479 1156 2409

>ENSCCAT00000057096
0 91 131 222
91 1344 1347 2600

