>F25D7.5.1
0 145 0 145
145 680 300 835
680 788 894 1002
788 1627 1143 1982
1627 1736 2053 2162
1736 1828 2221 2313
1828 1980 2361 2513
1980 2274 3100 3394
2274 2425 3440 3591
2425 2602 3970 4147
2602 2747 4193 4338
2747 2936 4619 4808
2936 3006 4851 4921
3006 3555 5195 5744
3555 3626 5932 6003
3626 3651 6044 6069

>Y70G10A.2.1
0 76 0 76
76 184 132 240
184 1585 587 1988
1585 2446 2090 2951
2446 2805 2998 3357
2805 3072 3400 3667
3072 3223 4162 4313
3223 3545 4369 4691
3545 3734 4746 4935
3734 3804 4981 5051
3804 4130 5112 5438
4130 4371 5496 5737
4371 4470 5786 5885

>FBtr0085128
0 237 2525 2762
237 355 5803 5921
355 543 6393 6581
543 598 10405 10460
598 914 10954 11270
914 1048 14460 14594
1048 1224 14720 14896
1224 1468 15190 15434
1468 2197 16683 17412
2197 2392 17701 17896
2392 2488 17960 18056
2488 2860 19330 19702
2860 3468 19796 20404
3468 4221 20521 21274

>FBtr0344121
0 237 2525 2762
237 355 5803 5921
355 543 6393 6581
543 598 10405 10460
598 914 10954 11270
914 1048 14460 14594
1048 1224 14720 14896
1224 1468 15190 15434
1468 2197 16683 17412
2197 2392 17701 17896
2392 2488 17960 18056
2488 2860 19330 19702
2860 3468 19796 20404
3468 4221 20521 21274

