>ENSAMXT00000056203
0 19 28 47
19 151 2160 2292
151 330 12408 12587
330 498 76803 76971
498 594 119682 119778
594 648 121175 121229
648 699 127686 127737
699 824 129275 129400
824 994 130330 130500
994 1131 131031 131168
1131 1276 133024 133169
1276 1403 137553 137680
1403 1560 141165 141322
1560 1663 142912 143015
1663 1778 157971 158086
1778 1955 166170 166347
1955 2022 170481 170548
2022 2047 174467 174492
2047 2089 175921 175963
2089 2140 180337 180388
2140 2242 180496 180598
2242 2415 181947 182120
2415 2525 182222 182332
2525 2617 182616 182708
2617 2724 183640 183747

>ENSAMXT00000034326
0 19 28 47
19 151 2160 2292
151 330 12408 12587
330 498 76803 76971
498 594 119682 119778
594 660 121175 121241
660 711 127686 127737
711 836 129275 129400
836 1006 130330 130500
1006 1143 131031 131168
1143 1288 133024 133169
1288 1415 137553 137680
1415 1572 141165 141322
1572 1675 142912 143015
1675 1790 157971 158086
1790 1967 166170 166347
1967 2034 170481 170548
2034 2131 173909 174006
2131 2173 175921 175963
2173 2224 180337 180388
2224 2326 180496 180598
2326 2499 181947 182120
2499 2609 182222 182332
2609 2701 182616 182708
2701 2808 183640 183747

>ENSAMXT00000048946
0 19 28 47
19 151 2160 2292
151 330 12408 12587
330 498 76803 76971
498 594 119682 119778
594 660 121175 121241
660 711 127686 127737
711 836 129275 129400
836 1006 130330 130500
1006 1143 131031 131168
1143 1288 133024 133169
1288 1415 137553 137680
1415 1572 141165 141322
1572 1675 142912 143015
1675 1790 157971 158086
1790 1967 166170 166347
1967 2034 170481 170548
2034 2059 174467 174492
2059 2110 180337 180388
2110 2212 180496 180598
2212 2385 181947 182120
2385 2495 182222 182332
2495 2587 182616 182708
2587 2694 183640 183747

>ENSAMXT00000044450
0 19 28 47
19 151 2160 2292
151 330 12408 12587
330 498 76803 76971
498 564 121175 121241
564 615 127686 127737
615 740 129275 129400
740 910 130330 130500
910 1047 131031 131168
1047 1192 133024 133169
1192 1319 137553 137680
1319 1476 141165 141322
1476 1579 142912 143015
1579 1694 157971 158086
1694 1871 166170 166347
1871 1938 170481 170548
1938 1963 174467 174492
1963 2005 175921 175963
2005 2056 180337 180388
2056 2158 180496 180598
2158 2331 181947 182120
2331 2441 182222 182332
2441 2533 182616 182708
2533 2640 183640 183747

>ENSAMXT00000010951
0 19 28 47
19 151 2160 2292
151 330 12408 12587
330 498 76803 76971
498 623 129275 129400
623 793 130330 130500
793 930 131031 131168
930 1075 133024 133169
1075 1202 137553 137680
1202 1359 141165 141322
1359 1462 142912 143015
1462 1577 157971 158086
1577 1754 166170 166347
1754 1825 170481 170552
1825 1876 180337 180388
1876 1978 180496 180598
1978 2151 181947 182120
2151 2261 182222 182332
2261 2353 182616 182708
2353 2460 183640 183747

>ENSAMXT00000031567
0 126 36687 36813
126 294 76803 76971
294 390 119682 119778
390 444 121175 121229
444 495 127686 127737
495 620 129275 129400
620 790 130330 130500
790 927 131031 131168
927 1072 133024 133169
1072 1199 137553 137680
1199 1356 141165 141322
1356 1459 142912 143015
1459 1574 157971 158086
1574 1751 166170 166347
1751 1818 170481 170548
1818 1843 174467 174492
1843 1885 175921 175963
1885 1936 180337 180388
1936 2038 180496 180598
2038 2211 181947 182120
2211 2321 182222 182332
2321 2413 182616 182708
2413 2520 183640 183747

>ENSAMXT00000050193
0 102 47521 47623
102 270 76803 76971
270 366 119682 119778
366 420 121175 121229
420 471 127686 127737
471 596 129275 129400
596 766 130330 130500
766 903 131031 131168
903 1048 133024 133169
1048 1175 137553 137680
1175 1332 141165 141322
1332 1435 142912 143015
1435 1550 157971 158086
1550 1727 166170 166347
1727 1794 170481 170548
1794 1891 173909 174006
1891 1933 175921 175963
1933 1984 180337 180388
1984 2086 180496 180598
2086 2259 181947 182120
2259 2369 182222 182332
2369 2461 182616 182708
2461 2568 183640 183747

