>ENSPKIT00000011162
0 71 17923 17994
71 195 25059 25183
195 621 36319 36745
621 797 38305 38481
797 931 42307 42441
931 1067 44940 45076
1067 1302 45397 45632
1302 1563 46042 46303

>ENSSFOT00015018734
0 71 2859 2930
71 198 10519 10646
198 624 20309 20735
624 800 21724 21900
800 934 25076 25210
934 1070 28521 28657
1070 1305 29152 29387
1305 1566 29687 29948

>ENSSFOT00015018744
0 71 2859 2930
71 198 10519 10646
198 624 20309 20735
624 800 21724 21900
800 934 25076 25210
934 1070 28521 28657
1070 1305 29152 29387
1305 1566 29687 29948

>ENSSFOT00015018761
0 6 8063 8069
6 165 10487 10646
165 591 20309 20735
591 767 21724 21900
767 901 25076 25210
901 1037 28521 28657
1037 1272 29152 29387
1272 1533 29687 29948

>ENSSFOT00015016983
0 71 9091 9162
71 198 11400 11527
198 627 15701 16130
627 806 16746 16925
806 940 18686 18820
940 1040 20138 20238
1040 1278 20463 20701
1278 1539 20862 21123

>ENSCHAT00000056745
0 71 29951 30022
71 213 42740 42882
213 414 66571 66772
414 645 67340 67571
645 821 67876 68052
821 955 74155 74289
955 1097 82217 82359
1097 1118 83033 83054
1118 1353 83287 83522
1353 1614 84249 84510

>ENSCHAT00000056764
0 71 29951 30022
71 213 42740 42882
213 414 66571 66772
414 645 67340 67571
645 821 67876 68052
821 955 74155 74289
955 1097 82217 82359
1097 1332 83287 83522
1332 1589 84249 84506
1589 1620 85160 85191

>ENSCHAT00000056791
0 752 67300 68052
752 886 74155 74289
886 1028 82217 82359
1028 1263 83287 83522
1263 1524 84249 84510

>ENSDCDT00000035631
0 71 17042 17113
71 210 28207 28346
210 642 38305 38737
642 818 39130 39306
818 952 41552 41686
952 1088 45564 45700
1088 1323 45846 46081
1323 1580 46742 46999
1580 1596 47509 47525

