>ENSCSAVT00000012014
0 80 2083 2163
80 273 3094 3287
273 371 3716 3814
371 432 4051 4112
432 528 4295 4391
528 699 5009 5180
699 825 5706 5832
825 939 5890 6004
939 1046 6074 6181
1046 1221 6525 6700

>ENSCSAVT00000012015
0 80 2083 2163
80 273 3094 3287
273 371 3716 3814
371 432 4051 4112
432 528 4295 4391
528 699 5009 5180
699 825 5706 5832
825 939 5890 6004
939 1046 6074 6181
1046 1218 6525 6697
1218 1327 7499 7608
1327 1422 7827 7922
1422 1627 8473 8678
1627 1767 9013 9153
1767 1960 9857 10050
1960 2022 10324 10386
2022 2145 10852 10975
2145 2196 11448 11499

>C37H5.1a.1
0 124 3913 4037
124 219 4093 4188
219 390 4267 4438
390 462 4486 4558
462 769 4613 4920
769 882 4969 5082
882 1056 5318 5492

>C37H5.1b.1
0 57 0 57
57 241 3853 4037
241 336 4093 4188
336 507 4267 4438
507 579 4486 4558
579 886 4613 4920
886 999 4969 5082
999 1173 5318 5492

>C37H5.1c.1
0 99 2181 2280
99 283 3853 4037
283 378 4093 4188
378 549 4267 4438
549 621 4486 4558
621 928 4613 4920
928 1041 4969 5082
1041 1215 5318 5492

