>FBtr0339964
0 45 294 339
45 225 455 635
225 1161 689 1625

>FBtr0087579
0 45 294 339
45 225 455 635
225 1161 689 1625

>K08F11.3.1
0 112 362 474
112 573 973 1434
573 903 2168 2498
903 1089 3428 3614
1089 1173 3666 3750

>K08F11.3.2
0 112 362 474
112 573 973 1434
573 903 2168 2498
903 1089 3428 3614
1089 1173 3666 3750

>ENSPCIT00000006438
0 42 500 542
42 175 10297 10430
175 314 12051 12190
314 438 12382 12506
438 533 12665 12760
533 617 16687 16771
617 717 17485 17585
717 799 18328 18410
799 943 23687 23831
943 1004 24656 24717
1004 1125 25274 25395

>ENSPCIT00000006449
0 42 500 542
42 175 10297 10430
175 314 12051 12190
314 438 12382 12506
438 533 12665 12760
533 617 16687 16771
617 717 17485 17585
717 799 18328 18410
799 943 23687 23831
943 1004 24656 24717
1004 1020 24994 25010

>ENSPCIT00000064100
0 42 500 542
42 137 12665 12760
137 221 16687 16771
221 321 17485 17585
321 403 18328 18410
403 547 23687 23831
547 608 24656 24717
608 729 25274 25395

>ENSPCIT00000006444
0 9 4472 4481
9 142 10297 10430
142 281 12051 12190
281 405 12382 12506
405 500 12665 12760
500 584 16687 16771
584 684 17485 17585
684 766 18328 18410
766 910 23687 23831
910 971 24656 24717
971 1092 25274 25395

>ENSVURT00010019505
0 42 80 122
42 175 9536 9669
175 314 10928 11067
314 438 11259 11383
438 533 11538 11633
533 617 15525 15609
617 717 16542 16642
717 799 17617 17699
799 943 22989 23133
943 1004 23965 24026
1004 1062 42373 42431

>ENSVURT00010019517
0 42 80 122
42 175 9536 9669
175 314 10928 11067
314 438 11259 11383
438 533 11538 11633
533 617 15525 15609
617 717 16542 16642
717 799 17617 17699
799 943 22989 23133
943 1004 23965 24026
1004 1125 24578 24699

>ENSVURT00010019529
0 42 80 122
42 137 11538 11633
137 221 15525 15609
221 321 16542 16642
321 403 17617 17699
403 547 22989 23133
547 608 23965 24026
608 729 24578 24699

>ENSPCIT00000040362
0 51 0 51
51 477 313 739

>ENSSHAT00000020968
0 42 402 444
42 175 8877 9010
175 314 10439 10578
314 438 10765 10889
438 533 11042 11137
533 617 14684 14768
617 717 15493 15593
717 799 16497 16579
799 943 21973 22117
943 1004 22936 22997
1004 1125 23521 23642

>ENSMODT00000012326
0 42 0 42
42 175 9018 9151
175 314 10650 10789
314 438 10976 11100
438 533 11228 11323
533 617 14489 14573
617 717 15294 15394
717 799 15990 16072
799 943 21309 21453
943 1004 22297 22358
1004 1125 22892 23013

>ENSMODT00000068626
0 42 0 42
42 137 11228 11323
137 221 14489 14573
221 321 15294 15394
321 403 15990 16072
403 547 21309 21453
547 608 22297 22358
608 729 22892 23013

>ENSCCNT00000027853
0 42 0 42
42 175 2308 2441
175 314 3662 3801
314 438 4070 4194
438 533 4350 4445
533 617 9263 9347
617 717 9856 9956
717 799 10640 10722
799 943 14526 14670
943 1004 15569 15630
1004 1125 16084 16205

>ENSCCNT00000027855
0 42 0 42
42 137 4350 4445
137 221 9263 9347
221 321 9856 9956
321 403 10640 10722
403 547 14526 14670
547 608 15569 15630
608 729 16084 16205

>ENSSTOT00000041056
0 42 167 209
42 175 3348 3481
175 314 4333 4472
314 438 4751 4875
438 533 5032 5127
533 617 9017 9101
617 717 9968 10068
717 799 10643 10725
799 943 14865 15009
943 1004 15968 16029
1004 1125 16487 16608

>ENSSTOT00000010505
0 42 167 209
42 137 5032 5127
137 221 9017 9101
221 321 9968 10068
321 403 10643 10725
403 547 14865 15009
547 608 15968 16029
608 729 16487 16608

