>FBtr0112756
0 1125 255 1380

>FBtr0343028
0 92 1674 1766
92 211 17596 17715
211 369 17779 17937
369 542 18002 18175
542 737 18335 18530
737 1050 18990 19303
1050 1289 22605 22844
1289 1531 27633 27875
1531 2556 27941 28966

>FBtr0331304
0 92 1674 1766
92 211 17596 17715
211 369 17779 17937
369 542 18002 18175
542 737 18335 18530
737 1050 18990 19303
1050 1289 22605 22844
1289 1535 23528 23774
1535 1777 27633 27875
1777 3156 27941 29320

>FBtr0112755
0 92 1674 1766
92 211 17596 17715
211 369 17779 17937
369 542 18002 18175
542 737 18335 18530
737 981 18990 19234
981 1220 22605 22844
1220 1466 23528 23774
1466 1500 24749 24783

>FBtr0343029
0 92 1674 1766
92 211 17596 17715
211 354 17794 17937
354 527 18002 18175
527 722 18335 18530
722 966 18990 19234
966 1205 22605 22844
1205 1451 23528 23774
1451 1693 27633 27875
1693 2718 27941 28966

>FBtr0112754
0 92 1674 1766
92 211 17596 17715
211 369 17779 17937
369 542 18002 18175
542 737 18335 18530
737 981 18990 19234
981 1220 22605 22844
1220 1466 23528 23774
1466 1708 27633 27875
1708 2733 27941 28966

>FBtr0308591
0 92 1674 1766
92 211 17596 17715
211 369 17779 17937
369 542 18002 18175
542 737 18335 18530
737 1050 18990 19303
1050 1289 22605 22844
1289 1535 23528 23774
1535 1569 24749 24783

>FBtr0112753
0 92 1674 1766
92 211 17596 17715
211 369 17779 17937
369 542 18002 18175
542 737 18335 18530
737 1050 18990 19303
1050 1289 22605 22844
1289 1535 23528 23774
1535 1777 27633 27875
1777 2802 27941 28966

