>ENSPMAT00000009195
0 159 2001 2160
159 282 5294 5417
282 345 5708 5771
345 536 6271 6462
536 616 7077 7157
616 747 7375 7506
747 866 7662 7781
866 1003 7987 8124
1003 1065 8332 8394
1065 1183 8591 8709
1183 1338 9012 9167
1338 1444 10291 10397
1444 1462 10618 10636
1462 1604 10708 10850
1604 1773 11161 11330
1773 1878 11475 11580
1878 2075 11701 11898
2075 2157 12054 12136
2157 2268 12225 12336
2268 2396 12560 12688
2396 2490 13037 13131
2490 2645 13284 13439
2645 2796 13908 14059
2796 2940 14630 14774
2940 3054 15006 15120
3054 3137 15440 15523
3137 3214 15638 15715
3214 3309 15905 16000

>ENSEBUT00000028036
0 162 0 162
162 285 473 596
285 348 20813 20876
348 539 28086 28277
539 619 47939 48019
619 750 149953 150084
750 869 159884 160003
869 1006 163351 163488
1006 1068 170103 170165
1068 1186 172876 172994
1186 1365 181452 181631
1365 1529 189236 189400
1529 1698 189781 189950
1698 1803 193656 193761
1803 1925 200895 201017
1925 2007 201292 201374
2007 2118 218006 218117
2118 2246 218691 218819
2246 2340 235967 236061
2340 2495 236447 236602
2495 2646 237708 237859
2646 2790 238197 238341
2790 2904 238481 238595
2904 2987 239100 239183
2987 3064 244076 244153
3064 3159 265413 265508

>ENSCCNT00000033006
0 159 5442 5601
159 282 6679 6802
282 345 8701 8764
345 536 9207 9398
536 616 9805 9885
616 747 11248 11379
747 866 12084 12203
866 1003 13259 13396
1003 1065 14065 14127
1065 1183 15624 15742
1183 1338 17936 18091
1338 1429 18670 18761
1429 1459 19761 19791
1459 1601 22537 22679
1601 1770 22951 23120
1770 1875 25335 25440
1875 2072 26122 26319
2072 2154 28398 28480
2154 2265 29118 29229
2265 2393 33180 33308
2393 2487 33874 33968
2487 2642 35973 36128
2642 2793 37299 37450
2793 2937 37653 37797
2937 3051 39087 39201
3051 3134 40159 40242
3134 3211 40496 40573
3211 3306 41056 41151

>ENSCCNT00000033013
0 159 5442 5601
159 282 6679 6802
282 345 8701 8764
345 536 9207 9398
536 616 9805 9885
616 747 11248 11379
747 866 12084 12203
866 1003 13259 13396
1003 1065 14065 14127
1065 1183 15624 15742
1183 1338 17936 18091
1338 1429 18670 18761
1429 1571 22537 22679
1571 1740 22951 23120
1740 1845 25335 25440
1845 2042 26122 26319
2042 2124 28398 28480
2124 2235 29118 29229
2235 2363 33180 33308
2363 2457 33874 33968
2457 2612 35973 36128
2612 2763 37299 37450
2763 2907 37653 37797
2907 3021 39087 39201
3021 3104 40159 40242
3104 3181 40496 40573
3181 3276 41056 41151

>ENSDORT00000030945
0 159 5474 5633
159 282 6883 7006
282 345 8835 8898
345 536 9555 9746
536 616 10143 10223
616 747 11926 12057
747 866 13665 13784
866 1003 14852 14989
1003 1065 15708 15770
1065 1183 18014 18132
1183 1338 19986 20141
1338 1429 20646 20737
1429 1459 21722 21752
1459 1601 24422 24564
1601 1770 24859 25028
1770 1875 27397 27502
1875 2072 28727 28924
2072 2154 30292 30374
2154 2265 31056 31167
2265 2393 35616 35744
2393 2487 36533 36627
2487 2642 40149 40304
2642 2793 41979 42130
2793 2937 42309 42453
2937 3051 43172 43286
3051 3134 45112 45195
3134 3211 45782 45859
3211 3306 49282 49377

>ENSDORT00000035690
0 159 5474 5633
159 282 6883 7006
282 345 8835 8898
345 536 9555 9746
536 616 10143 10223
616 747 11926 12057
747 866 13665 13784
866 1003 14852 14989
1003 1065 15708 15770
1065 1183 18014 18132
1183 1338 19986 20141
1338 1429 20646 20737
1429 1571 24422 24564
1571 1740 24859 25028
1740 1845 27397 27502
1845 2042 28727 28924
2042 2124 30292 30374
2124 2235 31056 31167
2235 2363 35616 35744
2363 2457 36533 36627
2457 2612 40149 40304
2612 2763 41979 42130
2763 2907 42309 42453
2907 3021 43172 43286
3021 3104 45112 45195
3104 3181 45782 45859
3181 3276 49282 49377

>ENSDORT00000001907
0 159 5474 5633
159 282 6883 7006
282 345 8835 8898
345 536 9555 9746
536 616 10143 10223
616 747 11926 12057
747 866 13665 13784
866 1003 14852 14989
1003 1065 15708 15770
1065 1183 18014 18132
1183 1348 19986 20151
1348 1379 20172 20203
1379 1499 24444 24564
1499 1668 24859 25028
1668 1773 27397 27502
1773 1970 28727 28924
1970 2052 30292 30374
2052 2163 31056 31167
2163 2291 35616 35744
2291 2385 36533 36627
2385 2540 40149 40304
2540 2691 41979 42130
2691 2835 42309 42453
2835 2949 43172 43286
2949 3032 45112 45195
3032 3109 45782 45859
3109 3204 49282 49377

>MGP_SPRETEiJ_T0031286
0 159 4408 4567
159 282 5916 6039
282 345 7687 7750
345 536 8232 8423
536 616 8871 8951
616 747 11094 11225
747 866 11976 12095
866 1003 12911 13048
1003 1065 13685 13747
1065 1183 15067 15185
1183 1338 23327 23482
1338 1429 24043 24134
1429 1459 25156 25186
1459 1601 29568 29710
1601 1770 29977 30146
1770 1875 32376 32481
1875 2072 34023 34220
2072 2154 34487 34569
2154 2265 35478 35589
2265 2393 40861 40989
2393 2487 41784 41878
2487 2642 43266 43421
2642 2793 43718 43869
2793 2937 44045 44189
2937 3051 46182 46296
3051 3134 47093 47176
3134 3211 47428 47505
3211 3303 48157 48249

>MGP_SPRETEiJ_T0031287
0 159 4408 4567
159 282 5916 6039
282 345 7687 7750
345 536 8232 8423
536 616 8871 8951
616 747 11094 11225
747 866 11976 12095
866 1003 12911 13048
1003 1065 13685 13747
1065 1183 15067 15185
1183 1338 23327 23482
1338 1429 24043 24134
1429 1571 29568 29710
1571 1740 29977 30146
1740 1845 32376 32481
1845 2042 34023 34220
2042 2124 34487 34569
2124 2235 35478 35589
2235 2363 40861 40989
2363 2457 41784 41878
2457 2612 43266 43421
2612 2763 43718 43869
2763 2907 44045 44189
2907 3021 46182 46296
3021 3104 47093 47176
3104 3181 47428 47505
3181 3273 48157 48249

>MGP_SPRETEiJ_T0031288
0 159 4408 4567
159 282 5916 6039
282 345 7687 7750
345 536 8232 8423
536 616 8871 8951
616 747 11094 11225
747 866 11976 12095
866 1003 12911 13048
1003 1065 13685 13747
1065 1183 15067 15185
1183 1338 23327 23482
1338 1429 24043 24134
1429 1571 29568 29710
1571 1740 29977 30146
1740 1845 32376 32481
1845 2042 34023 34220
2042 2124 34487 34569
2124 2235 35478 35589
2235 2363 40861 40989
2363 2457 41784 41878
2457 2612 43266 43421
2612 2763 43718 43869
2763 2907 44045 44189
2907 3021 46182 46296
3021 3104 47093 47176
3104 3181 47428 47505
3181 3273 48157 48249

