>ENSTRUT00000056190
0 65 74 139
65 196 432 563
196 269 678 751
269 386 954 1071
386 475 1164 1253
475 577 1333 1435
577 713 1532 1668
713 844 1745 1876
844 966 1963 2085

>ENSTNIT00000017445
0 65 152 217
65 196 873 1004
196 269 1117 1190
269 386 1475 1592
386 475 1678 1767
475 577 1853 1955
577 713 2050 2186
713 844 2263 2394
844 966 2473 2595

>ENSMMOT00000003956
0 86 0 86
86 217 341 472
217 290 1656 1729
290 407 1808 1925
407 496 2029 2118
496 598 2862 2964
598 734 3094 3230
734 865 3399 3530
865 987 3635 3757

