>M01F1.4a.1
0 3 116 119
3 102 190 289
102 235 358 491
235 599 549 913
599 817 972 1190
817 1401 1634 2218
1401 1558 2616 2773
1558 1677 2829 2948
1677 1800 3005 3128
1800 1958 3181 3339
1958 2059 3680 3781
2059 2295 3831 4067
2295 2427 4123 4255

>M01F1.4b.1
0 99 190 289
99 232 358 491
232 596 549 913
596 814 972 1190
814 1398 1634 2218
1398 1555 2616 2773
1555 1674 2829 2948
1674 1797 3005 3128
1797 1955 3181 3339
1955 2056 3680 3781
2056 2292 3831 4067
2292 2424 4123 4255

>FBtr0308076
0 525 360 885
525 1131 992 1598
1131 1672 1658 2199
1672 1863 2426 2617
1863 2273 2676 3086
2273 2423 3152 3302
2423 2450 3692 3719
2450 2607 4195 4352

>FBtr0335225
0 525 360 885
525 1131 992 1598
1131 1672 1658 2199
1672 1875 2414 2617
1875 2285 2676 3086
2285 2435 3152 3302
2435 2463 3692 3720

>FBtr0308075
0 525 360 885
525 1131 992 1598
1131 1785 1658 2312

>FBtr0335228
0 525 360 885
525 1131 992 1598
1131 1672 1658 2199
1672 1851 2438 2617
1851 2261 2676 3086
2261 2411 3152 3302
2411 2418 3448 3455

>FBtr0081784
0 525 360 885
525 1131 992 1598
1131 1672 1658 2199
1672 1863 2426 2617
1863 2273 2676 3086
2273 2423 3152 3302
2423 2451 3692 3720

>FBtr0335226
0 525 360 885
525 1131 992 1598
1131 1672 1658 2199
1672 1851 2438 2617
1851 2261 2676 3086
2261 2411 3152 3302
2411 2439 3692 3720

>FBtr0335227
0 525 360 885
525 1131 992 1598
1131 1672 1658 2199
1672 1851 2438 2617
1851 2261 2676 3086
2261 2411 3152 3302
2411 2438 3692 3719
2438 2595 4195 4352

