>ENSSFOT00015032544
0 103 5257 5360
103 249 5779 5925
249 454 6630 6835
454 2166 7885 9597
2166 2335 9767 9936
2335 2395 10609 10669
2395 2463 10869 10937
2463 2550 14352 14439
2550 2700 14751 14901
2700 2808 14994 15102
2808 2953 15651 15796
2953 3073 15914 16034
3073 3118 16127 16172
3118 3198 16302 16382
3198 3311 16481 16594
3311 3495 17002 17186
3495 3580 17640 17725
3580 3726 17822 17968
3726 3817 18386 18477
3817 3966 18569 18718
3966 4052 18828 18914
4052 4122 19381 19451
4122 4241 19643 19762
4241 4383 19855 19997

>ENSSFOT00015032564
0 126 5799 5925
126 331 6630 6835
331 2043 7885 9597
2043 2212 9767 9936
2212 2272 10609 10669
2272 2340 10869 10937
2340 2427 14352 14439
2427 2577 14751 14901
2577 2685 14994 15102
2685 2830 15651 15796
2830 2950 15914 16034
2950 2995 16127 16172
2995 3075 16302 16382
3075 3188 16481 16594
3188 3372 17002 17186
3372 3457 17640 17725
3457 3603 17822 17968
3603 3694 18386 18477
3694 3843 18569 18718
3843 3929 18828 18914
3929 3999 19381 19451
3999 4118 19643 19762
4118 4260 19855 19997

>ENSPKIT00000000526
0 139 0 139
139 285 1086 1232
285 490 1326 1531
490 2226 4261 5997
2226 2383 6205 6362
2383 2431 7250 7298
2431 2499 7721 7789
2499 2586 12831 12918
2586 2736 13077 13227
2736 2844 13313 13421
2844 2980 14223 14359
2980 3097 18635 18752
3097 3142 18997 19042
3142 3222 19133 19213
3222 3335 19423 19536
3335 3519 19940 20124
3519 3604 20260 20345
3604 3750 20963 21109
3750 3841 21455 21546
3841 3990 21708 21857
3990 4076 21994 22080
4076 4146 22623 22693
4146 4265 23094 23213
4265 4407 23375 23517

>ENSCHAT00000043784
0 124 3313 3437
124 270 3558 3704
270 457 4537 4724
457 2265 4957 6765
2265 2437 7054 7226
2437 2497 8798 8858
2497 2562 10642 10707
2562 2724 12506 12668
2724 2808 13577 13661
2808 2958 13978 14128
2958 3066 14523 14631
3066 3202 14920 15056
3202 3310 15396 15504
3310 3355 15827 15872
3355 3435 15983 16063
3435 3548 17431 17544
3548 3732 17668 17852
3732 3817 18021 18106
3817 3963 18342 18488
3963 4054 18637 18728
4054 4203 19177 19326
4203 4289 19419 19505
4289 4359 19691 19761
4359 4478 20089 20208
4478 4620 20425 20567

>ENSCHAT00000043810
0 124 3313 3437
124 270 3558 3704
270 457 4537 4724
457 2265 4957 6765
2265 2437 7054 7226
2437 2502 10642 10707
2502 2664 12506 12668
2664 2748 13577 13661
2748 2898 13978 14128
2898 3006 14523 14631
3006 3142 14920 15056
3142 3250 15396 15504
3250 3295 15827 15872
3295 3375 15983 16063
3375 3488 17431 17544
3488 3672 17668 17852
3672 3757 18021 18106
3757 3903 18342 18488
3903 3994 18637 18728
3994 4143 19177 19326
4143 4229 19419 19505
4229 4299 19691 19761
4299 4418 20089 20208
4418 4560 20425 20567

>ENSCHAT00000043847
0 124 3313 3437
124 270 3558 3704
270 457 4537 4724
457 2265 4957 6765
2265 2437 7054 7226
2437 2497 8798 8858
2497 2562 10642 10707
2562 2646 13577 13661
2646 2796 13978 14128
2796 2904 14523 14631
2904 3040 14920 15056
3040 3148 15396 15504
3148 3193 15827 15872
3193 3273 15983 16063
3273 3386 17431 17544
3386 3570 17668 17852
3570 3655 18021 18106
3655 3801 18342 18488
3801 3892 18637 18728
3892 4041 19177 19326
4041 4127 19419 19505
4127 4197 19691 19761
4197 4316 20089 20208
4316 4458 20425 20567

>ENSCHAT00000043886
0 124 3313 3437
124 270 3558 3704
270 475 4537 4742
475 2190 5050 6765
2190 2342 8710 8862
2342 2538 12520 12716
2538 2688 13978 14128
2688 2796 14523 14631
2796 2961 14920 15085
2961 3052 15413 15504
3052 3132 15983 16063
3132 3245 17431 17544
3245 3429 17668 17852
3429 3514 18021 18106
3514 3660 18342 18488
3660 3751 18637 18728
3751 3900 19177 19326
3900 3986 19419 19505
3986 4056 19691 19761
4056 4175 20089 20208
4175 4317 20425 20567

>ENSCHAT00000043900
0 124 3313 3437
124 270 3558 3704
270 462 4537 4729
462 2013 5004 6555
2013 2174 6609 6770
2174 2258 8742 8826
2258 2397 13989 14128
2397 2505 14523 14631
2505 2641 14920 15056
2641 2749 15396 15504
2749 2853 15959 16063
2853 2966 17431 17544
2966 3150 17668 17852
3150 3235 18021 18106
3235 3381 18342 18488
3381 3472 18637 18728
3472 3621 19177 19326
3621 3707 19419 19505
3707 3777 19691 19761
3777 3896 20089 20208
3896 4038 20425 20567

>ENSCHAT00000043925
0 124 3313 3437
124 270 3558 3704
270 453 4537 4720
453 2000 5004 6551
2000 2004 6590 6594
2004 2126 6648 6770
2126 2137 8153 8164
2137 2204 12582 12649
2204 2256 13609 13661
2256 2406 13978 14128
2406 2514 14523 14631
2514 2650 14920 15056
2650 2758 15396 15504
2758 2838 15983 16063
2838 2951 17431 17544
2951 3135 17668 17852
3135 3235 18021 18121
3235 3381 18342 18488
3381 3472 18637 18728
3472 3621 19177 19326
3621 3707 19419 19505
3707 3777 19691 19761
3777 3896 20089 20208
3896 4038 20425 20567

>ENSCHAT00000043946
0 124 3313 3437
124 249 3558 3683
249 261 3985 3997
261 457 4537 4733
457 1983 5029 6555
1983 2139 6609 6765
2139 2194 13457 13512
2194 2208 13647 13661
2208 2358 13978 14128
2358 2466 14523 14631
2466 2635 14920 15089
2635 2683 15881 15929
2683 2787 15959 16063
2787 2900 17431 17544
2900 3084 17668 17852
3084 3169 18021 18106
3169 3315 18342 18488
3315 3406 18637 18728
3406 3555 19177 19326
3555 3641 19419 19505
3641 3711 19691 19761
3711 3830 20089 20208
3830 3972 20425 20567

>ENSCHAT00000043973
0 144 12524 12668
144 228 13577 13661
228 378 13978 14128
378 486 14523 14631
486 658 14920 15092
658 762 15959 16063
762 875 17431 17544
875 1059 17668 17852
1059 1144 18021 18106
1144 1290 18342 18488
1290 1381 18637 18728
1381 1530 19177 19326
1530 1616 19419 19505
1616 1686 19691 19761
1686 1805 20089 20208
1805 1947 20425 20567

>ENSCHAT00000044000
0 144 12524 12668
144 228 13577 13661
228 378 13978 14128
378 550 14920 15092
550 695 17399 17544
695 879 17668 17852
879 964 18021 18106
964 1110 18342 18488
1110 1201 18637 18728
1201 1350 19177 19326
1350 1436 19419 19505
1436 1506 19691 19761
1506 1625 20089 20208
1625 1767 20425 20567

>ENSDCDT00000074270
0 106 2104 2210
106 252 2291 2437
252 424 2517 2689
424 2151 3017 4744
2151 2320 5004 5173
2320 2464 5269 5413
2464 2524 5999 6059
2524 2586 6173 6235
2586 2730 6718 6862
2730 2784 7531 7585
2784 2934 7672 7822
2934 3042 7928 8036
3042 3178 8184 8320
3178 3289 8482 8593
3289 3334 8699 8744
3334 3414 8810 8890
3414 3527 9200 9313
3527 3711 9492 9676
3711 3796 9860 9945
3796 3942 10026 10172
3942 4033 10268 10359
4033 4182 10536 10685
4182 4268 10821 10907
4268 4338 10997 11067
4338 4457 11170 11289
4457 4599 11437 11579

>ENSDCDT00000074271
0 106 2104 2210
106 252 2291 2437
252 424 2517 2689
424 2151 3017 4744
2151 2320 5004 5173
2320 2464 5269 5413
2464 2524 5999 6059
2524 2586 6173 6235
2586 2640 7531 7585
2640 2790 7672 7822
2790 2898 7928 8036
2898 3034 8184 8320
3034 3145 8482 8593
3145 3190 8699 8744
3190 3270 8810 8890
3270 3383 9200 9313
3383 3567 9492 9676
3567 3652 9860 9945
3652 3798 10026 10172
3798 3889 10268 10359
3889 4038 10536 10685
4038 4124 10821 10907
4124 4194 10997 11067
4194 4313 11170 11289
4313 4455 11437 11579

>ENSDCDT00000074290
0 20 1849 1869
20 115 2115 2210
115 261 2291 2437
261 459 2517 2715
459 1986 3055 4582
1986 2118 4612 4744
2118 2287 5004 5173
2287 2427 7682 7822
2427 2535 7928 8036
2535 2662 8184 8311
2662 2773 8482 8593
2773 2818 8699 8744
2818 2898 8810 8890
2898 3011 9200 9313
3011 3195 9492 9676
3195 3280 9860 9945
3280 3426 10026 10172
3426 3517 10268 10359
3517 3666 10536 10685
3666 3752 10821 10907
3752 3822 10997 11067
3822 3941 11170 11289
3941 4083 11437 11579

>ENSDCDT00000074294
0 11 2009 2020
11 106 2115 2210
106 252 2291 2437
252 401 2517 2666
401 1948 3021 4568
1948 2067 4625 4744
2067 2236 5004 5173
2236 2421 6677 6862
2421 2433 7573 7585
2433 2641 7672 7880
2641 2785 8191 8335
2785 2866 8663 8744
2866 2946 8810 8890
2946 3059 9200 9313
3059 3243 9492 9676
3243 3328 9860 9945
3328 3474 10026 10172
3474 3565 10268 10359
3565 3714 10536 10685
3714 3800 10821 10907
3800 3870 10997 11067
3870 3989 11170 11289
3989 4131 11437 11579

>ENSDCDT00000074314
0 348 6804 7152
348 593 7672 7917
593 893 9013 9313
893 1077 9492 9676
1077 1162 9860 9945
1162 1308 10026 10172
1308 1399 10268 10359
1399 1548 10536 10685
1548 1634 10821 10907
1634 1704 10997 11067
1704 1823 11170 11289
1823 1965 11437 11579

>ENSDCDT00000074315
0 201 6895 7096
201 351 7672 7822
351 459 7928 8036
459 595 8184 8320
595 706 8482 8593
706 786 8810 8890
786 899 9200 9313
899 1083 9492 9676
1083 1168 9860 9945
1168 1314 10026 10172
1314 1405 10268 10359
1405 1554 10536 10685
1554 1640 10821 10907
1640 1782 11437 11579

>ENSEEET00000034621
0 124 51 175
124 259 370 505
259 448 653 842
448 2014 1054 2620
2014 2157 2662 2805
2157 2317 3292 3452
2317 2475 4941 5099
2475 2532 5668 5725
2532 2682 5830 5980
2682 2790 6118 6226
2790 2907 6301 6418
2907 3052 6683 6828
3052 3097 6976 7021
3097 3177 7117 7197
3177 3290 7311 7424
3290 3474 7543 7727
3474 3559 7902 7987
3559 3705 8125 8271
3705 3796 8472 8563
3796 3945 8765 8914
3945 4031 8998 9084
4031 4101 9173 9243
4101 4220 9341 9460
4220 4365 9600 9745

>ENSEEET00000034623
0 124 51 175
124 259 370 505
259 448 653 842
448 2014 1054 2620
2014 2157 2662 2805
2157 2328 3292 3463
2328 2478 5830 5980
2478 2586 6118 6226
2586 2703 6301 6418
2703 2848 6683 6828
2848 2893 6976 7021
2893 2973 7117 7197
2973 3086 7311 7424
3086 3270 7543 7727
3270 3355 7902 7987
3355 3501 8125 8271
3501 3592 8472 8563
3592 3741 8765 8914
3741 3827 8998 9084
3827 3897 9173 9243
3897 4016 9341 9460
4016 4161 9600 9745

>ENSEEET00000034635
0 17 5389 5406
17 145 5838 5966
145 173 6065 6093
173 267 6132 6226
267 403 6301 6437
403 490 6741 6828
490 624 7063 7197
624 737 7311 7424
737 921 7543 7727
921 1006 7902 7987
1006 1152 8125 8271
1152 1243 8472 8563
1243 1392 8765 8914
1392 1478 8998 9084
1478 1548 9173 9243
1548 1667 9341 9460
1667 1812 9600 9745

>ENSIPUT00000000671
0 124 7233 7357
124 270 7427 7573
270 475 7731 7936
475 2235 8704 10464
2235 2395 10615 10775
2395 2464 11590 11659
2464 2529 11926 11991
2529 2661 12208 12340
2661 2742 13635 13716
2742 2892 14181 14331
2892 3000 14965 15073
3000 3133 15153 15286
3133 3253 16083 16203
3253 3298 16366 16411
3298 3378 16501 16581
3378 3491 16700 16813
3491 3675 16908 17092
3675 3760 17329 17414
3760 3906 17518 17664
3906 3997 17806 17897
3997 4146 18753 18902
4146 4232 20345 20431
4232 4449 41218 41435

>ENSIPUT00000000675
0 124 7233 7357
124 270 7427 7573
270 475 7731 7936
475 2235 8704 10464
2235 2395 10615 10775
2395 2464 11590 11659
2464 2529 11926 11991
2529 2661 12208 12340
2661 2742 13635 13716
2742 2892 14181 14331
2892 3000 14965 15073
3000 3133 15153 15286
3133 3253 16083 16203
3253 3298 16366 16411
3298 3378 16501 16581
3378 3491 16700 16813
3491 3675 16908 17092
3675 3760 17329 17414
3760 3906 17518 17664
3906 3997 17806 17897
3997 4146 18753 18902
4146 4232 20345 20431
4232 4449 41218 41435

>ENSIPUT00000000682
0 124 7233 7357
124 270 7427 7573
270 475 7731 7936
475 2235 8704 10464
2235 2395 10615 10775
2395 2464 11590 11659
2464 2529 11926 11991
2529 2661 12208 12340
2661 2742 13635 13716
2742 2892 14181 14331
2892 3000 14965 15073
3000 3133 15153 15286
3133 3253 16083 16203
3253 3298 16366 16411
3298 3378 16501 16581
3378 3491 16700 16813
3491 3675 16908 17092
3675 3760 17329 17414
3760 3906 17518 17664
3906 3997 17806 17897
3997 4146 18753 18902
4146 4232 20345 20431
4232 4302 20518 20588
4302 4421 20678 20797
4421 4566 20973 21118

>ENSIPUT00000000689
0 124 7233 7357
124 270 7427 7573
270 475 7731 7936
475 2235 8704 10464
2235 2395 10615 10775
2395 2460 11926 11991
2460 2592 12208 12340
2592 2673 13635 13716
2673 2823 14181 14331
2823 2931 14965 15073
2931 3064 15153 15286
3064 3184 16083 16203
3184 3229 16366 16411
3229 3309 16501 16581
3309 3422 16700 16813
3422 3606 16908 17092
3606 3691 17329 17414
3691 3837 17518 17664
3837 3928 17806 17897
3928 4077 18753 18902
4077 4163 20345 20431
4163 4233 20518 20588
4233 4352 20678 20797
4352 4497 20973 21118

>ENSIPUT00000000696
0 124 7233 7357
124 270 7427 7573
270 475 7731 7936
475 2235 8704 10464
2235 2395 10615 10775
2395 2460 11926 11991
2460 2592 12208 12340
2592 2673 13635 13716
2673 2823 14181 14331
2823 2931 14965 15073
2931 3064 15153 15286
3064 3184 16083 16203
3184 3229 16366 16411
3229 3309 16501 16581
3309 3422 16700 16813
3422 3606 16908 17092
3606 3691 17329 17414
3691 3837 17518 17664
3837 3928 17806 17897
3928 4077 18753 18902
4077 4163 20345 20431
4163 4233 20518 20588
4233 4352 20678 20797
4352 4497 20973 21118

>ENSIPUT00000000705
0 124 7233 7357
124 270 7427 7573
270 475 7731 7936
475 2235 8704 10464
2235 2395 10615 10775
2395 2464 11590 11659
2464 2529 11926 11991
2529 2661 12208 12340
2661 2742 13635 13716
2742 2892 14181 14331
2892 3000 14965 15073
3000 3133 15153 15286
3133 3253 16083 16203
3253 3298 16366 16411
3298 3378 16501 16581
3378 3491 16700 16813
3491 3675 16908 17092
3675 3760 17329 17414
3760 3906 17518 17664
3906 3997 17806 17897
3997 4146 18753 18902
4146 4232 20345 20431
4232 4449 41218 41435

>ENSIPUT00000000713
0 124 7233 7357
124 270 7427 7573
270 475 7731 7936
475 2235 8704 10464
2235 2395 10615 10775
2395 2460 11926 11991
2460 2592 12208 12340
2592 2673 13635 13716
2673 2823 14181 14331
2823 2931 14965 15073
2931 3064 15153 15286
3064 3184 16083 16203
3184 3229 16366 16411
3229 3309 16501 16581
3309 3422 16700 16813
3422 3606 16908 17092
3606 3691 17329 17414
3691 3837 17518 17664
3837 3928 17806 17897
3928 4077 18753 18902
4077 4163 20345 20431
4163 4380 41218 41435

>ENSIPUT00000000719
0 124 7233 7357
124 270 7427 7573
270 475 7731 7936
475 2235 8704 10464
2235 2395 10615 10775
2395 2464 11590 11659
2464 2529 11926 11991
2529 2610 13635 13716
2610 2760 14181 14331
2760 2868 14965 15073
2868 3001 15153 15286
3001 3121 16083 16203
3121 3166 16366 16411
3166 3246 16501 16581
3246 3359 16700 16813
3359 3543 16908 17092
3543 3628 17329 17414
3628 3774 17518 17664
3774 3865 17806 17897
3865 4014 18753 18902
4014 4100 20345 20431
4100 4317 41218 41435

>ENSIPUT00000000730
0 124 7233 7357
124 270 7427 7573
270 523 7731 7984
523 2244 8782 10503
2244 2317 11592 11665
2317 2501 12179 12363
2501 2535 13682 13716
2535 2685 14181 14331
2685 2793 14965 15073
2793 2917 15153 15277
2917 3037 16083 16203
3037 3117 16501 16581
3117 3230 16700 16813
3230 3414 16908 17092
3414 3499 17329 17414
3499 3645 17518 17664
3645 3736 17806 17897
3736 3885 18753 18902
3885 3971 20345 20431
3971 4041 20518 20588
4041 4160 20678 20797
4160 4305 20973 21118

