>ENSOGAT00000029304
0 206 0 206
206 321 7258 7373
321 495 7529 7703
495 602 8540 8647
602 711 9353 9462
711 745 10309 10343
745 795 12415 12465

>ENSOGAT00000006944
0 206 0 206
206 321 7258 7373
321 495 7529 7703
495 602 8540 8647
602 740 9353 9491
740 786 12419 12465

>ENSRNOT00000089824
0 242 148 390
242 357 1337 1452
357 531 1608 1782
531 638 2585 2692
638 776 9436 9574
776 837 18421 18482

>ENSJJAT00000013577
0 236 0 236
236 351 7880 7995
351 525 8146 8320
525 632 10796 10903
632 770 11418 11556
770 855 11770 11855

>ENSBTAT00000014687
0 930 0 930

