>ENSPCIT00000012050
0 2512 5571 8083
2512 2638 8607 8733
2638 2718 9266 9346

>ENSPCIT00000012051
0 2512 5571 8083
2512 2638 8607 8733
2638 2691 9266 9319
2691 2697 9639 9645

>ENSVURT00010035113
0 1012 0 1012
1012 1386 1057 1431
1386 1425 1731 1770
1425 1437 1848 1860
1437 2119 2091 2773
2119 2245 3317 3443
2245 2325 3983 4063

>ENSVURT00010035114
0 768 0 768
768 2412 1116 2760
2412 2530 3325 3443
2530 2602 3983 4055
2602 2652 4091 4141

>ENSMODT00000023663
0 2023 2522 4545
2023 2149 4899 5025
2149 2229 5386 5466

