>ENSSFOT00015036899
0 81 94 175
81 148 622 689
148 290 873 1015
290 397 1089 1196
397 576 1942 2121
576 735 2348 2507
735 855 4082 4202
855 933 4496 4574
933 1047 5215 5329
1047 1221 5440 5614
1221 1338 6322 6439
1338 1522 7459 7643
1522 1699 10538 10715
1699 1838 12859 12998
1838 2001 13450 13613

>ENSPKIT00000027543
0 264 0 264
264 528 642 906
528 606 1127 1205
606 737 1671 1802
737 993 2859 3115
993 1174 3484 3665
1174 1351 4969 5146
1351 1490 8059 8198
1490 1662 8565 8737

>ENSPKIT00000027556
0 264 0 264
264 528 642 906
528 611 1127 1210
611 867 2859 3115
867 1048 3484 3665
1048 1220 4969 5141
1220 1248 6326 6354
1248 1364 8082 8198
1364 1536 8565 8737

>ENSIPUT00000024431
0 81 0 81
81 151 499 569
151 254 906 1009
254 349 1124 1219
349 495 1782 1928
495 633 2934 3072
633 753 3283 3403
753 831 3587 3665
831 945 3806 3920
945 1098 4160 4313
1098 1206 4658 4766
1206 1339 5329 5462
1339 1516 6530 6707
1516 1655 9366 9505
1655 1797 10955 11097

>ENSIPUT00000024459
0 81 0 81
81 151 499 569
151 254 906 1009
254 349 1124 1219
349 495 1782 1928
495 633 2934 3072
633 753 3283 3403
753 831 3587 3665
831 945 3806 3920
945 1098 4160 4313
1098 1206 4658 4766
1206 1339 5329 5462
1339 1516 6530 6707
1516 1752 9366 9602

>ENSEEET00000022536
0 237 2914 3151
237 357 3915 4035
357 512 5147 5302
512 784 6260 6532
784 965 8184 8365
965 1095 13080 13210
1095 1233 13980 14118

>ENSEEET00000022540
0 237 2914 3151
237 357 3915 4035
357 529 5147 5319
529 766 6777 7014
766 947 8184 8365
947 1077 13080 13210
1077 1215 13980 14118

>ENSEEET00000022546
0 237 2914 3151
237 319 3915 3997
319 349 4063 4093
349 586 6777 7014
586 745 8202 8361
745 888 13067 13210
888 1026 13980 14118

