>FBtr0080433
0 1557 279 1836
1557 2241 1893 2577

>FBtr0336616
0 1607 28807 30414
1607 2382 30498 31273
2382 3113 31601 32332
3113 3792 32396 33075
3792 5964 34643 36815

>FBtr0310277
0 1607 28807 30414
1607 2382 30498 31273
2382 3125 31589 32332
3125 3525 32396 32796
3525 5697 34643 36815

>FBtr0336617
0 1607 28807 30414
1607 2382 30498 31273
2382 3113 31601 32332
3113 4329 32396 33612
4329 6501 34643 36815

>FBtr0089956
0 1607 28807 30414
1607 2382 30498 31273
2382 3125 31589 32332
3125 4341 32396 33612
4341 6513 34643 36815

