>FBtr0070618
0 64 675 739
64 217 2440 2593
217 327 2661 2771
327 540 2854 3067
540 654 3133 3247
654 807 3792 3945

>FBtr0342739
0 64 675 739
64 217 2440 2593
217 327 2661 2771
327 540 2854 3067
540 654 3133 3247
654 807 3792 3945

>FBtr0070616
0 64 675 739
64 217 2440 2593
217 327 2661 2771
327 540 2854 3067
540 654 3133 3247
654 807 3792 3945

>FBtr0070617
0 64 675 739
64 217 2440 2593
217 327 2661 2771
327 399 2854 2926
399 438 3028 3067
438 552 3133 3247
552 705 3792 3945

>FBtr0076683
0 654 146 800

>F54H5.3.1
0 81 0 81
81 146 130 195
146 407 452 713
407 759 755 1107
759 840 1165 1246

>YER120W_mRNA
0 735 0 735

>YBL091C-A_mRNA
0 34 0 34
34 528 122 616

