>ENSCINT00000010575
0 79 0 79
79 138 426 485
138 227 1028 1117
227 327 1393 1493
327 413 1626 1712
413 440 2137 2164
440 518 3559 3637
518 683 3901 4066
683 738 4249 4304
738 933 4545 4740
933 1095 5011 5173
1095 1175 5338 5418
1175 1362 5676 5863
1362 1549 6080 6267
1549 1667 7542 7660
1667 1773 8450 8556
1773 1882 9240 9349
1882 2069 9468 9655
2069 2190 9936 10057
2190 2385 10417 10612
2385 2502 11195 11312
2502 2655 11511 11664
2655 2836 12019 12200
2836 2961 12332 12457
2961 3096 14291 14426
3096 3258 14817 14979
3258 3378 16039 16159
3378 3537 20226 20385
3537 3697 21559 21719
3697 3721 22469 22493
3721 3828 22883 22990
3828 3906 23027 23105
3906 4008 23375 23477
4008 4089 23679 23760
4089 4117 23831 23859
4117 4146 24306 24335
4146 4218 24377 24449
4218 4434 24734 24950
4434 4616 25598 25780
4616 4787 26071 26242
4787 4945 26873 27031
4945 5076 27696 27827
5076 5165 28445 28534
5165 5264 28766 28865
5264 5400 29628 29764
5400 5500 30819 30919
5500 5688 31154 31342
5688 5789 31730 31831
5789 5970 31988 32169

>ENSCINT00000010578
0 79 0 79
79 138 426 485
138 227 1028 1117
227 327 1393 1493
327 464 1626 1763
464 596 2712 2844
596 722 3940 4066
722 777 4249 4304
777 972 4545 4740
972 1134 5011 5173
1134 1214 5338 5418
1214 1401 5676 5863
1401 1588 6080 6267
1588 1706 7542 7660
1706 1812 8450 8556
1812 1921 9240 9349
1921 2108 9468 9655
2108 2229 9936 10057
2229 2424 10417 10612
2424 2541 11195 11312
2541 2694 11511 11664
2694 2875 12019 12200
2875 3000 12332 12457
3000 3135 14291 14426
3135 3297 14817 14979
3297 3417 16039 16159
3417 3576 20226 20385
3576 3758 21559 21741
3758 3864 22884 22990
3864 3891 23057 23084
3891 3993 23375 23477
3993 4074 23679 23760
4074 4102 23876 23904
4102 4131 24306 24335
4131 4203 24377 24449
4203 4419 24734 24950
4419 4601 25598 25780
4601 4772 26071 26242
4772 4930 26873 27031
4930 5061 27696 27827
5061 5150 28445 28534
5150 5249 28766 28865
5249 5385 29628 29764
5385 5485 30819 30919
5485 5673 31154 31342
5673 5774 31730 31831
5774 5955 31988 32169

>ENSCSAVT00000011116
0 79 0 79
79 138 526 585
138 227 1271 1360
227 327 1786 1886
327 467 2394 2534
467 613 4224 4370
613 707 5496 5590
707 762 6528 6583
762 957 9849 10044
957 1119 10929 11091
1119 1199 12303 12383
1199 1386 13247 13434
1386 1573 13743 13930
1573 1691 16048 16166
1691 1797 17227 17333
1797 1906 18904 19013
1906 2087 20524 20705
2087 2208 21008 21129
2208 2403 22024 22219
2403 2520 23506 23623
2520 2673 24746 24899
2673 2854 25411 25592
2854 2979 26242 26367
2979 3114 30733 30868
3114 3276 31902 32064
3276 3396 33397 33517
3396 3555 41603 41762
3555 3715 43051 43211
3715 3858 43818 43961
3858 3960 47619 47721
3960 4078 48869 48987
4078 4209 50735 50866
4209 4425 51399 51615
4425 4607 51767 51949
4607 4778 52451 52622
4778 4936 53508 53666
4936 5079 54319 54462
5079 5168 55352 55441
5168 5267 55792 55891
5267 5403 56941 57077
5403 5503 57814 57914
5503 5706 59214 59417
5706 5807 60275 60376
5807 5988 60782 60963

>ENSCSAVT00000011117
0 79 0 79
79 138 526 585
138 227 1271 1360
227 327 1786 1886
327 440 2394 2507
440 562 3776 3898
562 677 5475 5590
677 732 6528 6583
732 927 9849 10044
927 1089 10929 11091
1089 1169 12303 12383
1169 1356 13247 13434
1356 1543 13743 13930
1543 1661 16048 16166
1661 1767 17227 17333
1767 1876 18904 19013
1876 2057 20524 20705
2057 2178 21008 21129
2178 2373 22024 22219
2373 2490 23506 23623
2490 2643 24746 24899
2643 2824 25411 25592
2824 2949 26242 26367
2949 3084 30733 30868
3084 3246 31902 32064
3246 3366 33397 33517
3366 3525 41603 41762
3525 3716 43051 43242
3716 3775 44814 44873
3775 3864 45379 45468
3864 3966 47619 47721
3966 4084 48869 48987
4084 4170 50780 50866
4170 4386 51399 51615
4386 4568 51767 51949
4568 4739 52451 52622
4739 4897 53508 53666
4897 5040 54319 54462
5040 5129 55352 55441
5129 5228 55792 55891
5228 5364 56941 57077
5364 5464 57814 57914
5464 5667 59214 59417
5667 5768 60275 60376
5768 5949 60782 60963

>ENSCSAVT00000011118
0 79 0 79
79 138 526 585
138 227 1271 1360
227 327 1786 1886
327 437 2394 2504
437 577 3776 3916
577 692 5475 5590
692 747 6528 6583
747 942 9849 10044
942 1104 10929 11091
1104 1184 12303 12383
1184 1371 13247 13434
1371 1558 13743 13930
1558 1676 16048 16166
1676 1782 17227 17333
1782 1891 18904 19013
1891 2072 20524 20705
2072 2193 21008 21129
2193 2388 22024 22219
2388 2505 23506 23623
2505 2658 24746 24899
2658 2839 25411 25592
2839 2964 26242 26367
2964 3099 30733 30868
3099 3261 31902 32064
3261 3381 33397 33517
3381 3540 41603 41762
3540 3700 43051 43211
3700 3748 45259 45307
3748 3858 46643 46753
3858 3960 47619 47721
3960 4029 48869 48938
4029 4093 50534 50598
4093 4170 50789 50866
4170 4386 51399 51615
4386 4568 51767 51949
4568 4739 52451 52622
4739 4897 53508 53666
4897 5040 54319 54462
5040 5129 55352 55441
5129 5228 55792 55891
5228 5364 56941 57077
5364 5464 57814 57914
5464 5667 59214 59417
5667 5768 60275 60376
5768 5949 60782 60963

>ENSCSAVT00000011121
0 168 22051 22219
168 285 23506 23623
285 438 24746 24899
438 619 25411 25592
619 744 26242 26367
744 879 30733 30868
879 1041 31902 32064
1041 1161 33397 33517
1161 1320 41603 41762
1320 1511 43051 43242
1511 1602 45377 45468
1602 1704 47619 47721
1704 1822 48869 48987
1822 1908 50780 50866
1908 2124 51399 51615
2124 2306 51767 51949
2306 2477 52451 52622
2477 2635 53508 53666
2635 2778 54319 54462
2778 2867 55352 55441
2867 2966 55792 55891
2966 3102 56941 57077
3102 3202 57814 57914
3202 3405 59214 59417
3405 3506 60275 60376
3506 3687 60782 60963

>FBtr0273291
0 937 4013 4950
937 1074 5011 5148
1074 1256 5425 5607
1256 1377 5732 5853
1377 1668 5963 6254
1668 1769 6312 6413
1769 1944 6477 6652

>FBtr0273286
0 217 1433 1650
217 666 1699 2148
666 1925 2200 3459
1925 2097 3512 3684
2097 3310 3737 4950
3310 3447 5011 5148
3447 3629 5425 5607
3629 3750 5732 5853
3750 4041 5963 6254
4041 4142 6312 6413
4142 4194 6529 6581

>FBtr0273288
0 396 1752 2148
396 1655 2200 3459
1655 1917 3512 3774

>FBtr0273289
0 180 614 794
180 539 866 1225
539 663 1283 1407
663 841 1472 1650
841 1290 1699 2148
1290 2549 2200 3459
2549 2721 3512 3684
2721 3934 3737 4950
3934 4071 5011 5148
4071 4253 5425 5607
4253 4374 5732 5853
4374 4665 5963 6254
4665 4766 6312 6413
4766 4941 6477 6652

>FBtr0273287
0 66 1584 1650
66 402 1812 2148
402 1661 2200 3459
1661 1833 3512 3684
1833 3046 3737 4950
3046 3183 5011 5148
3183 3365 5425 5607
3365 3486 5732 5853
3486 3777 5963 6254
3777 3878 6312 6413
3878 4053 6477 6652

>FBtr0273290
0 217 1433 1650
217 666 1699 2148
666 1925 2200 3459
1925 2097 3512 3684
2097 3310 3737 4950
3310 3447 5011 5148
3447 3629 5425 5607
3629 3750 5732 5853
3750 4041 5963 6254
4041 4142 6312 6413
4142 4317 6477 6652

>FBtr0273285
0 920 2539 3459
920 1092 3512 3684
1092 2305 3737 4950
2305 2442 5011 5148
2442 2624 5425 5607
2624 2745 5732 5853
2745 3036 5963 6254
3036 3135 6312 6411

