>ENSPSIT00000002546
0 88 51 139
88 109 37566 37587
109 169 37768 37828
169 255 85030 85116
255 720 88739 89204
720 813 91077 91170

>ENSPSIT00000019915
0 306 302 608
306 527 812 1033
527 768 6014 6255

>ENSSCAT00000008446
0 306 0 306
306 514 1277 1485
514 756 3181 3423
756 934 4520 4698
934 1149 4746 4961

>ENSDCDT00000022313
0 118 715 833
118 136 1481 1499
136 219 1601 1684
219 324 2746 2851
324 463 4069 4208
463 544 11068 11149
544 630 11548 11634
630 1095 12349 12814
1095 1184 13939 14028
1184 1287 14157 14260
1287 1419 14989 15121
1419 1539 15235 15355
1539 1758 15975 16194
1758 2094 16301 16637
2094 2315 16710 16931
2315 2518 17611 17814
2518 2604 17923 18009
2604 2738 18149 18283
2738 2856 18532 18650
2856 2977 18786 18907
2977 2991 20457 20471

>ENSDCDT00000022315
0 118 715 833
118 136 1481 1499
136 219 1601 1684
219 324 2746 2851
324 463 4069 4208
463 544 11068 11149
544 630 11548 11634
630 657 12349 12376
657 1020 12451 12814
1020 1109 13939 14028
1109 1212 14157 14260
1212 1344 14989 15121
1344 1464 15235 15355
1464 1683 15975 16194
1683 2019 16301 16637
2019 2240 16710 16931
2240 2443 17611 17814
2443 2529 17923 18009
2529 2663 18149 18283
2663 2781 18532 18650
2781 2902 18786 18907
2902 2916 20457 20471

>ENSDCDT00000022321
0 118 715 833
118 136 1481 1499
136 219 1601 1684
219 324 2746 2851
324 463 4069 4208
463 544 11068 11149
544 630 11548 11634
630 1095 12349 12814
1095 1184 13939 14028
1184 1287 14157 14260
1287 1419 14989 15121
1419 1539 15235 15355
1539 1758 15975 16194
1758 2094 16301 16637
2094 2315 16710 16931
2315 2518 17611 17814
2518 2604 17923 18009
2604 2738 18149 18283
2738 2856 18532 18650
2856 2972 18786 18902
2972 3036 19770 19834

>ENSDCDT00000022323
0 118 715 833
118 136 1481 1499
136 219 1601 1684
219 324 2746 2851
324 463 4069 4208
463 544 11068 11149
544 630 11548 11634
630 1095 12349 12814
1095 1184 13939 14028
1184 1287 14157 14260
1287 1419 14989 15121
1419 1539 15235 15355
1539 1758 15975 16194
1758 2094 16301 16637
2094 2315 16710 16931
2315 2518 17611 17814
2518 2616 17923 18021
2616 2735 18164 18283
2735 2853 18532 18650
2853 3004 18786 18937
3004 3057 19549 19602

>ENSDCDT00000022324
0 118 715 833
118 136 1481 1499
136 219 1601 1684
219 324 2746 2851
324 463 4069 4208
463 544 11068 11149
544 630 11548 11634
630 1095 12349 12814
1095 1184 13939 14028
1184 1287 14157 14260
1287 1419 14989 15121
1419 1539 15235 15355
1539 1758 15975 16194
1758 2094 16301 16637
2094 2315 16710 16931
2315 2518 17611 17814
2518 2604 17923 18009
2604 2738 18149 18283
2738 2856 18532 18650
2856 2984 18786 18914
2984 3018 19313 19347

>ENSDCDT00000022331
0 118 715 833
118 136 1481 1499
136 219 1601 1684
219 324 2746 2851
324 463 4069 4208
463 544 11068 11149
544 630 11548 11634
630 1095 12349 12814
1095 1184 13939 14028
1184 1216 14067 14099
1216 1299 14177 14260
1299 1431 14989 15121
1431 1551 15235 15355
1551 1770 15975 16194
1770 2106 16301 16637
2106 2327 16710 16931
2327 2530 17611 17814
2530 2616 17923 18009
2616 2750 18149 18283
2750 2868 18532 18650
2868 3141 18786 19059

>ENSDCDT00000022334
0 118 715 833
118 136 1481 1499
136 219 1601 1684
219 324 2746 2851
324 463 4069 4208
463 544 11068 11149
544 630 11548 11634
630 1095 12349 12814
1095 1182 13939 14026
1182 1203 14108 14129
1203 1281 14182 14260
1281 1413 14989 15121
1413 1533 15235 15355
1533 1752 15975 16194
1752 2088 16301 16637
2088 2309 16710 16931
2309 2512 17611 17814
2512 2598 17923 18009
2598 2732 18149 18283
2732 2850 18532 18650
2850 3123 18786 19059

>ENSDCDT00000022337
0 118 715 833
118 136 1481 1499
136 240 1601 1705
240 379 4069 4208
379 460 11068 11149
460 546 11548 11634
546 1011 12349 12814
1011 1100 13939 14028
1100 1203 14157 14260
1203 1335 14989 15121
1335 1455 15235 15355
1455 1674 15975 16194
1674 2010 16301 16637
2010 2231 16710 16931
2231 2434 17611 17814
2434 2520 17923 18009
2520 2654 18149 18283
2654 2772 18532 18650
2772 3045 18786 19059

>ENSDCDT00000022339
0 118 715 833
118 136 1481 1499
136 219 1601 1684
219 324 2746 2851
324 450 4069 4195
450 531 11553 11634
531 996 12349 12814
996 1085 13939 14028
1085 1188 14157 14260
1188 1320 14989 15121
1320 1440 15235 15355
1440 1659 15975 16194
1659 1995 16301 16637
1995 2216 16710 16931
2216 2419 17611 17814
2419 2505 17923 18009
2505 2639 18149 18283
2639 2757 18532 18650
2757 3030 18786 19059

>ENSCHAT00000058187
0 118 978 1096
118 136 1824 1842
136 219 1931 2014
219 324 3772 3877
324 471 5911 6058
471 529 14429 14487
529 615 19464 19550
615 913 20887 21185
913 1080 21778 21945
1080 1169 24153 24242
1169 1272 24365 24468
1272 1404 24639 24771
1404 1524 25010 25130
1524 1743 25854 26073
1743 2079 26377 26713
2079 2300 27241 27462
2300 2503 27704 27907
2503 2589 28236 28322
2589 2723 28616 28750
2723 2841 29112 29230
2841 2962 29403 29524
2962 3030 30497 30565

>ENSCHAT00000058198
0 118 978 1096
118 136 1824 1842
136 219 1931 2014
219 324 3772 3877
324 471 5911 6058
471 529 14429 14487
529 615 19464 19550
615 913 20887 21185
913 1080 21778 21945
1080 1169 24153 24242
1169 1272 24365 24468
1272 1404 24639 24771
1404 1524 25010 25130
1524 1743 25854 26073
1743 2079 26377 26713
2079 2300 27241 27462
2300 2503 27704 27907
2503 2589 28236 28322
2589 2723 28616 28750
2723 2841 29112 29230
2841 2979 29403 29541
2979 3060 30363 30444

>ENSCHAT00000058315
0 118 978 1096
118 136 1824 1842
136 219 1931 2014
219 324 3772 3877
324 468 5911 6055
468 532 12787 12851
532 618 19464 19550
618 916 20887 21185
916 1083 21778 21945
1083 1172 24153 24242
1172 1275 24365 24468
1275 1407 24639 24771
1407 1527 25010 25130
1527 1746 25854 26073
1746 2082 26377 26713
2082 2303 27241 27462
2303 2506 27704 27907
2506 2592 28236 28322
2592 2726 28616 28750
2726 2844 29112 29230
2844 3120 29403 29679

>ENSCHAT00000058318
0 118 978 1096
118 136 1824 1842
136 219 1931 2014
219 324 3772 3877
324 471 5911 6058
471 529 14429 14487
529 615 19464 19550
615 913 20887 21185
913 1080 21778 21945
1080 1169 24153 24242
1169 1272 24365 24468
1272 1404 24639 24771
1404 1524 25010 25130
1524 1743 25854 26073
1743 2079 26377 26713
2079 2300 27241 27462
2300 2503 27704 27907
2503 2589 28236 28322
2589 2723 28616 28750
2723 2841 29112 29230
2841 3117 29403 29679

>ENSCHAT00000058330
0 118 978 1096
118 136 1824 1842
136 219 1931 2014
219 324 3772 3877
324 471 5911 6058
471 523 15206 15258
523 609 19464 19550
609 907 20887 21185
907 1074 21778 21945
1074 1163 24153 24242
1163 1266 24365 24468
1266 1398 24639 24771
1398 1518 25010 25130
1518 1737 25854 26073
1737 2073 26377 26713
2073 2294 27241 27462
2294 2497 27704 27907
2497 2583 28236 28322
2583 2717 28616 28750
2717 2835 29112 29230
2835 3111 29403 29679

>ENSCHAT00000058404
0 118 978 1096
118 136 1824 1842
136 219 1931 2014
219 324 3772 3877
324 471 5911 6058
471 529 14429 14487
529 615 19464 19550
615 913 20887 21185
913 1080 21778 21945
1080 1169 24153 24242
1169 1243 24365 24439
1243 1260 24571 24588
1260 1374 24657 24771
1374 1494 25010 25130
1494 1713 25854 26073
1713 2049 26377 26713
2049 2270 27241 27462
2270 2473 27704 27907
2473 2559 28236 28322
2559 2693 28616 28750
2693 2811 29112 29230
2811 3087 29403 29679

>ENSCHAT00000058410
0 118 978 1096
118 136 1824 1842
136 219 1931 2014
219 324 3772 3877
324 471 5911 6058
471 501 10900 10930
501 582 19469 19550
582 880 20887 21185
880 1047 21778 21945
1047 1136 24153 24242
1136 1239 24365 24468
1239 1371 24639 24771
1371 1491 25010 25130
1491 1710 25854 26073
1710 2046 26377 26713
2046 2267 27241 27462
2267 2470 27704 27907
2470 2556 28236 28322
2556 2690 28616 28750
2690 2808 29112 29230
2808 3084 29403 29679

>ENSCHAT00000058421
0 118 978 1096
118 136 1824 1842
136 219 1931 2014
219 324 3772 3877
324 471 5911 6058
471 529 14429 14487
529 615 19464 19550
615 913 20887 21185
913 1080 21778 21945
1080 1169 24153 24242
1169 1188 24275 24294
1188 1237 24390 24439
1237 1254 24571 24588
1254 1368 24657 24771
1368 1488 25010 25130
1488 1707 25854 26073
1707 2043 26377 26713
2043 2264 27241 27462
2264 2467 27704 27907
2467 2553 28236 28322
2553 2687 28616 28750
2687 2805 29112 29230
2805 3081 29403 29679

>ENSCHAT00000058433
0 118 978 1096
118 136 1824 1842
136 219 1931 2014
219 324 3772 3877
324 459 5911 6046
459 474 16260 16275
474 490 16323 16339
490 576 19464 19550
576 874 20887 21185
874 1041 21778 21945
1041 1130 24153 24242
1130 1233 24365 24468
1233 1365 24639 24771
1365 1485 25010 25130
1485 1704 25854 26073
1704 2040 26377 26713
2040 2261 27241 27462
2261 2464 27704 27907
2464 2550 28236 28322
2550 2684 28616 28750
2684 2802 29112 29230
2802 3078 29403 29679

>ENSCHAT00000058444
0 118 978 1096
118 136 1824 1842
136 219 1931 2014
219 324 3772 3877
324 471 5911 6058
471 552 19469 19550
552 850 20887 21185
850 1017 21778 21945
1017 1106 24153 24242
1106 1209 24365 24468
1209 1341 24639 24771
1341 1461 25010 25130
1461 1680 25854 26073
1680 2016 26377 26713
2016 2237 27241 27462
2237 2440 27704 27907
2440 2526 28236 28322
2526 2660 28616 28750
2660 2778 29112 29230
2778 3054 29403 29679

>ENSPNAT00000026230
0 118 561 679
118 136 2211 2229
136 219 2317 2400
219 324 6183 6288
324 463 6681 6820
463 544 16672 16753
544 630 18642 18728
630 1095 18981 19446
1095 1184 22014 22103
1184 1287 22787 22890
1287 1419 23069 23201
1419 1539 23324 23444
1539 1758 24235 24454
1758 2094 24834 25170
2094 2315 25603 25824
2315 2518 26409 26612
2518 2604 27009 27095
2604 2738 27323 27457
2738 2856 29986 30104
2856 2977 31587 31708
2977 2991 35892 35906

>ENSPNAT00000038525
0 118 561 679
118 201 2317 2400
201 306 6183 6288
306 445 6681 6820
445 526 16672 16753
526 612 18642 18728
612 1077 18981 19446
1077 1166 22014 22103
1166 1269 22787 22890
1269 1401 23069 23201
1401 1521 23324 23444
1521 1740 24235 24454
1740 2076 24834 25170
2076 2297 25603 25824
2297 2500 26409 26612
2500 2586 27009 27095
2586 2720 27323 27457
2720 2838 29986 30104
2838 3114 31587 31863

