>ENSSDUT00000013418
0 62 0 62
62 270 576 784

>ENSCSET00000002774
0 62 0 62
62 276 541 755

>ENSXCOT00000009634
0 62 0 62
62 237 517 692

>ENSOMET00000000474
0 62 221 283
62 243 1164 1345

>ENSSFOT00015000606
0 62 0 62
62 228 908 1074

>ENSTSYT00000033641
0 62 8110 8172
62 162 8413 8513
162 171 10806 10815

>ENSTSYT00000012402
0 62 8110 8172
62 162 8413 8513
162 171 14296 14305

>ENSTSYT00000036938
0 62 8110 8172
62 279 8413 8630

>ENSANAT00000030840
0 53 0 53
53 153 10636 10736
153 162 12669 12678

>ENSANAT00000030844
0 62 10333 10395
62 309 10636 10883

>ENSPCIT00000052497
0 62 612 674
62 318 926 1182

>ENSSMRT00000011695
0 62 92 154
62 714 437 1089

>ENSSMRT00000011702
0 62 0 62
62 522 345 805

>ENSBTAT00000077396
0 62 183 245
62 162 480 580
162 171 1903 1912

>ENSBTAT00000087077
0 62 183 245
62 162 480 580
162 201 676 715

>ENSBTAT00000069821
0 62 183 245
62 297 480 715

