>ENSEEET00000029948
0 221 1229 1450
221 303 10262 10344
303 435 12581 12713
435 801 17526 17892

>ENSIPUT00000009293
0 221 10443 10664
221 303 18627 18709
303 435 23100 23232
435 789 45333 45687

>ENSIPUT00000009305
0 221 10443 10664
221 303 18627 18709
303 435 23100 23232
435 789 45333 45687

>ENSIPUT00000009317
0 221 10443 10664
221 303 18627 18709
303 435 23100 23232
435 789 45333 45687

>ENSAMXT00000046089
0 221 14917 15138
221 303 31113 31195
303 435 52365 52497
435 807 82562 82934

>ENSAMXT00000044370
0 221 14917 15138
221 303 31113 31195
303 435 52365 52497
435 807 82562 82934

