>ENSLACT00000026418
0 16 466 482
16 205 9315 9504
205 283 14834 14912
283 465 16538 16720

>ENSXETT00000007845
0 3 3208 3211
3 57 8938 8992
57 84 10735 10762
84 141 10850 10907
141 195 12042 12096
195 249 13243 13297
249 303 14327 14381
303 357 16920 16974
357 411 17221 17275
411 465 17446 17500
465 519 18916 18970
519 573 19769 19823
573 618 21366 21411
618 672 22445 22499
672 726 22661 22715
726 780 27561 27615
780 852 28703 28775
852 888 32701 32737
888 933 33371 33416
933 966 36300 36333
966 1113 37804 37951
1113 1168 38035 38090
1168 1357 38864 39053
1357 1435 40409 40487
1435 1632 41672 41869

>ENSSFOT00015018893
0 30 429 459
30 84 742 796
84 138 2287 2341
138 192 2833 2887
192 246 3118 3172
246 300 3465 3519
300 345 3937 3982
345 399 4254 4308
399 453 4390 4444
453 507 5203 5257
507 579 7881 7953
579 615 8335 8371
615 660 8555 8600
660 693 8745 8778
693 840 9464 9611
840 895 10127 10182
895 1084 11749 11938
1084 1162 12300 12378
1162 1368 14394 14600

>ENSPKIT00000005878
0 19 0 19
19 208 1964 2153
208 286 2417 2495
286 486 3131 3331

