>FBtr0077413
0 15 383 398
15 314 466 765
314 989 842 1517
989 1491 1755 2257

>FBtr0077412
0 15 383 398
15 314 466 765
314 989 842 1517
989 1491 1755 2257

>F37C12.2.1
0 69 336 405
69 224 595 750
224 464 795 1035
464 608 1085 1229
608 798 1458 1648
798 948 1697 1847

>F37C12.2.2
0 69 336 405
69 224 595 750
224 464 795 1035
464 608 1085 1229
608 798 1458 1648
798 948 1697 1847

>F37C12.2.3
0 69 336 405
69 224 595 750
224 464 795 1035
464 608 1085 1229
608 798 1458 1648
798 948 1697 1847

>F37C12.2.4
0 69 336 405
69 224 595 750
224 464 795 1035
464 608 1085 1229
608 798 1458 1648
798 948 1697 1847

