>ENSNMET00000011636
0 85 28 113
85 148 1736 1799
148 266 1882 2000
266 390 3642 3766
390 666 3846 4122
666 747 4202 4283
747 879 4447 4579
879 927 4927 4975
927 954 5391 5418
954 990 5672 5708
990 1017 5828 5855
1017 1080 5993 6056
1080 1122 6156 6198
1122 1167 6275 6320
1167 1203 6424 6460
1203 1266 6738 6801
1266 1311 6890 6935
1311 1407 7005 7101
1407 1446 7208 7247
1446 1491 7599 7644
1491 1527 7898 7934
1527 1644 8046 8163
1644 1680 8252 8288
1680 1716 8359 8395
1716 1806 8506 8596
1806 1851 8706 8751
1851 1887 8855 8891
1887 1941 8961 9015
1941 2058 9140 9257
2058 2094 9337 9373
2094 2202 9479 9587
2202 2325 9675 9798
2325 2379 9863 9917
2379 2421 9984 10026
2421 2457 10108 10144
2457 2511 10345 10399
2511 2580 10554 10623
2580 2634 10708 10762
2634 2661 10835 10862
2661 2727 10941 11007
2727 2781 11086 11140
2781 2835 11226 11280
2835 2889 11375 11429
2889 2934 11533 11578
2934 3051 11661 11778
3051 3087 12092 12128
3087 3168 12244 12325
3168 3213 12401 12446
3213 3258 12706 12751
3258 3312 13863 13917
3312 3366 14135 14189
3366 3420 14569 14623
3420 3465 14742 14787
3465 3519 14859 14913
3519 3555 15073 15109
3555 3618 15334 15397
3618 3690 15464 15536
3690 3744 15639 15693
3744 3789 15783 15828
3789 3834 15931 15976
3834 3888 16093 16147
3888 3942 16230 16284
3942 3993 16398 16449
3993 4083 16565 16655
4083 4119 16745 16781
4119 4164 16854 16899
4164 4353 16989 17178
4353 4420 17267 17334
4420 4597 17400 17577
4597 4675 17719 17797
4675 4878 17880 18083

>ENSNMET00000011644
0 85 28 113
85 148 1736 1799
148 266 1882 2000
266 390 3642 3766
390 666 3846 4122
666 747 4202 4283
747 879 4447 4579
879 927 4927 4975
927 954 5391 5418
954 990 5672 5708
990 1017 5828 5855
1017 1080 5993 6056
1080 1122 6156 6198
1122 1167 6275 6320
1167 1203 6424 6460
1203 1266 6738 6801
1266 1311 6890 6935
1311 1407 7005 7101
1407 1446 7208 7247
1446 1491 7599 7644
1491 1527 7898 7934
1527 1644 8046 8163
1644 1680 8252 8288
1680 1716 8359 8395
1716 1806 8506 8596
1806 1851 8706 8751
1851 1887 8855 8891
1887 1941 8961 9015
1941 2058 9140 9257
2058 2094 9337 9373
2094 2202 9479 9587
2202 2325 9675 9798
2325 2379 9863 9917
2379 2421 9984 10026
2421 2457 10108 10144
2457 2511 10345 10399
2511 2580 10554 10623
2580 2634 10708 10762
2634 2661 10835 10862
2661 2727 10941 11007
2727 2781 11086 11140
2781 2835 11226 11280
2835 2889 11375 11429
2889 2934 11533 11578
2934 3051 11661 11778
3051 3132 12244 12325
3132 3177 12401 12446
3177 3222 12706 12751
3222 3276 13863 13917
3276 3330 14135 14189
3330 3384 14569 14623
3384 3429 14742 14787
3429 3483 14859 14913
3483 3519 15073 15109
3519 3582 15334 15397
3582 3654 15464 15536
3654 3708 15639 15693
3708 3753 15783 15828
3753 3798 15931 15976
3798 3852 16093 16147
3852 3906 16230 16284
3906 3957 16398 16449
3957 4047 16565 16655
4047 4083 16745 16781
4083 4128 16854 16899
4128 4317 16989 17178
4317 4384 17267 17334
4384 4561 17400 17577
4561 4639 17719 17797
4639 4842 17880 18083

>ENSGALT00000095005
0 84 0 84
84 147 369 432
147 192 521 566
192 288 637 733
288 327 840 879
327 372 1251 1296
372 408 1548 1584
408 525 1683 1800
525 561 1889 1925
561 597 1996 2032
597 687 2141 2231
687 732 2323 2368
732 768 2460 2496
768 822 2566 2620
822 939 2745 2862
939 975 2942 2978
975 1083 3084 3192
1083 1206 3279 3402
1206 1260 3467 3521
1260 1302 3589 3631
1302 1338 3818 3854
1338 1392 4053 4107
1392 1461 4259 4328
1461 1515 4410 4464
1515 1542 4538 4565
1542 1608 4644 4710
1608 1801 4788 4981
1801 1855 5081 5135
1855 1878 5238 5261

>ENSGALT00000095446
0 42 8975 9017
42 96 9120 9174
96 141 9268 9313
141 186 9420 9465
186 240 9582 9636
240 294 9720 9774
294 345 9888 9939
345 435 10052 10142
435 471 10221 10257
471 516 10330 10375
516 705 10467 10656
705 772 10744 10811
772 949 10878 11055
949 1027 11131 11209
1027 1230 11290 11493

>ENSGALT00000045237
0 274 6162 6436
274 328 7511 7565
328 346 9756 9774
346 600 9888 10142
600 636 10221 10257
636 681 10330 10375
681 870 10467 10656
870 937 10744 10811
937 1114 10878 11055
1114 1192 11131 11209
1192 1395 11290 11493

>ENSGALT00000105255
0 476 0 476
476 589 1436 1549
589 652 3140 3203
652 770 3283 3401
770 894 4994 5118
894 1170 5198 5474
1170 1251 5554 5635
1251 1383 5809 5941
1383 1431 6301 6349
1431 1458 6763 6790
1458 1494 7044 7080
1494 1521 7175 7202
1521 1584 7340 7403
1584 1761 7494 7671

